"loglikelihood"	"logprio"	"logposterior"
-15.7061298140119	-4.60517018598809	-20.3113
-15.4047298140119	-4.60517018598809	-20.0099
-10.9821298140119	-4.60517018598809	-15.5873
-11.6247298140119	-4.60517018598809	-16.2299
-11.2890298140119	-4.60517018598809	-15.8942
-11.4860298140119	-4.60517018598809	-16.0912
-11.6612298140119	-4.60517018598809	-16.2664
-12.2316298140119	-4.60517018598809	-16.8368
-11.7934298140119	-4.60517018598809	-16.3986
-12.9909298140119	-4.60517018598809	-17.5961
-11.0572298140119	-4.60517018598809	-15.6624
-11.2677298140119	-4.60517018598809	-15.8729
-11.6926298140119	-4.60517018598809	-16.2978
-11.4833298140119	-4.60517018598809	-16.0885
-10.7119298140119	-4.60517018598809	-15.3171
-12.8165298140119	-4.60517018598809	-17.4217
-11.6167298140119	-4.60517018598809	-16.2219
-20.4968298140119	-4.60517018598809	-25.102
-16.5148298140119	-4.60517018598809	-21.12
-14.8534298140119	-4.60517018598809	-19.4586
-11.3497298140119	-4.60517018598809	-15.9549
-13.9198298140119	-4.60517018598809	-18.525
-11.0417298140119	-4.60517018598809	-15.6469
-11.1882298140119	-4.60517018598809	-15.7934
-11.5267298140119	-4.60517018598809	-16.1319
-12.2176298140119	-4.60517018598809	-16.8228
-13.7379298140119	-4.60517018598809	-18.3431
-13.1371298140119	-4.60517018598809	-17.7423
-10.9608298140119	-4.60517018598809	-15.566
-11.4971298140119	-4.60517018598809	-16.1023
-11.3135298140119	-4.60517018598809	-15.9187
-11.9948298140119	-4.60517018598809	-16.6
-10.9296298140119	-4.60517018598809	-15.5348
-11.7089298140119	-4.60517018598809	-16.3141
-12.7243298140119	-4.60517018598809	-17.3295
-13.9353298140119	-4.60517018598809	-18.5405
-12.6803298140119	-4.60517018598809	-17.2855
-14.7932298140119	-4.60517018598809	-19.3984
-12.7034298140119	-4.60517018598809	-17.3086
-13.0989298140119	-4.60517018598809	-17.7041
-11.9091298140119	-4.60517018598809	-16.5143
-11.6133298140119	-4.60517018598809	-16.2185
-10.7241298140119	-4.60517018598809	-15.3293
-15.7205298140119	-4.60517018598809	-20.3257
-17.5382298140119	-4.60517018598809	-22.1434
-15.9017298140119	-4.60517018598809	-20.5069
-17.6170298140119	-4.60517018598809	-22.2222
-20.7198298140119	-4.60517018598809	-25.325
-15.4148298140119	-4.60517018598809	-20.02
-11.2539298140119	-4.60517018598809	-15.8591
-13.3310298140119	-4.60517018598809	-17.9362
-12.1842298140119	-4.60517018598809	-16.7894
-11.0823298140119	-4.60517018598809	-15.6875
-11.0795298140119	-4.60517018598809	-15.6847
-10.9597298140119	-4.60517018598809	-15.5649
-10.9259298140119	-4.60517018598809	-15.5311
-11.6523298140119	-4.60517018598809	-16.2575
-15.2993298140119	-4.60517018598809	-19.9045
-15.3939298140119	-4.60517018598809	-19.9991
-15.0840298140119	-4.60517018598809	-19.6892
-11.3149298140119	-4.60517018598809	-15.9201
-14.1083298140119	-4.60517018598809	-18.7135
-10.7193298140119	-4.60517018598809	-15.3245
-10.7125298140119	-4.60517018598809	-15.3177
-12.0752298140119	-4.60517018598809	-16.6804
-11.2797298140119	-4.60517018598809	-15.8849
-11.4350298140119	-4.60517018598809	-16.0402
-12.5785298140119	-4.60517018598809	-17.1837
-12.0819298140119	-4.60517018598809	-16.6871
-10.9712298140119	-4.60517018598809	-15.5764
-13.9640298140119	-4.60517018598809	-18.5692
-11.0331298140119	-4.60517018598809	-15.6383
-11.5478298140119	-4.60517018598809	-16.153
-10.7773298140119	-4.60517018598809	-15.3825
-11.4869298140119	-4.60517018598809	-16.0921
-12.1229298140119	-4.60517018598809	-16.7281
-11.9149298140119	-4.60517018598809	-16.5201
-11.0491298140119	-4.60517018598809	-15.6543
-11.2066298140119	-4.60517018598809	-15.8118
-13.6965298140119	-4.60517018598809	-18.3017
-11.2359298140119	-4.60517018598809	-15.8411
-10.7374298140119	-4.60517018598809	-15.3426
-11.9475298140119	-4.60517018598809	-16.5527
-13.9214298140119	-4.60517018598809	-18.5266
-13.0339298140119	-4.60517018598809	-17.6391
-13.1549298140119	-4.60517018598809	-17.7601
-10.6841298140119	-4.60517018598809	-15.2893
-10.6716298140119	-4.60517018598809	-15.2768
-11.8965298140119	-4.60517018598809	-16.5017
-11.8547298140119	-4.60517018598809	-16.4599
-11.9095298140119	-4.60517018598809	-16.5147
-12.8231298140119	-4.60517018598809	-17.4283
-14.5302298140119	-4.60517018598809	-19.1354
-16.9907298140119	-4.60517018598809	-21.5959
-13.3255298140119	-4.60517018598809	-17.9307
-10.9974298140119	-4.60517018598809	-15.6026
-11.0666298140119	-4.60517018598809	-15.6718
-12.3574298140119	-4.60517018598809	-16.9626
-10.9614298140119	-4.60517018598809	-15.5666
-11.0335298140119	-4.60517018598809	-15.6387
-11.2008298140119	-4.60517018598809	-15.806
-15.7943298140119	-4.60517018598809	-20.3995
-11.9315298140119	-4.60517018598809	-16.5367
-11.7958298140119	-4.60517018598809	-16.401
-10.7207298140119	-4.60517018598809	-15.3259
-11.6558298140119	-4.60517018598809	-16.261
-11.8990298140119	-4.60517018598809	-16.5042
-14.6830298140119	-4.60517018598809	-19.2882
-15.4628298140119	-4.60517018598809	-20.068
-12.7432298140119	-4.60517018598809	-17.3484
-12.6000298140119	-4.60517018598809	-17.2052
-13.1512298140119	-4.60517018598809	-17.7564
-12.9609298140119	-4.60517018598809	-17.5661
-11.1703298140119	-4.60517018598809	-15.7755
-11.4287298140119	-4.60517018598809	-16.0339
-18.8260298140119	-4.60517018598809	-23.4312
-13.1995298140119	-4.60517018598809	-17.8047
-11.2411298140119	-4.60517018598809	-15.8463
-11.2049298140119	-4.60517018598809	-15.8101
-11.9695298140119	-4.60517018598809	-16.5747
-13.2831298140119	-4.60517018598809	-17.8883
-13.9612298140119	-4.60517018598809	-18.5664
-11.4047298140119	-4.60517018598809	-16.0099
-11.7347298140119	-4.60517018598809	-16.3399
-11.3997298140119	-4.60517018598809	-16.0049
-12.6115298140119	-4.60517018598809	-17.2167
-16.9815298140119	-4.60517018598809	-21.5867
-12.0639298140119	-4.60517018598809	-16.6691
-13.8923298140119	-4.60517018598809	-18.4975
-12.1372298140119	-4.60517018598809	-16.7424
-11.2718298140119	-4.60517018598809	-15.877
-11.3497298140119	-4.60517018598809	-15.9549
-11.9605298140119	-4.60517018598809	-16.5657
-11.3681298140119	-4.60517018598809	-15.9733
-11.1660298140119	-4.60517018598809	-15.7712
-12.9902298140119	-4.60517018598809	-17.5954
-13.0058298140119	-4.60517018598809	-17.611
-17.1117298140119	-4.60517018598809	-21.7169
-17.4949298140119	-4.60517018598809	-22.1001
-12.3944298140119	-4.60517018598809	-16.9996
-11.3750298140119	-4.60517018598809	-15.9802
-11.2121298140119	-4.60517018598809	-15.8173
-13.3769298140119	-4.60517018598809	-17.9821
-12.4943298140119	-4.60517018598809	-17.0995
-13.1939298140119	-4.60517018598809	-17.7991
-12.8903298140119	-4.60517018598809	-17.4955
-12.3615298140119	-4.60517018598809	-16.9667
-11.3976298140119	-4.60517018598809	-16.0028
-12.8255298140119	-4.60517018598809	-17.4307
-11.1092298140119	-4.60517018598809	-15.7144
-18.4824298140119	-4.60517018598809	-23.0876
-17.9185298140119	-4.60517018598809	-22.5237
-12.4287298140119	-4.60517018598809	-17.0339
-11.8294298140119	-4.60517018598809	-16.4346
-11.7867298140119	-4.60517018598809	-16.3919
-10.7705298140119	-4.60517018598809	-15.3757
-12.8294298140119	-4.60517018598809	-17.4346
-11.9261298140119	-4.60517018598809	-16.5313
-11.0035298140119	-4.60517018598809	-15.6087
-14.6787298140119	-4.60517018598809	-19.2839
-12.9192298140119	-4.60517018598809	-17.5244
-14.8075298140119	-4.60517018598809	-19.4127
-12.6415298140119	-4.60517018598809	-17.2467
-13.0928298140119	-4.60517018598809	-17.698
-10.8453298140119	-4.60517018598809	-15.4505
-11.1602298140119	-4.60517018598809	-15.7654
-10.9527298140119	-4.60517018598809	-15.5579
-11.3680298140119	-4.60517018598809	-15.9732
-12.9428298140119	-4.60517018598809	-17.548
-11.7799298140119	-4.60517018598809	-16.3851
-16.6139298140119	-4.60517018598809	-21.2191
-16.6674298140119	-4.60517018598809	-21.2726
-13.4388298140119	-4.60517018598809	-18.044
-14.4446298140119	-4.60517018598809	-19.0498
-12.6443298140119	-4.60517018598809	-17.2495
-13.8933298140119	-4.60517018598809	-18.4985
-11.4563298140119	-4.60517018598809	-16.0615
-11.6512298140119	-4.60517018598809	-16.2564
-10.7642298140119	-4.60517018598809	-15.3694
-11.0590298140119	-4.60517018598809	-15.6642
-12.2904298140119	-4.60517018598809	-16.8956
-12.5348298140119	-4.60517018598809	-17.14
-12.5162298140119	-4.60517018598809	-17.1214
-14.7818298140119	-4.60517018598809	-19.387
-16.0415298140119	-4.60517018598809	-20.6467
-11.8665298140119	-4.60517018598809	-16.4717
-11.5817298140119	-4.60517018598809	-16.1869
-11.4207298140119	-4.60517018598809	-16.0259
-11.5311298140119	-4.60517018598809	-16.1363
-11.4663298140119	-4.60517018598809	-16.0715
-10.7628298140119	-4.60517018598809	-15.368
-11.3018298140119	-4.60517018598809	-15.907
-11.4742298140119	-4.60517018598809	-16.0794
-15.0297298140119	-4.60517018598809	-19.6349
-11.3245298140119	-4.60517018598809	-15.9297
-11.5857298140119	-4.60517018598809	-16.1909
-11.2263298140119	-4.60517018598809	-15.8315
-10.7572298140119	-4.60517018598809	-15.3624
-11.5351298140119	-4.60517018598809	-16.1403
-11.7630298140119	-4.60517018598809	-16.3682
-12.1393298140119	-4.60517018598809	-16.7445
-15.3532298140119	-4.60517018598809	-19.9584
-13.3845298140119	-4.60517018598809	-17.9897
-12.7793298140119	-4.60517018598809	-17.3845
-11.1867298140119	-4.60517018598809	-15.7919
-11.3283298140119	-4.60517018598809	-15.9335
-11.1020298140119	-4.60517018598809	-15.7072
-15.9067298140119	-4.60517018598809	-20.5119
-20.7944298140119	-4.60517018598809	-25.3996
-18.9354298140119	-4.60517018598809	-23.5406
-12.8211298140119	-4.60517018598809	-17.4263
-12.2855298140119	-4.60517018598809	-16.8907
-11.9776298140119	-4.60517018598809	-16.5828
-12.8194298140119	-4.60517018598809	-17.4246
-11.5953298140119	-4.60517018598809	-16.2005
-11.9677298140119	-4.60517018598809	-16.5729
-11.0635298140119	-4.60517018598809	-15.6687
-15.3071298140119	-4.60517018598809	-19.9123
-15.4702298140119	-4.60517018598809	-20.0754
-13.3514298140119	-4.60517018598809	-17.9566
-13.6116298140119	-4.60517018598809	-18.2168
-12.9460298140119	-4.60517018598809	-17.5512
-13.5403298140119	-4.60517018598809	-18.1455
-12.9512298140119	-4.60517018598809	-17.5564
-11.2306298140119	-4.60517018598809	-15.8358
-13.0980298140119	-4.60517018598809	-17.7032
-10.9561298140119	-4.60517018598809	-15.5613
-11.4842298140119	-4.60517018598809	-16.0894
-11.0585298140119	-4.60517018598809	-15.6637
-11.5334298140119	-4.60517018598809	-16.1386
-12.4400298140119	-4.60517018598809	-17.0452
-12.9299298140119	-4.60517018598809	-17.5351
-11.9296298140119	-4.60517018598809	-16.5348
-10.8517298140119	-4.60517018598809	-15.4569
-10.9505298140119	-4.60517018598809	-15.5557
-11.8894298140119	-4.60517018598809	-16.4946
-11.7296298140119	-4.60517018598809	-16.3348
-12.0018298140119	-4.60517018598809	-16.607
-10.8670298140119	-4.60517018598809	-15.4722
-11.3490298140119	-4.60517018598809	-15.9542
-10.9095298140119	-4.60517018598809	-15.5147
-10.9435298140119	-4.60517018598809	-15.5487
-13.1919298140119	-4.60517018598809	-17.7971
-11.2162298140119	-4.60517018598809	-15.8214
-10.8785298140119	-4.60517018598809	-15.4837
-11.4843298140119	-4.60517018598809	-16.0895
-11.3571298140119	-4.60517018598809	-15.9623
-11.7807298140119	-4.60517018598809	-16.3859
-10.9348298140119	-4.60517018598809	-15.54
-12.2072298140119	-4.60517018598809	-16.8124
-11.7353298140119	-4.60517018598809	-16.3405
-14.0728298140119	-4.60517018598809	-18.678
-13.1549298140119	-4.60517018598809	-17.7601
-16.0943298140119	-4.60517018598809	-20.6995
-15.1307298140119	-4.60517018598809	-19.7359
-15.5958298140119	-4.60517018598809	-20.201
-15.7165298140119	-4.60517018598809	-20.3217
-16.3546298140119	-4.60517018598809	-20.9598
-13.9252298140119	-4.60517018598809	-18.5304
-15.0036298140119	-4.60517018598809	-19.6088
-16.9162298140119	-4.60517018598809	-21.5214
-14.9325298140119	-4.60517018598809	-19.5377
-14.7126298140119	-4.60517018598809	-19.3178
-12.6295298140119	-4.60517018598809	-17.2347
-13.4879298140119	-4.60517018598809	-18.0931
-11.7669298140119	-4.60517018598809	-16.3721
-12.5516298140119	-4.60517018598809	-17.1568
-12.0464298140119	-4.60517018598809	-16.6516
-11.0271298140119	-4.60517018598809	-15.6323
-11.2138298140119	-4.60517018598809	-15.819
-12.8939298140119	-4.60517018598809	-17.4991
-14.5441298140119	-4.60517018598809	-19.1493
-11.4555298140119	-4.60517018598809	-16.0607
-12.5468298140119	-4.60517018598809	-17.152
-13.0451298140119	-4.60517018598809	-17.6503
-11.4437298140119	-4.60517018598809	-16.0489
-13.8202298140119	-4.60517018598809	-18.4254
-11.8333298140119	-4.60517018598809	-16.4385
-11.4281298140119	-4.60517018598809	-16.0333
-11.6857298140119	-4.60517018598809	-16.2909
-12.9959298140119	-4.60517018598809	-17.6011
-14.2488298140119	-4.60517018598809	-18.854
-10.8630298140119	-4.60517018598809	-15.4682
-11.1920298140119	-4.60517018598809	-15.7972
-11.3122298140119	-4.60517018598809	-15.9174
-15.2169298140119	-4.60517018598809	-19.8221
-15.2927298140119	-4.60517018598809	-19.8979
-14.0503298140119	-4.60517018598809	-18.6555
-10.6393298140119	-4.60517018598809	-15.2445
-10.9022298140119	-4.60517018598809	-15.5074
-12.2359298140119	-4.60517018598809	-16.8411
-10.7055298140119	-4.60517018598809	-15.3107
-12.1464298140119	-4.60517018598809	-16.7516
-11.9231298140119	-4.60517018598809	-16.5283
-10.9355298140119	-4.60517018598809	-15.5407
-13.4593298140119	-4.60517018598809	-18.0645
-14.2497298140119	-4.60517018598809	-18.8549
-14.0403298140119	-4.60517018598809	-18.6455
-11.4474298140119	-4.60517018598809	-16.0526
-11.7646298140119	-4.60517018598809	-16.3698
-18.8679298140119	-4.60517018598809	-23.4731
-11.6986298140119	-4.60517018598809	-16.3038
-11.0828298140119	-4.60517018598809	-15.688
-11.6263298140119	-4.60517018598809	-16.2315
-13.3325298140119	-4.60517018598809	-17.9377
-13.7782298140119	-4.60517018598809	-18.3834
-13.9150298140119	-4.60517018598809	-18.5202
-13.4696298140119	-4.60517018598809	-18.0748
-13.9855298140119	-4.60517018598809	-18.5907
-12.2615298140119	-4.60517018598809	-16.8667
-12.9981298140119	-4.60517018598809	-17.6033
-13.2981298140119	-4.60517018598809	-17.9033
-12.9128298140119	-4.60517018598809	-17.518
-11.9579298140119	-4.60517018598809	-16.5631
-11.3064298140119	-4.60517018598809	-15.9116
-11.0280298140119	-4.60517018598809	-15.6332
-10.9965298140119	-4.60517018598809	-15.6017
-11.0135298140119	-4.60517018598809	-15.6187
-11.0354298140119	-4.60517018598809	-15.6406
-11.3158298140119	-4.60517018598809	-15.921
-10.7191298140119	-4.60517018598809	-15.3243
-13.3139298140119	-4.60517018598809	-17.9191
-14.6782298140119	-4.60517018598809	-19.2834
-12.5302298140119	-4.60517018598809	-17.1354
-13.2793298140119	-4.60517018598809	-17.8845
-10.8496298140119	-4.60517018598809	-15.4548
-11.2369298140119	-4.60517018598809	-15.8421
-12.2266298140119	-4.60517018598809	-16.8318
-11.5869298140119	-4.60517018598809	-16.1921
-13.3923298140119	-4.60517018598809	-17.9975
-11.4496298140119	-4.60517018598809	-16.0548
-11.1052298140119	-4.60517018598809	-15.7104
-12.8136298140119	-4.60517018598809	-17.4188
-11.6280298140119	-4.60517018598809	-16.2332
-14.1172298140119	-4.60517018598809	-18.7224
-12.3754298140119	-4.60517018598809	-16.9806
-14.3216298140119	-4.60517018598809	-18.9268
-13.5813298140119	-4.60517018598809	-18.1865
-12.0619298140119	-4.60517018598809	-16.6671
-10.9736298140119	-4.60517018598809	-15.5788
-13.9316298140119	-4.60517018598809	-18.5368
-13.1036298140119	-4.60517018598809	-17.7088
-13.5149298140119	-4.60517018598809	-18.1201
-12.2552298140119	-4.60517018598809	-16.8604
-12.0946298140119	-4.60517018598809	-16.6998
-11.5730298140119	-4.60517018598809	-16.1782
-10.7560298140119	-4.60517018598809	-15.3612
-10.8446298140119	-4.60517018598809	-15.4498
-11.7107298140119	-4.60517018598809	-16.3159
-12.1700298140119	-4.60517018598809	-16.7752
-11.8350298140119	-4.60517018598809	-16.4402
-10.9207298140119	-4.60517018598809	-15.5259
-11.8801298140119	-4.60517018598809	-16.4853
-10.7964298140119	-4.60517018598809	-15.4016
-11.7311298140119	-4.60517018598809	-16.3363
-11.7818298140119	-4.60517018598809	-16.387
-11.2287298140119	-4.60517018598809	-15.8339
-11.0965298140119	-4.60517018598809	-15.7017
-14.1448298140119	-4.60517018598809	-18.75
-11.6850298140119	-4.60517018598809	-16.2902
-11.6875298140119	-4.60517018598809	-16.2927
-11.5060298140119	-4.60517018598809	-16.1112
-12.0906298140119	-4.60517018598809	-16.6958
-12.9382298140119	-4.60517018598809	-17.5434
-13.0626298140119	-4.60517018598809	-17.6678
-10.8732298140119	-4.60517018598809	-15.4784
-10.8265298140119	-4.60517018598809	-15.4317
-10.8181298140119	-4.60517018598809	-15.4233
-10.8305298140119	-4.60517018598809	-15.4357
-10.6799298140119	-4.60517018598809	-15.2851
-11.6009298140119	-4.60517018598809	-16.2061
-11.5248298140119	-4.60517018598809	-16.13
-14.9981298140119	-4.60517018598809	-19.6033
-13.1326298140119	-4.60517018598809	-17.7378
-12.1350298140119	-4.60517018598809	-16.7402
-23.6363298140119	-4.60517018598809	-28.2415
-21.8019298140119	-4.60517018598809	-26.4071
-13.8848298140119	-4.60517018598809	-18.49
-13.2651298140119	-4.60517018598809	-17.8703
-12.7987298140119	-4.60517018598809	-17.4039
-14.2907298140119	-4.60517018598809	-18.8959
-12.9807298140119	-4.60517018598809	-17.5859
-11.9871298140119	-4.60517018598809	-16.5923
-11.9010298140119	-4.60517018598809	-16.5062
-12.4201298140119	-4.60517018598809	-17.0253
-10.7696298140119	-4.60517018598809	-15.3748
-10.6811298140119	-4.60517018598809	-15.2863
-13.0847298140119	-4.60517018598809	-17.6899
-11.1571298140119	-4.60517018598809	-15.7623
-10.7961298140119	-4.60517018598809	-15.4013
-11.0750298140119	-4.60517018598809	-15.6802
-10.8072298140119	-4.60517018598809	-15.4124
-11.4510298140119	-4.60517018598809	-16.0562
-11.8998298140119	-4.60517018598809	-16.505
-11.8249298140119	-4.60517018598809	-16.4301
-11.0056298140119	-4.60517018598809	-15.6108
-15.2110298140119	-4.60517018598809	-19.8162
-10.8802298140119	-4.60517018598809	-15.4854
-12.3237298140119	-4.60517018598809	-16.9289
-13.5218298140119	-4.60517018598809	-18.127
-11.1491298140119	-4.60517018598809	-15.7543
-11.5004298140119	-4.60517018598809	-16.1056
-11.1467298140119	-4.60517018598809	-15.7519
-11.1062298140119	-4.60517018598809	-15.7114
-12.9541298140119	-4.60517018598809	-17.5593
-11.1052298140119	-4.60517018598809	-15.7104
-10.7439298140119	-4.60517018598809	-15.3491
-12.0169298140119	-4.60517018598809	-16.6221
-15.2272298140119	-4.60517018598809	-19.8324
-12.8932298140119	-4.60517018598809	-17.4984
-12.9788298140119	-4.60517018598809	-17.584
-10.8722298140119	-4.60517018598809	-15.4774
-11.8151298140119	-4.60517018598809	-16.4203
-13.4451298140119	-4.60517018598809	-18.0503
-12.2895298140119	-4.60517018598809	-16.8947
-11.3010298140119	-4.60517018598809	-15.9062
-13.9321298140119	-4.60517018598809	-18.5373
-11.6186298140119	-4.60517018598809	-16.2238
-11.8870298140119	-4.60517018598809	-16.4922
-10.9269298140119	-4.60517018598809	-15.5321
-11.3110298140119	-4.60517018598809	-15.9162
-11.3469298140119	-4.60517018598809	-15.9521
-11.6728298140119	-4.60517018598809	-16.278
-12.7044298140119	-4.60517018598809	-17.3096
-13.1984298140119	-4.60517018598809	-17.8036
-11.2169298140119	-4.60517018598809	-15.8221
-11.5993298140119	-4.60517018598809	-16.2045
-12.4573298140119	-4.60517018598809	-17.0625
-12.8673298140119	-4.60517018598809	-17.4725
-11.2390298140119	-4.60517018598809	-15.8442
-11.8286298140119	-4.60517018598809	-16.4338
-11.4427298140119	-4.60517018598809	-16.0479
-12.5713298140119	-4.60517018598809	-17.1765
-12.7169298140119	-4.60517018598809	-17.3221
-13.1736298140119	-4.60517018598809	-17.7788
-14.3548298140119	-4.60517018598809	-18.96
-11.9115298140119	-4.60517018598809	-16.5167
-12.2520298140119	-4.60517018598809	-16.8572
-12.8270298140119	-4.60517018598809	-17.4322
-12.0440298140119	-4.60517018598809	-16.6492
-10.8576298140119	-4.60517018598809	-15.4628
-12.8461298140119	-4.60517018598809	-17.4513
-11.0194298140119	-4.60517018598809	-15.6246
-10.9825298140119	-4.60517018598809	-15.5877
-10.9515298140119	-4.60517018598809	-15.5567
-10.8165298140119	-4.60517018598809	-15.4217
-11.3997298140119	-4.60517018598809	-16.0049
-11.6843298140119	-4.60517018598809	-16.2895
-11.2453298140119	-4.60517018598809	-15.8505
-12.2213298140119	-4.60517018598809	-16.8265
-11.9877298140119	-4.60517018598809	-16.5929
-11.5390298140119	-4.60517018598809	-16.1442
-11.0126298140119	-4.60517018598809	-15.6178
-10.7229298140119	-4.60517018598809	-15.3281
-11.1326298140119	-4.60517018598809	-15.7378
-10.8313298140119	-4.60517018598809	-15.4365
-12.2516298140119	-4.60517018598809	-16.8568
-14.0133298140119	-4.60517018598809	-18.6185
-12.2498298140119	-4.60517018598809	-16.855
-13.9822298140119	-4.60517018598809	-18.5874
-11.6207298140119	-4.60517018598809	-16.2259
-11.2474298140119	-4.60517018598809	-15.8526
-13.2066298140119	-4.60517018598809	-17.8118
-14.3217298140119	-4.60517018598809	-18.9269
-12.0649298140119	-4.60517018598809	-16.6701
-12.2728298140119	-4.60517018598809	-16.878
-12.1590298140119	-4.60517018598809	-16.7642
-12.6621298140119	-4.60517018598809	-17.2673
-13.9890298140119	-4.60517018598809	-18.5942
-13.6302298140119	-4.60517018598809	-18.2354
-10.6831298140119	-4.60517018598809	-15.2883
-14.0813298140119	-4.60517018598809	-18.6865
-13.1622298140119	-4.60517018598809	-17.7674
-12.0715298140119	-4.60517018598809	-16.6767
-11.8837298140119	-4.60517018598809	-16.4889
-10.8608298140119	-4.60517018598809	-15.466
-12.6774298140119	-4.60517018598809	-17.2826
-10.7155298140119	-4.60517018598809	-15.3207
-12.5644298140119	-4.60517018598809	-17.1696
-11.5811298140119	-4.60517018598809	-16.1863
-12.3000298140119	-4.60517018598809	-16.9052
-10.6341298140119	-4.60517018598809	-15.2393
-10.9304298140119	-4.60517018598809	-15.5356
-12.3263298140119	-4.60517018598809	-16.9315
-11.4238298140119	-4.60517018598809	-16.029
-14.1557298140119	-4.60517018598809	-18.7609
-10.8159298140119	-4.60517018598809	-15.4211
-10.7537298140119	-4.60517018598809	-15.3589
-12.5456298140119	-4.60517018598809	-17.1508
-11.0829298140119	-4.60517018598809	-15.6881
-11.6017298140119	-4.60517018598809	-16.2069
-12.9652298140119	-4.60517018598809	-17.5704
-11.1078298140119	-4.60517018598809	-15.713
-12.8647298140119	-4.60517018598809	-17.4699
-11.2207298140119	-4.60517018598809	-15.8259
-11.2134298140119	-4.60517018598809	-15.8186
-10.7235298140119	-4.60517018598809	-15.3287
-11.4541298140119	-4.60517018598809	-16.0593
-10.7492298140119	-4.60517018598809	-15.3544
-11.0003298140119	-4.60517018598809	-15.6055
