res1           res2           tau1           Y1_gamma1      LogPost        
   0.119868E+03   0.124413E+03   0.276398E+01   0.253569E+01  -0.203113E+02
   0.117823E+03   0.125144E+03   0.274223E+01   0.246297E+01  -0.200099E+02
   0.118372E+03   0.125144E+03   0.266410E+01   0.669932E+00  -0.155873E+02
   0.115867E+03   0.125144E+03   0.277300E+01   0.379956E+00  -0.162299E+02
   0.118423E+03   0.124412E+03   0.273544E+01   0.379956E+00  -0.158942E+02
   0.116903E+03   0.124396E+03   0.264858E+01   0.652244E+00  -0.160912E+02
   0.120415E+03   0.124396E+03   0.285771E+01   0.553519E+00  -0.162664E+02
   0.118280E+03   0.125533E+03   0.260642E+01   0.951066E+00  -0.168368E+02
   0.116786E+03   0.125265E+03   0.270274E+01   0.963906E+00  -0.163986E+02
   0.120122E+03   0.125031E+03   0.282362E+01   0.158917E+01  -0.175961E+02
   0.119637E+03   0.125031E+03   0.276199E+01   0.773626E+00  -0.156624E+02
   0.120585E+03   0.125031E+03   0.260523E+01   0.233321E+00  -0.158729E+02
   0.118055E+03   0.124290E+03   0.265392E+01   0.895143E+00  -0.162978E+02
   0.117885E+03   0.124422E+03   0.278420E+01   0.210764E-01  -0.160885E+02
   0.119067E+03   0.124869E+03   0.286277E+01   0.210764E-01  -0.153171E+02
   0.114909E+03   0.125364E+03   0.263151E+01   0.885602E+00  -0.174217E+02
   0.118593E+03   0.124748E+03   0.285342E+01   0.118244E+01  -0.162219E+02
   0.110322E+03   0.125920E+03   0.259363E+01   0.721719E+00  -0.251020E+02
   0.116657E+03   0.123343E+03   0.270781E+01   0.907036E+00  -0.211200E+02
   0.122650E+03   0.125235E+03   0.270781E+01   0.187258E+01  -0.194586E+02
   0.118667E+03   0.125306E+03   0.262438E+01   0.556313E+00  -0.159549E+02
   0.121364E+03   0.123871E+03   0.272592E+01   0.102070E+01  -0.185250E+02
   0.118221E+03   0.124997E+03   0.265387E+01   0.881822E+00  -0.156469E+02
   0.116889E+03   0.124862E+03   0.259327E+01   0.881822E+00  -0.157934E+02
   0.115464E+03   0.124927E+03   0.259327E+01   0.437547E+00  -0.161319E+02
   0.117868E+03   0.124947E+03   0.283549E+01   0.139463E+01  -0.168228E+02
   0.116320E+03   0.125775E+03   0.269826E+01   0.695792E+00  -0.183431E+02
   0.119296E+03   0.123915E+03   0.268548E+01   0.775251E+00  -0.177423E+02
   0.118189E+03   0.125150E+03   0.268548E+01   0.368453E+00  -0.155660E+02
   0.120571E+03   0.125150E+03   0.268087E+01   0.243091E+00  -0.161023E+02
   0.118255E+03   0.125255E+03   0.275083E+01   0.243091E+00  -0.159187E+02
   0.121770E+03   0.124638E+03   0.275083E+01   0.243091E+00  -0.166000E+02
   0.117480E+03   0.124638E+03   0.282304E+01   0.135392E+00  -0.155348E+02
   0.115605E+03   0.124638E+03   0.282304E+01   0.686131E-01  -0.163141E+02
   0.116628E+03   0.125593E+03   0.260098E+01   0.952106E+00  -0.173295E+02
   0.116640E+03   0.123838E+03   0.260098E+01   0.680483E+00  -0.185405E+02
   0.117152E+03   0.125583E+03   0.278893E+01   0.501714E+00  -0.172855E+02
   0.117094E+03   0.125416E+03   0.265703E+01   0.215047E+01  -0.193984E+02
   0.121269E+03   0.125439E+03   0.268867E+01   0.972033E+00  -0.173086E+02
   0.122049E+03   0.125439E+03   0.268867E+01   0.645381E+00  -0.177041E+02
   0.116813E+03   0.125371E+03   0.281196E+01   0.399065E+00  -0.165143E+02
   0.119944E+03   0.124439E+03   0.271373E+01   0.122826E+00  -0.162185E+02
   0.119243E+03   0.124844E+03   0.273677E+01   0.122826E+00  -0.153293E+02
   0.122889E+03   0.126426E+03   0.324739E+01   0.145097E+01  -0.203257E+02
   0.124907E+03   0.127666E+03   0.353456E+01   0.139931E+01  -0.221434E+02
   0.124747E+03   0.122561E+03   0.366469E+01   0.160507E+01  -0.205069E+02
   0.122736E+03   0.126038E+03   0.344051E+01   0.200847E+01  -0.222222E+02
   0.128096E+03   0.126038E+03   0.261847E+01   0.200847E+01  -0.253250E+02
   0.121538E+03   0.124962E+03   0.261847E+01   0.232317E+01  -0.200200E+02
   0.120582E+03   0.124962E+03   0.282015E+01   0.729246E+00  -0.158591E+02
   0.121303E+03   0.124962E+03   0.271720E+01   0.158658E+01  -0.179362E+02
   0.118354E+03   0.124606E+03   0.271720E+01   0.137669E+01  -0.167894E+02
   0.119723E+03   0.124552E+03   0.271720E+01   0.647694E+00  -0.156875E+02
   0.117756E+03   0.124552E+03   0.260732E+01   0.795476E+00  -0.156847E+02
   0.117753E+03   0.124552E+03   0.282961E+01   0.650212E+00  -0.155649E+02
   0.117273E+03   0.125026E+03   0.274462E+01   0.149050E+00  -0.155311E+02
   0.119282E+03   0.125026E+03   0.265141E+01   0.114346E+01  -0.162575E+02
   0.118437E+03   0.125935E+03   0.258518E+01   0.210279E+01  -0.199045E+02
   0.118623E+03   0.126081E+03   0.272848E+01   0.200357E+01  -0.199991E+02
   0.116198E+03   0.123975E+03   0.282093E+01   0.209704E+01  -0.196892E+02
   0.119505E+03   0.124498E+03   0.267125E+01   0.721089E-01  -0.159201E+02
   0.115762E+03   0.125632E+03   0.267125E+01   0.466042E-01  -0.187135E+02
   0.117729E+03   0.124815E+03   0.271468E+01   0.466042E-01  -0.153245E+02
   0.119067E+03   0.124815E+03   0.283067E+01   0.466042E-01  -0.153177E+02
   0.120741E+03   0.125076E+03   0.258636E+01   0.113761E+01  -0.166804E+02
   0.120379E+03   0.125076E+03   0.280116E+01   0.712798E+00  -0.158849E+02
   0.118131E+03   0.124458E+03   0.257832E+01   0.969624E+00  -0.160402E+02
   0.114867E+03   0.125280E+03   0.257832E+01   0.490319E+00  -0.171837E+02
   0.122220E+03   0.124828E+03   0.259759E+01   0.487682E+00  -0.166871E+02
   0.119837E+03   0.125059E+03   0.268807E+01   0.487682E+00  -0.155764E+02
   0.113727E+03   0.124357E+03   0.268807E+01   0.233654E+00  -0.185692E+02
   0.117783E+03   0.124546E+03   0.282168E+01   0.233654E+00  -0.156383E+02
   0.121215E+03   0.124674E+03   0.271502E+01   0.685627E+00  -0.161530E+02
   0.119436E+03   0.124781E+03   0.271502E+01   0.136264E+00  -0.153825E+02
   0.115769E+03   0.124643E+03   0.275167E+01   0.655769E+00  -0.160921E+02
   0.122218E+03   0.124901E+03   0.271496E+01   0.655769E+00  -0.167281E+02
   0.121245E+03   0.125159E+03   0.266361E+01   0.828309E+00  -0.165201E+02
   0.117837E+03   0.124599E+03   0.264818E+01   0.828309E+00  -0.156543E+02
   0.119885E+03   0.124599E+03   0.264818E+01   0.818533E+00  -0.158118E+02
   0.123785E+03   0.124599E+03   0.259439E+01   0.689142E+00  -0.183017E+02
   0.116198E+03   0.124944E+03   0.259430E+01   0.728328E-01  -0.158411E+02
   0.118008E+03   0.124730E+03   0.264312E+01   0.728328E-01  -0.153426E+02
   0.116897E+03   0.124358E+03   0.264312E+01   0.728328E-01  -0.165527E+02
   0.122956E+03   0.124358E+03   0.264312E+01   0.728328E-01  -0.185266E+02
   0.119854E+03   0.124913E+03   0.262397E+01   0.164086E+01  -0.176391E+02
   0.120419E+03   0.124788E+03   0.284739E+01   0.164086E+01  -0.177601E+02
   0.119327E+03   0.124788E+03   0.284711E+01   0.431391E+00  -0.152893E+02
   0.118429E+03   0.124937E+03   0.266200E+01   0.185044E+00  -0.152768E+02
   0.115886E+03   0.124478E+03   0.281166E+01   0.185044E+00  -0.165017E+02
   0.119621E+03   0.125374E+03   0.263634E+01   0.905662E+00  -0.164599E+02
   0.119921E+03   0.124345E+03   0.265354E+01   0.101754E+01  -0.165147E+02
   0.118100E+03   0.125698E+03   0.261734E+01   0.896916E+00  -0.174283E+02
   0.121470E+03   0.125759E+03   0.258185E+01   0.161132E+01  -0.191354E+02
   0.113980E+03   0.124612E+03   0.264299E+01   0.277016E+01  -0.215959E+02
   0.117002E+03   0.125768E+03   0.275884E+01   0.840975E+00  -0.179307E+02
   0.118663E+03   0.124639E+03   0.269378E+01   0.840975E+00  -0.156026E+02
   0.120325E+03   0.124991E+03   0.257868E+01   0.335252E+00  -0.156718E+02
   0.121424E+03   0.124960E+03   0.270762E+01   0.116691E+01  -0.169626E+02
   0.118275E+03   0.124960E+03   0.264636E+01   0.850093E+00  -0.155666E+02
   0.117306E+03   0.124851E+03   0.266421E+01   0.850093E+00  -0.156387E+02
   0.118956E+03   0.124690E+03   0.272111E+01   0.973343E+00  -0.158060E+02
   0.113136E+03   0.123841E+03   0.272111E+01   0.973343E+00  -0.203995E+02
   0.120897E+03   0.125182E+03   0.285188E+01   0.948023E+00  -0.165367E+02
   0.117481E+03   0.125351E+03   0.282505E+01   0.948023E+00  -0.164010E+02
   0.119298E+03   0.124935E+03   0.282046E+01   0.296969E+00  -0.153259E+02
   0.117837E+03   0.125016E+03   0.269170E+01   0.116260E+01  -0.162610E+02
   0.117436E+03   0.125196E+03   0.269170E+01   0.116260E+01  -0.165042E+02
   0.120389E+03   0.123728E+03   0.276976E+01   0.172954E+01  -0.192882E+02
   0.113788E+03   0.123848E+03   0.282123E+01   0.776722E+00  -0.200680E+02
   0.116463E+03   0.125331E+03   0.282123E+01   0.134619E+01  -0.173484E+02
   0.115442E+03   0.124429E+03   0.282123E+01   0.117255E+01  -0.172052E+02
   0.119873E+03   0.124118E+03   0.282100E+01   0.124971E+00  -0.177564E+02
   0.118706E+03   0.124118E+03   0.266942E+01   0.142684E+01  -0.175661E+02
   0.117423E+03   0.124588E+03   0.285576E+01   0.862673E+00  -0.157755E+02
   0.118020E+03   0.125307E+03   0.285576E+01   0.378022E+00  -0.160339E+02
   0.116105E+03   0.125904E+03   0.267234E+01   0.361106E+01  -0.234312E+02
   0.114805E+03   0.124770E+03   0.263497E+01   0.140757E+01  -0.178047E+02
   0.120420E+03   0.124659E+03   0.279697E+01   0.942328E-01  -0.158463E+02
   0.116509E+03   0.124659E+03   0.279697E+01   0.942328E-01  -0.158101E+02
   0.118759E+03   0.124302E+03   0.257740E+01   0.126105E-01  -0.165747E+02
   0.121470E+03   0.124200E+03   0.264107E+01   0.131328E+01  -0.178883E+02
   0.119812E+03   0.125416E+03   0.258370E+01   0.183781E+01  -0.185664E+02
   0.117842E+03   0.125249E+03   0.284909E+01   0.132134E-02  -0.160099E+02
   0.120188E+03   0.124538E+03   0.282503E+01   0.104996E+01  -0.163399E+02
   0.120385E+03   0.124538E+03   0.268582E+01   0.766302E+00  -0.160049E+02
   0.115586E+03   0.125409E+03   0.258648E+01   0.427782E+00  -0.172167E+02
   0.124369E+03   0.125873E+03   0.280309E+01   0.845955E+00  -0.215867E+02
   0.118789E+03   0.124199E+03   0.262894E+01   0.464956E+00  -0.166691E+02
   0.114548E+03   0.124199E+03   0.266699E+01   0.140532E+01  -0.184975E+02
   0.119643E+03   0.124171E+03   0.280840E+01   0.851069E+00  -0.167424E+02
   0.119044E+03   0.124488E+03   0.269401E+01   0.874586E+00  -0.158770E+02
   0.120175E+03   0.124488E+03   0.272439E+01   0.669295E+00  -0.159549E+02
   0.119677E+03   0.124222E+03   0.260216E+01   0.669295E+00  -0.165657E+02
   0.119874E+03   0.124437E+03   0.265918E+01   0.669295E+00  -0.159733E+02
   0.118480E+03   0.124437E+03   0.272808E+01   0.467579E+00  -0.157712E+02
   0.116263E+03   0.124437E+03   0.277409E+01   0.149716E+01  -0.175954E+02
   0.117789E+03   0.124113E+03   0.263856E+01   0.115553E+00  -0.176110E+02
   0.114304E+03   0.126072E+03   0.285760E+01   0.625287E+00  -0.217169E+02
   0.118097E+03   0.123337E+03   0.269578E+01   0.288134E+01  -0.221001E+02
   0.117507E+03   0.125533E+03   0.277078E+01   0.460358E+00  -0.169996E+02
   0.116814E+03   0.125219E+03   0.271636E+01   0.625126E+00  -0.159802E+02
   0.116264E+03   0.124646E+03   0.284869E+01   0.426051E+00  -0.158173E+02
   0.120869E+03   0.125590E+03   0.263053E+01   0.131683E+01  -0.179821E+02
   0.115879E+03   0.124955E+03   0.281948E+01   0.131683E+01  -0.170995E+02
   0.120846E+03   0.125515E+03   0.281948E+01   0.131683E+01  -0.177991E+02
   0.116836E+03   0.124167E+03   0.270609E+01   0.135118E+01  -0.174955E+02
   0.117012E+03   0.124167E+03   0.267104E+01   0.497646E+00  -0.169667E+02
   0.119819E+03   0.124448E+03   0.281903E+01   0.355069E+00  -0.160028E+02
   0.116635E+03   0.124448E+03   0.261838E+01   0.147922E+01  -0.174307E+02
   0.119482E+03   0.124553E+03   0.260945E+01   0.762804E+00  -0.157144E+02
   0.121819E+03   0.124724E+03   0.281725E+01   0.355107E+01  -0.230876E+02
   0.115036E+03   0.123888E+03   0.286015E+01   0.315919E+01  -0.225237E+02
   0.116730E+03   0.125524E+03   0.283190E+01   0.904332E+00  -0.170339E+02
   0.119076E+03   0.124331E+03   0.280810E+01   0.131326E+00  -0.164346E+02
   0.117052E+03   0.124334E+03   0.279261E+01   0.352925E+00  -0.163919E+02
   0.118190E+03   0.124830E+03   0.276862E+01   0.740824E+00  -0.153757E+02
   0.114820E+03   0.125368E+03   0.270661E+01   0.759288E+00  -0.174346E+02
   0.121765E+03   0.124981E+03   0.270781E+01   0.759288E+00  -0.165313E+02
   0.119852E+03   0.124747E+03   0.277910E+01   0.759288E+00  -0.156087E+02
   0.118558E+03   0.124747E+03   0.285860E+01   0.224187E+01  -0.192839E+02
   0.119063E+03   0.125297E+03   0.279317E+01   0.154032E+01  -0.175244E+02
   0.117442E+03   0.123511E+03   0.282851E+01   0.114413E+01  -0.194127E+02
   0.117806E+03   0.124008E+03   0.272647E+01   0.954339E+00  -0.172467E+02
   0.114152E+03   0.124922E+03   0.285886E+01   0.115653E+01  -0.176980E+02
   0.119096E+03   0.125069E+03   0.258385E+01   0.564728E+00  -0.154505E+02
   0.120309E+03   0.125069E+03   0.270989E+01   0.564728E+00  -0.157654E+02
   0.119629E+03   0.125073E+03   0.281133E+01   0.564728E+00  -0.155579E+02
   0.118822E+03   0.125073E+03   0.281133E+01   0.101525E+01  -0.159732E+02
   0.117003E+03   0.124159E+03   0.268832E+01   0.100253E-02  -0.175480E+02
   0.119727E+03   0.124978E+03   0.275425E+01   0.117713E+01  -0.163851E+02
   0.124822E+03   0.123882E+03   0.325880E+01   0.117713E+01  -0.212191E+02
   0.124900E+03   0.127049E+03   0.349283E+01   0.156242E+01  -0.212726E+02
   0.123830E+03   0.126004E+03   0.320448E+01   0.622005E+00  -0.180440E+02
   0.123830E+03   0.125225E+03   0.281950E+01   0.729217E-01  -0.190498E+02
   0.117065E+03   0.124066E+03   0.270460E+01   0.650367E+00  -0.172495E+02
   0.121497E+03   0.124017E+03   0.258857E+01   0.504729E+00  -0.184985E+02
   0.115689E+03   0.124856E+03   0.278759E+01   0.130825E+00  -0.160615E+02
   0.119521E+03   0.124376E+03   0.278759E+01   0.239934E+00  -0.162564E+02
   0.119525E+03   0.124764E+03   0.273607E+01   0.571396E+00  -0.153694E+02
   0.117090E+03   0.125116E+03   0.264851E+01   0.571396E+00  -0.156642E+02
   0.120213E+03   0.124194E+03   0.269806E+01   0.571396E+00  -0.168956E+02
   0.121649E+03   0.125000E+03   0.281453E+01   0.118444E+01  -0.171400E+02
   0.120069E+03   0.124542E+03   0.276789E+01   0.140665E+01  -0.171214E+02
   0.121320E+03   0.123903E+03   0.275681E+01   0.182086E+01  -0.193870E+02
   0.119166E+03   0.123726E+03   0.259402E+01   0.245251E+01  -0.206467E+02
   0.115712E+03   0.124521E+03   0.263914E+01   0.187646E+00  -0.164717E+02
   0.116115E+03   0.124521E+03   0.282949E+01   0.303201E+00  -0.161869E+02
   0.116841E+03   0.124429E+03   0.270999E+01   0.547093E+00  -0.160259E+02
   0.120257E+03   0.124429E+03   0.260499E+01   0.481969E+00  -0.161363E+02
   0.116005E+03   0.124572E+03   0.275493E+01   0.656660E+00  -0.160715E+02
   0.119321E+03   0.124995E+03   0.282542E+01   0.478851E+00  -0.153680E+02
   0.119700E+03   0.125232E+03   0.263289E+01   0.572151E+00  -0.159070E+02
   0.119573E+03   0.124503E+03   0.285539E+01   0.968054E+00  -0.160794E+02
   0.121390E+03   0.123644E+03   0.285539E+01   0.968054E+00  -0.196349E+02
   0.118045E+03   0.124389E+03   0.285539E+01   0.743037E+00  -0.159297E+02
   0.119467E+03   0.124559E+03   0.279171E+01   0.107611E+01  -0.161909E+02
   0.119333E+03   0.124559E+03   0.285160E+01   0.887318E+00  -0.158315E+02
   0.119355E+03   0.124934E+03   0.268542E+01   0.204217E+00  -0.153624E+02
   0.115603E+03   0.124956E+03   0.282203E+01   0.204217E+00  -0.161403E+02
   0.117274E+03   0.124920E+03   0.262346E+01   0.119462E+01  -0.163682E+02
   0.116358E+03   0.124840E+03   0.268687E+01   0.125675E+01  -0.167445E+02
   0.118140E+03   0.123468E+03   0.273160E+01   0.921278E+00  -0.199584E+02
   0.119790E+03   0.125182E+03   0.266367E+01   0.171653E+01  -0.179897E+02
   0.118843E+03   0.124788E+03   0.268395E+01   0.160200E+01  -0.173845E+02
   0.116718E+03   0.125065E+03   0.268395E+01   0.552244E-02  -0.157919E+02
   0.119088E+03   0.125258E+03   0.268679E+01   0.753984E+00  -0.159335E+02
   0.119735E+03   0.125004E+03   0.274526E+01   0.812334E+00  -0.157072E+02
   0.118430E+03   0.123212E+03   0.282591E+01   0.164035E+01  -0.205119E+02
   0.116328E+03   0.126829E+03   0.282591E+01   0.427656E+01  -0.253996E+02
   0.115386E+03   0.123203E+03   0.282964E+01   0.337915E+01  -0.235406E+02
   0.114616E+03   0.124426E+03   0.282534E+01   0.100085E+01  -0.174263E+02
   0.118176E+03   0.125533E+03   0.268196E+01   0.100085E+01  -0.168907E+02
   0.116953E+03   0.124235E+03   0.267990E+01   0.808681E+00  -0.165828E+02
   0.122941E+03   0.124677E+03   0.257953E+01   0.420116E+00  -0.174246E+02
   0.118766E+03   0.124320E+03   0.257953E+01   0.420116E+00  -0.162005E+02
   0.120682E+03   0.125320E+03   0.271386E+01   0.420116E+00  -0.165729E+02
   0.120538E+03   0.124858E+03   0.284460E+01   0.373604E+00  -0.156687E+02
   0.121738E+03   0.125231E+03   0.283588E+01   0.221409E+01  -0.199123E+02
   0.125022E+03   0.124684E+03   0.307367E+01   0.127482E+01  -0.200754E+02
   0.114314E+03   0.124382E+03   0.266219E+01   0.188142E+00  -0.179566E+02
   0.122532E+03   0.125484E+03   0.264838E+01   0.691132E+00  -0.182168E+02
   0.119492E+03   0.125526E+03   0.274315E+01   0.136741E+01  -0.175512E+02
   0.120553E+03   0.125589E+03   0.260392E+01   0.649620E-01  -0.181455E+02
   0.115390E+03   0.124217E+03   0.266596E+01   0.441116E+00  -0.175564E+02
   0.118114E+03   0.124422E+03   0.271127E+01   0.441116E+00  -0.158358E+02
   0.113699E+03   0.124953E+03   0.285182E+01   0.154576E+00  -0.177032E+02
   0.120156E+03   0.124953E+03   0.283505E+01   0.370138E+00  -0.155613E+02
   0.115575E+03   0.124953E+03   0.283505E+01   0.552791E+00  -0.160894E+02
   0.119785E+03   0.125057E+03   0.257803E+01   0.125119E-01  -0.156637E+02
   0.120204E+03   0.125202E+03   0.257803E+01   0.822878E+00  -0.161386E+02
   0.116772E+03   0.124617E+03   0.266113E+01   0.139700E+01  -0.170452E+02
   0.118293E+03   0.124087E+03   0.267195E+01   0.138361E+01  -0.175351E+02
   0.117671E+03   0.125328E+03   0.267195E+01   0.108337E+01  -0.165348E+02
   0.117137E+03   0.124823E+03   0.285522E+01   0.665040E+00  -0.154569E+02
   0.120050E+03   0.124823E+03   0.263358E+01   0.665040E+00  -0.155557E+02
   0.119470E+03   0.125294E+03   0.261687E+01   0.107225E+01  -0.164946E+02
   0.115306E+03   0.124753E+03   0.257840E+01   0.148849E+00  -0.163348E+02
   0.115785E+03   0.125280E+03   0.260145E+01   0.468035E+00  -0.166070E+02
   0.117704E+03   0.125026E+03   0.261606E+01   0.685564E+00  -0.154722E+02
   0.117586E+03   0.125026E+03   0.278643E+01   0.100488E+01  -0.159542E+02
   0.118585E+03   0.124547E+03   0.275998E+01   0.418181E+00  -0.155147E+02
   0.119046E+03   0.124547E+03   0.275998E+01   0.599982E+00  -0.155487E+02
   0.117530E+03   0.123989E+03   0.284143E+01   0.490312E+00  -0.177971E+02
   0.117792E+03   0.124485E+03   0.260613E+01   0.823406E+00  -0.158214E+02
   0.118522E+03   0.124861E+03   0.276260E+01   0.823406E+00  -0.154837E+02
   0.115591E+03   0.124861E+03   0.260719E+01   0.667073E+00  -0.160895E+02
   0.116088E+03   0.124861E+03   0.270261E+01   0.795915E+00  -0.159623E+02
   0.115331E+03   0.124714E+03   0.279667E+01   0.795915E+00  -0.163859E+02
   0.117552E+03   0.124611E+03   0.281048E+01   0.698095E+00  -0.155400E+02
   0.117138E+03   0.124626E+03   0.281048E+01   0.134203E+01  -0.168124E+02
   0.118194E+03   0.124626E+03   0.273375E+01   0.120655E+01  -0.163405E+02
   0.123979E+03   0.125380E+03   0.318972E+01   0.132537E+01  -0.186780E+02
   0.124091E+03   0.125347E+03   0.319711E+01   0.757422E+00  -0.177601E+02
   0.124091E+03   0.124013E+03   0.358319E+01   0.458265E+00  -0.206995E+02
   0.124106E+03   0.124734E+03   0.334213E+01   0.168638E+01  -0.197359E+02
   0.124808E+03   0.126052E+03   0.364690E+01   0.146821E+01  -0.202010E+02
   0.124469E+03   0.126459E+03   0.325804E+01   0.168713E+01  -0.203217E+02
   0.125099E+03   0.126304E+03   0.349683E+01   0.161322E+01  -0.209598E+02
   0.123996E+03   0.126304E+03   0.330571E+01   0.685123E+00  -0.185304E+02
   0.125034E+03   0.125785E+03   0.320995E+01   0.685123E+00  -0.196088E+02
   0.125034E+03   0.123785E+03   0.288761E+01   0.197022E+01  -0.215214E+02
   0.125034E+03   0.125535E+03   0.333172E+01   0.859129E+00  -0.195377E+02
   0.124582E+03   0.124520E+03   0.281846E+01   0.873925E+00  -0.193178E+02
   0.118535E+03   0.124520E+03   0.268741E+01   0.151636E+01  -0.172347E+02
   0.122828E+03   0.124374E+03   0.271516E+01   0.353096E+00  -0.180931E+02
   0.118890E+03   0.124665E+03   0.281646E+01   0.122339E+01  -0.163721E+02
   0.115322E+03   0.124999E+03   0.276653E+01   0.122339E+01  -0.171568E+02
   0.118797E+03   0.124726E+03   0.282335E+01   0.134201E+01  -0.166516E+02
   0.118171E+03   0.125101E+03   0.282335E+01   0.788240E+00  -0.156323E+02
   0.120284E+03   0.125101E+03   0.270193E+01   0.602815E+00  -0.158190E+02
   0.117963E+03   0.123996E+03   0.263144E+01   0.602815E+00  -0.174991E+02
   0.122306E+03   0.124049E+03   0.272406E+01   0.385201E+00  -0.191493E+02
   0.116977E+03   0.124410E+03   0.262955E+01   0.728736E+00  -0.160607E+02
   0.117109E+03   0.125497E+03   0.262955E+01   0.243416E+00  -0.171520E+02
   0.121680E+03   0.125500E+03   0.259286E+01   0.848745E+00  -0.176503E+02
   0.115683E+03   0.124744E+03   0.271064E+01   0.649086E+00  -0.160489E+02
   0.120833E+03   0.125744E+03   0.263439E+01   0.616104E+00  -0.184254E+02
   0.118806E+03   0.124327E+03   0.263439E+01   0.103588E+00  -0.164385E+02
   0.116041E+03   0.124654E+03   0.273980E+01   0.103588E+00  -0.160333E+02
   0.118916E+03   0.124275E+03   0.277503E+01   0.546644E+00  -0.162909E+02
   0.120717E+03   0.125400E+03   0.278854E+01   0.135732E+01  -0.176011E+02
   0.116964E+03   0.125733E+03   0.281531E+01   0.124870E+00  -0.188540E+02
   0.119406E+03   0.125017E+03   0.275571E+01   0.634216E+00  -0.154682E+02
   0.116247E+03   0.124960E+03   0.285735E+01   0.209208E+00  -0.157972E+02
   0.117067E+03   0.124504E+03   0.277104E+01   0.209208E+00  -0.159174E+02
   0.125131E+03   0.124765E+03   0.288474E+01   0.193944E+00  -0.198221E+02
   0.124031E+03   0.124046E+03   0.282696E+01   0.102436E+01  -0.198979E+02
   0.114251E+03   0.124046E+03   0.284924E+01   0.102436E+01  -0.186555E+02
   0.118781E+03   0.124907E+03   0.285405E+01   0.281560E+00  -0.152445E+02
   0.120005E+03   0.124764E+03   0.267903E+01   0.281560E+00  -0.155074E+02
   0.121575E+03   0.124468E+03   0.267903E+01   0.281560E+00  -0.168411E+02
   0.117654E+03   0.124934E+03   0.281311E+01   0.281560E+00  -0.153107E+02
   0.121691E+03   0.124934E+03   0.258612E+01   0.987494E+00  -0.167516E+02
   0.121804E+03   0.125046E+03   0.270333E+01   0.502993E+00  -0.165283E+02
   0.117461E+03   0.125046E+03   0.282378E+01   0.408500E-01  -0.155407E+02
   0.123450E+03   0.125106E+03   0.282378E+01   0.471544E+00  -0.180645E+02
   0.124570E+03   0.125955E+03   0.334162E+01   0.102512E+01  -0.188549E+02
   0.124570E+03   0.125955E+03   0.334162E+01   0.857249E+00  -0.186455E+02
   0.119011E+03   0.124385E+03   0.266611E+01   0.857249E+00  -0.160526E+02
   0.119053E+03   0.124336E+03   0.272888E+01   0.191117E+00  -0.163698E+02
   0.110269E+03   0.125645E+03   0.269798E+01   0.246071E+01  -0.234731E+02
   0.121548E+03   0.124992E+03   0.269413E+01   0.593269E+00  -0.163038E+02
   0.117612E+03   0.124490E+03   0.263476E+01   0.513013E+00  -0.156880E+02
   0.119751E+03   0.125321E+03   0.282979E+01   0.770786E+00  -0.162315E+02
   0.120178E+03   0.123922E+03   0.263927E+01   0.770786E+00  -0.179377E+02
   0.117710E+03   0.124123E+03   0.280505E+01   0.176178E+01  -0.183834E+02
   0.116614E+03   0.125466E+03   0.275775E+01   0.176178E+01  -0.185202E+02
   0.117055E+03   0.124494E+03   0.267975E+01   0.176178E+01  -0.180748E+02
   0.115017E+03   0.125382E+03   0.258194E+01   0.160777E+01  -0.185907E+02
   0.116790E+03   0.124489E+03   0.273492E+01   0.128639E+01  -0.168667E+02
   0.113646E+03   0.124923E+03   0.275940E+01   0.413081E+00  -0.176033E+02
   0.121677E+03   0.125499E+03   0.285907E+01   0.413081E+00  -0.179033E+02
   0.122792E+03   0.125138E+03   0.285907E+01   0.413081E+00  -0.175180E+02
   0.121209E+03   0.125229E+03   0.258725E+01   0.413081E+00  -0.165631E+02
   0.115974E+03   0.124677E+03   0.278044E+01   0.451274E+00  -0.159116E+02
   0.119926E+03   0.125077E+03   0.273656E+01   0.451274E+00  -0.156332E+02
   0.119067E+03   0.125157E+03   0.272536E+01   0.451274E+00  -0.156017E+02
   0.119184E+03   0.125157E+03   0.262694E+01   0.451274E+00  -0.156187E+02
   0.116361E+03   0.124872E+03   0.262694E+01   0.471927E+00  -0.156406E+02
   0.116274E+03   0.124575E+03   0.273751E+01   0.471927E+00  -0.159210E+02
   0.117419E+03   0.124768E+03   0.274406E+01   0.365041E+00  -0.153243E+02
   0.114893E+03   0.124243E+03   0.281625E+01   0.336948E+00  -0.179191E+02
   0.113265E+03   0.124269E+03   0.262888E+01   0.142250E+01  -0.192834E+02
   0.120298E+03   0.125544E+03   0.267563E+01   0.837487E+00  -0.171354E+02
   0.123015E+03   0.124457E+03   0.261180E+01   0.484848E+00  -0.178845E+02
   0.119961E+03   0.124894E+03   0.279792E+01   0.484848E+00  -0.154548E+02
   0.117106E+03   0.124474E+03   0.267564E+01   0.484848E+00  -0.158421E+02
   0.121857E+03   0.124571E+03   0.283381E+01   0.175299E+00  -0.168318E+02
   0.118899E+03   0.125329E+03   0.275756E+01   0.274840E+00  -0.161921E+02
   0.114230E+03   0.124418E+03   0.268719E+01   0.120377E+01  -0.179975E+02
   0.121038E+03   0.124748E+03   0.267335E+01   0.106467E-01  -0.160548E+02
   0.116319E+03   0.124941E+03   0.257601E+01   0.327710E+00  -0.157104E+02
   0.118666E+03   0.123963E+03   0.261690E+01   0.103550E+01  -0.174188E+02
   0.121458E+03   0.124687E+03   0.276529E+01   0.559847E+00  -0.162332E+02
   0.116313E+03   0.125851E+03   0.268683E+01   0.141163E+01  -0.187224E+02
   0.120399E+03   0.125486E+03   0.272775E+01   0.608848E+00  -0.169806E+02
   0.115595E+03   0.125512E+03   0.283932E+01   0.177652E+01  -0.189268E+02
   0.114004E+03   0.124522E+03   0.285885E+01   0.129127E+01  -0.181865E+02
   0.119297E+03   0.125102E+03   0.275961E+01   0.128447E+01  -0.166671E+02
   0.117273E+03   0.125102E+03   0.273633E+01   0.493337E+00  -0.155788E+02
   0.118811E+03   0.123864E+03   0.283186E+01   0.485529E+00  -0.185368E+02
   0.115073E+03   0.124159E+03   0.283186E+01   0.926089E+00  -0.177088E+02
   0.120932E+03   0.124834E+03   0.271325E+01   0.171328E+01  -0.181201E+02
   0.120197E+03   0.124785E+03   0.268789E+01   0.133636E+01  -0.168604E+02
   0.118334E+03   0.125051E+03   0.268789E+01   0.133636E+01  -0.166998E+02
   0.117665E+03   0.125120E+03   0.265294E+01   0.107199E+01  -0.161782E+02
   0.119295E+03   0.124798E+03   0.258387E+01   0.468026E-01  -0.153612E+02
   0.118530E+03   0.124579E+03   0.269802E+01   0.402792E+00  -0.154498E+02
   0.120694E+03   0.125239E+03   0.258331E+01   0.709207E+00  -0.163159E+02
   0.121423E+03   0.124391E+03   0.258331E+01   0.709207E+00  -0.167752E+02
   0.120209E+03   0.124391E+03   0.272829E+01   0.206337E+00  -0.164402E+02
   0.119876E+03   0.124722E+03   0.281683E+01   0.206337E+00  -0.155259E+02
   0.115098E+03   0.124722E+03   0.269619E+01   0.206337E+00  -0.164853E+02
   0.118274E+03   0.124722E+03   0.272494E+01   0.737104E+00  -0.154016E+02
   0.117326E+03   0.125344E+03   0.270906E+01   0.883104E+00  -0.163363E+02
   0.119876E+03   0.125344E+03   0.261145E+01   0.848634E+00  -0.163870E+02
   0.117064E+03   0.125153E+03   0.274585E+01   0.735617E+00  -0.158339E+02
   0.117210E+03   0.125153E+03   0.265235E+01   0.554432E+00  -0.157017E+02
   0.112654E+03   0.124981E+03   0.263695E+01   0.930490E+00  -0.187500E+02
   0.120904E+03   0.124981E+03   0.271486E+01   0.938855E+00  -0.162902E+02
   0.121058E+03   0.124737E+03   0.276442E+01   0.919304E+00  -0.162927E+02
   0.116600E+03   0.124706E+03   0.276442E+01   0.995572E+00  -0.161112E+02
   0.120763E+03   0.124402E+03   0.284343E+01   0.102005E+01  -0.166958E+02
   0.120375E+03   0.124014E+03   0.283326E+01   0.833923E+00  -0.175434E+02
   0.123214E+03   0.124768E+03   0.283326E+01   0.833923E+00  -0.176678E+02
   0.117038E+03   0.124990E+03   0.259587E+01   0.394788E+00  -0.154784E+02
   0.119337E+03   0.124641E+03   0.286059E+01   0.394788E+00  -0.154317E+02
   0.118526E+03   0.124618E+03   0.269126E+01   0.277816E+00  -0.154233E+02
   0.118779E+03   0.124618E+03   0.269126E+01   0.277816E+00  -0.154357E+02
   0.117666E+03   0.124767E+03   0.276826E+01   0.336961E+00  -0.152851E+02
   0.118994E+03   0.125302E+03   0.269346E+01   0.570794E-02  -0.162061E+02
   0.120665E+03   0.124578E+03   0.271757E+01   0.570794E-02  -0.161300E+02
   0.116042E+03   0.125709E+03   0.276109E+01   0.199842E+01  -0.196033E+02
   0.115294E+03   0.124278E+03   0.273762E+01   0.228225E-02  -0.177378E+02
   0.119905E+03   0.124236E+03   0.273510E+01   0.443579E+00  -0.167402E+02
   0.130285E+03   0.123027E+03   0.260499E+01   0.442960E+01  -0.282415E+02
   0.126925E+03   0.122556E+03   0.274221E+01   0.253115E+01  -0.264071E+02
   0.122285E+03   0.125152E+03   0.283956E+01   0.157546E+01  -0.184900E+02
   0.119896E+03   0.125165E+03   0.261334E+01   0.167205E+01  -0.178703E+02
   0.118632E+03   0.125165E+03   0.282898E+01   0.155813E+01  -0.174039E+02
   0.123097E+03   0.125501E+03   0.264965E+01   0.558665E+00  -0.188959E+02
   0.115346E+03   0.125515E+03   0.273896E+01   0.796310E+00  -0.175859E+02
   0.117283E+03   0.124325E+03   0.280094E+01   0.308854E-01  -0.165923E+02
   0.121323E+03   0.124544E+03   0.277138E+01   0.226868E+00  -0.165062E+02
   0.114550E+03   0.124544E+03   0.258649E+01   0.657925E+00  -0.170253E+02
   0.118900E+03   0.124686E+03   0.258649E+01   0.657925E+00  -0.153748E+02
   0.118609E+03   0.124686E+03   0.258649E+01   0.501748E+00  -0.152863E+02
   0.119618E+03   0.124686E+03   0.263999E+01   0.167087E+01  -0.176899E+02
   0.117370E+03   0.124619E+03   0.272226E+01   0.869726E+00  -0.157623E+02
   0.118739E+03   0.124619E+03   0.266939E+01   0.357592E+00  -0.154013E+02
   0.119797E+03   0.125068E+03   0.275689E+01   0.838893E-01  -0.156802E+02
   0.118447E+03   0.125041E+03   0.265050E+01   0.651756E+00  -0.154124E+02
   0.119558E+03   0.124449E+03   0.271693E+01   0.158370E+00  -0.160562E+02
   0.116570E+03   0.125365E+03   0.264797E+01   0.754209E+00  -0.165050E+02
   0.120121E+03   0.124792E+03   0.266199E+01   0.117326E+01  -0.164301E+02
   0.118941E+03   0.124578E+03   0.279702E+01   0.434299E-01  -0.156108E+02
   0.120257E+03   0.124603E+03   0.278837E+01   0.235970E+01  -0.198162E+02
   0.118161E+03   0.124603E+03   0.271934E+01   0.212839E+00  -0.154854E+02
   0.120653E+03   0.125439E+03   0.271934E+01   0.854675E+00  -0.169289E+02
   0.116222E+03   0.124184E+03   0.264509E+01   0.157470E+01  -0.181270E+02
   0.118710E+03   0.124711E+03   0.285741E+01   0.961750E+00  -0.157543E+02
   0.117441E+03   0.124547E+03   0.285741E+01   0.103250E+01  -0.161056E+02
   0.118502E+03   0.124903E+03   0.278501E+01   0.971940E+00  -0.157519E+02
   0.116917E+03   0.125076E+03   0.279406E+01   0.177344E+00  -0.157114E+02
   0.114014E+03   0.125076E+03   0.276556E+01   0.177344E+00  -0.175593E+02
   0.119803E+03   0.124867E+03   0.260907E+01   0.854727E+00  -0.157104E+02
   0.119608E+03   0.124867E+03   0.260907E+01   0.360079E+00  -0.153491E+02
   0.120724E+03   0.125352E+03   0.285324E+01   0.651666E+00  -0.166221E+02
   0.116529E+03   0.126043E+03   0.277874E+01   0.734465E+00  -0.198324E+02
   0.118527E+03   0.125563E+03   0.280779E+01   0.134344E+01  -0.174984E+02
   0.114599E+03   0.125361E+03   0.276851E+01   0.625544E+00  -0.175840E+02
   0.117769E+03   0.125070E+03   0.285448E+01   0.625544E+00  -0.154774E+02
   0.119648E+03   0.125348E+03   0.270113E+01   0.923370E+00  -0.164203E+02
   0.113589E+03   0.124486E+03   0.270113E+01   0.923370E+00  -0.180503E+02
   0.118636E+03   0.124486E+03   0.265636E+01   0.137869E+01  -0.168947E+02
   0.116779E+03   0.124486E+03   0.282820E+01   0.506508E+00  -0.159062E+02
   0.114287E+03   0.125457E+03   0.281693E+01   0.130240E+01  -0.185373E+02
   0.119211E+03   0.124532E+03   0.283088E+01   0.109723E+01  -0.162238E+02
   0.117302E+03   0.124346E+03   0.264117E+01   0.565152E-01  -0.164922E+02
   0.119224E+03   0.125107E+03   0.266732E+01   0.377529E+00  -0.155321E+02
   0.116180E+03   0.124749E+03   0.274331E+01   0.778740E+00  -0.159162E+02
   0.119831E+03   0.125191E+03   0.284907E+01   0.194516E+00  -0.159521E+02
   0.119525E+03   0.124969E+03   0.279389E+01   0.115138E+01  -0.162780E+02
   0.116168E+03   0.125308E+03   0.262886E+01   0.130090E+01  -0.173096E+02
   0.120770E+03   0.123984E+03   0.265621E+01   0.955088E+00  -0.178036E+02
   0.116900E+03   0.125141E+03   0.280933E+01   0.689005E+00  -0.158221E+02
   0.115729E+03   0.124660E+03   0.280933E+01   0.576324E-01  -0.162045E+02
   0.122246E+03   0.124660E+03   0.280933E+01   0.934942E+00  -0.170625E+02
   0.118201E+03   0.123941E+03   0.263484E+01   0.934942E+00  -0.174725E+02
   0.116621E+03   0.124793E+03   0.262480E+01   0.861321E+00  -0.158442E+02
   0.118097E+03   0.125399E+03   0.270135E+01   0.319957E+00  -0.164338E+02
   0.115941E+03   0.124687E+03   0.259411E+01   0.114417E-02  -0.160479E+02
   0.117838E+03   0.125087E+03   0.285366E+01   0.149207E+01  -0.171765E+02
   0.120339E+03   0.124859E+03   0.270465E+01   0.149207E+01  -0.173221E+02
   0.116877E+03   0.125724E+03   0.260088E+01   0.804503E+00  -0.177788E+02
   0.116459E+03   0.125803E+03   0.285810E+01   0.166450E+01  -0.189600E+02
   0.117989E+03   0.124948E+03   0.277602E+01   0.128469E+01  -0.165167E+02
   0.116870E+03   0.124226E+03   0.281132E+01   0.106162E+01  -0.168572E+02
   0.114392E+03   0.125035E+03   0.281132E+01   0.106162E+01  -0.174322E+02
   0.121545E+03   0.124662E+03   0.266735E+01   0.956494E+00  -0.166492E+02
   0.119920E+03   0.124749E+03   0.282821E+01   0.509815E+00  -0.154628E+02
   0.116857E+03   0.125541E+03   0.282821E+01   0.264291E+00  -0.174513E+02
   0.117654E+03   0.124514E+03   0.264904E+01   0.554556E+00  -0.156246E+02
   0.117941E+03   0.124514E+03   0.276660E+01   0.545613E+00  -0.155877E+02
   0.116597E+03   0.124829E+03   0.263296E+01   0.545613E+00  -0.155567E+02
   0.119875E+03   0.124829E+03   0.263296E+01   0.506902E+00  -0.154217E+02
   0.117663E+03   0.124367E+03   0.282135E+01   0.565479E+00  -0.160049E+02
   0.120261E+03   0.124367E+03   0.280237E+01   0.565479E+00  -0.162895E+02
   0.116532E+03   0.124630E+03   0.279844E+01   0.762766E+00  -0.158505E+02
   0.115269E+03   0.124630E+03   0.263816E+01   0.103890E+01  -0.168265E+02
   0.117535E+03   0.124630E+03   0.263816E+01   0.128436E+01  -0.165929E+02
   0.121017E+03   0.124630E+03   0.260350E+01   0.224363E+00  -0.161442E+02
   0.118851E+03   0.124994E+03   0.261724E+01   0.856761E+00  -0.156178E+02
   0.117778E+03   0.124994E+03   0.262648E+01   0.491970E+00  -0.153281E+02
   0.116462E+03   0.124994E+03   0.277448E+01   0.212298E+00  -0.157378E+02
   0.119786E+03   0.124872E+03   0.281131E+01   0.212298E+00  -0.154365E+02
   0.114507E+03   0.124872E+03   0.278895E+01   0.737532E+00  -0.168568E+02
   0.121624E+03   0.124922E+03   0.276935E+01   0.179638E+01  -0.186185E+02
   0.120093E+03   0.125491E+03   0.285102E+01   0.729469E+00  -0.168550E+02
   0.114386E+03   0.124941E+03   0.285102E+01   0.162712E+01  -0.185874E+02
   0.121120E+03   0.124594E+03   0.283865E+01   0.312731E+00  -0.162259E+02
   0.118323E+03   0.125260E+03   0.258504E+01   0.691314E+00  -0.158526E+02
   0.120682E+03   0.125658E+03   0.258504E+01   0.691314E+00  -0.178118E+02
   0.114467E+03   0.123935E+03   0.263416E+01   0.920421E+00  -0.189269E+02
   0.115000E+03   0.124617E+03   0.270036E+01   0.278991E+00  -0.166701E+02
   0.118761E+03   0.125210E+03   0.277592E+01   0.134171E+01  -0.168780E+02
   0.118520E+03   0.124229E+03   0.280730E+01   0.113919E+01  -0.167642E+02
   0.120274E+03   0.125551E+03   0.273951E+01   0.102549E+01  -0.172673E+02
   0.114901E+03   0.125551E+03   0.273951E+01   0.244165E+00  -0.185942E+02
   0.120095E+03   0.124031E+03   0.285004E+01   0.244165E+00  -0.182354E+02
   0.117652E+03   0.124839E+03   0.280669E+01   0.244165E+00  -0.152883E+02
   0.115878E+03   0.125316E+03   0.280669E+01   0.181797E+01  -0.186865E+02
   0.122889E+03   0.124531E+03   0.278063E+01   0.237106E+00  -0.177674E+02
   0.114823E+03   0.124938E+03   0.271294E+01   0.167841E+00  -0.166767E+02
   0.117054E+03   0.124516E+03   0.271294E+01   0.116281E+01  -0.164889E+02
   0.119583E+03   0.125012E+03   0.259289E+01   0.304194E+00  -0.154660E+02
   0.118188E+03   0.124102E+03   0.274394E+01   0.374462E+00  -0.172826E+02
   0.118459E+03   0.124731E+03   0.274394E+01   0.865236E-01  -0.153207E+02
   0.119251E+03   0.125495E+03   0.275355E+01   0.238438E-01  -0.171696E+02
   0.119080E+03   0.125353E+03   0.282159E+01   0.452747E+00  -0.161863E+02
   0.118406E+03   0.124149E+03   0.274750E+01   0.452747E+00  -0.169052E+02
   0.117833E+03   0.124798E+03   0.270531E+01   0.380968E+00  -0.152393E+02
   0.120175E+03   0.124775E+03   0.280486E+01   0.380968E+00  -0.155356E+02
   0.116761E+03   0.125465E+03   0.272761E+01   0.100219E+01  -0.169315E+02
   0.117495E+03   0.125128E+03   0.279570E+01   0.976683E+00  -0.160290E+02
   0.116998E+03   0.124628E+03   0.266372E+01   0.201801E+01  -0.187609E+02
   0.119651E+03   0.124749E+03   0.279101E+01   0.601025E+00  -0.154211E+02
   0.117359E+03   0.124749E+03   0.262979E+01   0.324015E+00  -0.153589E+02
   0.120622E+03   0.124159E+03   0.261982E+01   0.961530E+00  -0.171508E+02
   0.116427E+03   0.124720E+03   0.275473E+01   0.314954E+00  -0.156881E+02
   0.117058E+03   0.124392E+03   0.282071E+01   0.314954E+00  -0.162069E+02
   0.114001E+03   0.125143E+03   0.269615E+01   0.420116E+00  -0.175704E+02
   0.118059E+03   0.124457E+03   0.282857E+01   0.599778E+00  -0.157130E+02
   0.123071E+03   0.124948E+03   0.279036E+01   0.661353E+00  -0.174699E+02
   0.118021E+03   0.124848E+03   0.274832E+01   0.100792E+01  -0.158259E+02
   0.118701E+03   0.124848E+03   0.270527E+01   0.100792E+01  -0.158186E+02
   0.118567E+03   0.124648E+03   0.270527E+01   0.456226E+00  -0.153287E+02
   0.121003E+03   0.124648E+03   0.269363E+01   0.325879E+00  -0.160593E+02
   0.118313E+03   0.124648E+03   0.267862E+01   0.325879E+00  -0.153544E+02
   0.117208E+03   0.125093E+03   0.263491E+01   0.325879E+00  -0.156055E+02
