"loglikelihood"	"logprio"	"logposterior"
-244.132829814012	-4.60517018598809	-248.738
-243.975829814012	-4.60517018598809	-248.581
-245.110829814012	-4.60517018598809	-249.716
-243.639829814012	-4.60517018598809	-248.245
-244.292829814012	-4.60517018598809	-248.898
-243.951829814012	-4.60517018598809	-248.557
-243.344829814012	-4.60517018598809	-247.95
-245.467829814012	-4.60517018598809	-250.073
-244.781829814012	-4.60517018598809	-249.387
-244.518829814012	-4.60517018598809	-249.124
-243.364829814012	-4.60517018598809	-247.97
-246.105829814012	-4.60517018598809	-250.711
-243.427829814012	-4.60517018598809	-248.033
-244.096829814012	-4.60517018598809	-248.702
-244.845829814012	-4.60517018598809	-249.451
-244.615829814012	-4.60517018598809	-249.221
-243.672829814012	-4.60517018598809	-248.278
-243.607829814012	-4.60517018598809	-248.213
-243.927829814012	-4.60517018598809	-248.533
-243.668829814012	-4.60517018598809	-248.274
-243.628829814012	-4.60517018598809	-248.234
-244.255829814012	-4.60517018598809	-248.861
-243.752829814012	-4.60517018598809	-248.358
-243.861829814012	-4.60517018598809	-248.467
-243.617829814012	-4.60517018598809	-248.223
-244.220829814012	-4.60517018598809	-248.826
-244.123829814012	-4.60517018598809	-248.729
-243.418829814012	-4.60517018598809	-248.024
-244.037829814012	-4.60517018598809	-248.643
-245.091829814012	-4.60517018598809	-249.697
-243.679829814012	-4.60517018598809	-248.285
-245.030829814012	-4.60517018598809	-249.636
-244.534829814012	-4.60517018598809	-249.14
-244.586829814012	-4.60517018598809	-249.192
-243.705829814012	-4.60517018598809	-248.311
-245.880829814012	-4.60517018598809	-250.486
-244.314829814012	-4.60517018598809	-248.92
-243.470829814012	-4.60517018598809	-248.076
-244.340829814012	-4.60517018598809	-248.946
-243.837829814012	-4.60517018598809	-248.443
-243.602829814012	-4.60517018598809	-248.208
-243.690829814012	-4.60517018598809	-248.296
-243.427829814012	-4.60517018598809	-248.033
-244.142829814012	-4.60517018598809	-248.748
-243.847829814012	-4.60517018598809	-248.453
-244.103829814012	-4.60517018598809	-248.709
-244.567829814012	-4.60517018598809	-249.173
-243.405829814012	-4.60517018598809	-248.011
-244.775829814012	-4.60517018598809	-249.381
-243.488829814012	-4.60517018598809	-248.094
-244.696829814012	-4.60517018598809	-249.302
-243.807829814012	-4.60517018598809	-248.413
-245.784829814012	-4.60517018598809	-250.39
-245.745829814012	-4.60517018598809	-250.351
-243.674829814012	-4.60517018598809	-248.28
-245.011829814012	-4.60517018598809	-249.617
-243.613829814012	-4.60517018598809	-248.219
-243.359829814012	-4.60517018598809	-247.965
-243.523829814012	-4.60517018598809	-248.129
-243.745829814012	-4.60517018598809	-248.351
-243.495829814012	-4.60517018598809	-248.101
-243.526829814012	-4.60517018598809	-248.132
-245.071829814012	-4.60517018598809	-249.677
-243.797829814012	-4.60517018598809	-248.403
-243.749829814012	-4.60517018598809	-248.355
-245.015829814012	-4.60517018598809	-249.621
-243.690829814012	-4.60517018598809	-248.296
-243.893829814012	-4.60517018598809	-248.499
-243.323829814012	-4.60517018598809	-247.929
-244.373829814012	-4.60517018598809	-248.979
-243.495829814012	-4.60517018598809	-248.101
-243.324829814012	-4.60517018598809	-247.93
-243.606829814012	-4.60517018598809	-248.212
-243.781829814012	-4.60517018598809	-248.387
-243.436829814012	-4.60517018598809	-248.042
-243.827829814012	-4.60517018598809	-248.433
-244.216829814012	-4.60517018598809	-248.822
-243.656829814012	-4.60517018598809	-248.262
-243.837829814012	-4.60517018598809	-248.443
-244.626829814012	-4.60517018598809	-249.232
-244.580829814012	-4.60517018598809	-249.186
-244.469829814012	-4.60517018598809	-249.075
-246.567829814012	-4.60517018598809	-251.173
-243.723829814012	-4.60517018598809	-248.329
-243.876829814012	-4.60517018598809	-248.482
-245.748829814012	-4.60517018598809	-250.354
-246.338829814012	-4.60517018598809	-250.944
-245.034829814012	-4.60517018598809	-249.64
-244.414829814012	-4.60517018598809	-249.02
-243.696829814012	-4.60517018598809	-248.302
-244.819829814012	-4.60517018598809	-249.425
-246.251829814012	-4.60517018598809	-250.857
-243.589829814012	-4.60517018598809	-248.195
-243.589829814012	-4.60517018598809	-248.195
-243.667829814012	-4.60517018598809	-248.273
-244.905829814012	-4.60517018598809	-249.511
-243.659829814012	-4.60517018598809	-248.265
-243.318829814012	-4.60517018598809	-247.924
-243.319829814012	-4.60517018598809	-247.925
-243.721829814012	-4.60517018598809	-248.327
-244.130829814012	-4.60517018598809	-248.736
-244.484829814012	-4.60517018598809	-249.09
-244.434829814012	-4.60517018598809	-249.04
-243.994829814012	-4.60517018598809	-248.6
-244.649829814012	-4.60517018598809	-249.255
-243.469829814012	-4.60517018598809	-248.075
-244.436829814012	-4.60517018598809	-249.042
-245.870829814012	-4.60517018598809	-250.476
-246.775829814012	-4.60517018598809	-251.381
-243.558829814012	-4.60517018598809	-248.164
-245.237829814012	-4.60517018598809	-249.843
-243.684829814012	-4.60517018598809	-248.29
-246.351829814012	-4.60517018598809	-250.957
-244.892829814012	-4.60517018598809	-249.498
-243.439829814012	-4.60517018598809	-248.045
-244.940829814012	-4.60517018598809	-249.546
-243.494829814012	-4.60517018598809	-248.1
-244.529829814012	-4.60517018598809	-249.135
-244.161829814012	-4.60517018598809	-248.767
-244.877829814012	-4.60517018598809	-249.483
-243.768829814012	-4.60517018598809	-248.374
-244.140829814012	-4.60517018598809	-248.746
-246.601829814012	-4.60517018598809	-251.207
-243.440829814012	-4.60517018598809	-248.046
-243.372829814012	-4.60517018598809	-247.978
-244.861829814012	-4.60517018598809	-249.467
-244.694829814012	-4.60517018598809	-249.3
-243.781829814012	-4.60517018598809	-248.387
-243.506829814012	-4.60517018598809	-248.112
-244.222829814012	-4.60517018598809	-248.828
-245.882829814012	-4.60517018598809	-250.488
-245.081829814012	-4.60517018598809	-249.687
-243.802829814012	-4.60517018598809	-248.408
-243.737829814012	-4.60517018598809	-248.343
-244.901829814012	-4.60517018598809	-249.507
-243.857829814012	-4.60517018598809	-248.463
-243.493829814012	-4.60517018598809	-248.099
-245.162829814012	-4.60517018598809	-249.768
-244.081829814012	-4.60517018598809	-248.687
-244.437829814012	-4.60517018598809	-249.043
-243.760829814012	-4.60517018598809	-248.366
-243.698829814012	-4.60517018598809	-248.304
-243.804829814012	-4.60517018598809	-248.41
-244.027829814012	-4.60517018598809	-248.633
-244.581829814012	-4.60517018598809	-249.187
-244.591829814012	-4.60517018598809	-249.197
-243.596829814012	-4.60517018598809	-248.202
-243.898829814012	-4.60517018598809	-248.504
-243.367829814012	-4.60517018598809	-247.973
-243.520829814012	-4.60517018598809	-248.126
-243.315829814012	-4.60517018598809	-247.921
-244.420829814012	-4.60517018598809	-249.026
-243.651829814012	-4.60517018598809	-248.257
-243.424829814012	-4.60517018598809	-248.03
-243.849829814012	-4.60517018598809	-248.455
-243.596829814012	-4.60517018598809	-248.202
-244.592829814012	-4.60517018598809	-249.198
-244.840829814012	-4.60517018598809	-249.446
-244.097829814012	-4.60517018598809	-248.703
-243.393829814012	-4.60517018598809	-247.999
-244.586829814012	-4.60517018598809	-249.192
-244.078829814012	-4.60517018598809	-248.684
-246.388829814012	-4.60517018598809	-250.994
-243.891829814012	-4.60517018598809	-248.497
-244.283829814012	-4.60517018598809	-248.889
-243.527829814012	-4.60517018598809	-248.133
-243.629829814012	-4.60517018598809	-248.235
-243.716829814012	-4.60517018598809	-248.322
-244.067829814012	-4.60517018598809	-248.673
-243.728829814012	-4.60517018598809	-248.334
-243.592829814012	-4.60517018598809	-248.198
-243.586829814012	-4.60517018598809	-248.192
-243.532829814012	-4.60517018598809	-248.138
-244.451829814012	-4.60517018598809	-249.057
-244.827829814012	-4.60517018598809	-249.433
-244.219829814012	-4.60517018598809	-248.825
-243.905829814012	-4.60517018598809	-248.511
-243.417829814012	-4.60517018598809	-248.023
-243.391829814012	-4.60517018598809	-247.997
-244.432829814012	-4.60517018598809	-249.038
-244.997829814012	-4.60517018598809	-249.603
-245.131829814012	-4.60517018598809	-249.737
-244.102829814012	-4.60517018598809	-248.708
-244.334829814012	-4.60517018598809	-248.94
-243.824829814012	-4.60517018598809	-248.43
-244.030829814012	-4.60517018598809	-248.636
-245.131829814012	-4.60517018598809	-249.737
-244.444829814012	-4.60517018598809	-249.05
-243.773829814012	-4.60517018598809	-248.379
-243.611829814012	-4.60517018598809	-248.217
-243.457829814012	-4.60517018598809	-248.063
-244.413829814012	-4.60517018598809	-249.019
-244.090829814012	-4.60517018598809	-248.696
-244.381829814012	-4.60517018598809	-248.987
-244.102829814012	-4.60517018598809	-248.708
-244.016829814012	-4.60517018598809	-248.622
-244.187829814012	-4.60517018598809	-248.793
-244.083829814012	-4.60517018598809	-248.689
-244.335829814012	-4.60517018598809	-248.941
-243.964829814012	-4.60517018598809	-248.57
-243.392829814012	-4.60517018598809	-247.998
-244.373829814012	-4.60517018598809	-248.979
-244.422829814012	-4.60517018598809	-249.028
-244.016829814012	-4.60517018598809	-248.622
-243.401829814012	-4.60517018598809	-248.007
-243.834829814012	-4.60517018598809	-248.44
-243.861829814012	-4.60517018598809	-248.467
-243.696829814012	-4.60517018598809	-248.302
-247.386829814012	-4.60517018598809	-251.992
-246.491829814012	-4.60517018598809	-251.097
-243.519829814012	-4.60517018598809	-248.125
-245.017829814012	-4.60517018598809	-249.623
-244.273829814012	-4.60517018598809	-248.879
-244.513829814012	-4.60517018598809	-249.119
-243.654829814012	-4.60517018598809	-248.26
-243.416829814012	-4.60517018598809	-248.022
-244.389829814012	-4.60517018598809	-248.995
-243.410829814012	-4.60517018598809	-248.016
-243.379829814012	-4.60517018598809	-247.985
-243.813829814012	-4.60517018598809	-248.419
-246.272829814012	-4.60517018598809	-250.878
-245.542829814012	-4.60517018598809	-250.148
-244.450829814012	-4.60517018598809	-249.056
-243.541829814012	-4.60517018598809	-248.147
-244.001829814012	-4.60517018598809	-248.607
-245.406829814012	-4.60517018598809	-250.012
-245.741829814012	-4.60517018598809	-250.347
-245.248829814012	-4.60517018598809	-249.854
-243.353829814012	-4.60517018598809	-247.959
-243.941829814012	-4.60517018598809	-248.547
-246.096829814012	-4.60517018598809	-250.702
-245.255829814012	-4.60517018598809	-249.861
-243.397829814012	-4.60517018598809	-248.003
-243.601829814012	-4.60517018598809	-248.207
-244.106829814012	-4.60517018598809	-248.712
-243.398829814012	-4.60517018598809	-248.004
-245.186829814012	-4.60517018598809	-249.792
-244.773829814012	-4.60517018598809	-249.379
-243.771829814012	-4.60517018598809	-248.377
-243.689829814012	-4.60517018598809	-248.295
-243.597829814012	-4.60517018598809	-248.203
-243.708829814012	-4.60517018598809	-248.314
-245.495829814012	-4.60517018598809	-250.101
-243.993829814012	-4.60517018598809	-248.599
-244.638829814012	-4.60517018598809	-249.244
-243.514829814012	-4.60517018598809	-248.12
-243.745829814012	-4.60517018598809	-248.351
-244.851829814012	-4.60517018598809	-249.457
-246.007829814012	-4.60517018598809	-250.613
-243.391829814012	-4.60517018598809	-247.997
-245.955829814012	-4.60517018598809	-250.561
-244.916829814012	-4.60517018598809	-249.522
-244.261829814012	-4.60517018598809	-248.867
-244.024829814012	-4.60517018598809	-248.63
-243.595829814012	-4.60517018598809	-248.201
-244.877829814012	-4.60517018598809	-249.483
-243.701829814012	-4.60517018598809	-248.307
-243.420829814012	-4.60517018598809	-248.026
-243.432829814012	-4.60517018598809	-248.038
-243.347829814012	-4.60517018598809	-247.953
-243.579829814012	-4.60517018598809	-248.185
-243.571829814012	-4.60517018598809	-248.177
-243.480829814012	-4.60517018598809	-248.086
-243.481829814012	-4.60517018598809	-248.087
-244.355829814012	-4.60517018598809	-248.961
-243.540829814012	-4.60517018598809	-248.146
-245.900829814012	-4.60517018598809	-250.506
-245.411829814012	-4.60517018598809	-250.017
-245.665829814012	-4.60517018598809	-250.271
-246.398829814012	-4.60517018598809	-251.004
-244.820829814012	-4.60517018598809	-249.426
-245.431829814012	-4.60517018598809	-250.037
-243.566829814012	-4.60517018598809	-248.172
-243.310829814012	-4.60517018598809	-247.916
-243.726829814012	-4.60517018598809	-248.332
-245.043829814012	-4.60517018598809	-249.649
-244.891829814012	-4.60517018598809	-249.497
-244.152829814012	-4.60517018598809	-248.758
-246.058829814012	-4.60517018598809	-250.664
-243.573829814012	-4.60517018598809	-248.179
-243.807829814012	-4.60517018598809	-248.413
-243.937829814012	-4.60517018598809	-248.543
-243.679829814012	-4.60517018598809	-248.285
-243.529829814012	-4.60517018598809	-248.135
-243.458829814012	-4.60517018598809	-248.064
-243.635829814012	-4.60517018598809	-248.241
-243.310829814012	-4.60517018598809	-247.916
-243.728829814012	-4.60517018598809	-248.334
-243.570829814012	-4.60517018598809	-248.176
-243.592829814012	-4.60517018598809	-248.198
-243.666829814012	-4.60517018598809	-248.272
-243.692829814012	-4.60517018598809	-248.298
-243.373829814012	-4.60517018598809	-247.979
-244.567829814012	-4.60517018598809	-249.173
-243.523829814012	-4.60517018598809	-248.129
-243.741829814012	-4.60517018598809	-248.347
-244.671829814012	-4.60517018598809	-249.277
-243.829829814012	-4.60517018598809	-248.435
-244.862829814012	-4.60517018598809	-249.468
-243.497829814012	-4.60517018598809	-248.103
-243.334829814012	-4.60517018598809	-247.94
-244.638829814012	-4.60517018598809	-249.244
-243.463829814012	-4.60517018598809	-248.069
-244.083829814012	-4.60517018598809	-248.689
-244.173829814012	-4.60517018598809	-248.779
-243.784829814012	-4.60517018598809	-248.39
-244.453829814012	-4.60517018598809	-249.059
-244.081829814012	-4.60517018598809	-248.687
-245.108829814012	-4.60517018598809	-249.714
-243.846829814012	-4.60517018598809	-248.452
-244.587829814012	-4.60517018598809	-249.193
-245.900829814012	-4.60517018598809	-250.506
-245.744829814012	-4.60517018598809	-250.35
-245.790829814012	-4.60517018598809	-250.396
-245.811829814012	-4.60517018598809	-250.417
-244.241829814012	-4.60517018598809	-248.847
-244.020829814012	-4.60517018598809	-248.626
-243.714829814012	-4.60517018598809	-248.32
-244.135829814012	-4.60517018598809	-248.741
-243.659829814012	-4.60517018598809	-248.265
-243.659829814012	-4.60517018598809	-248.265
-243.348829814012	-4.60517018598809	-247.954
-245.205829814012	-4.60517018598809	-249.811
-244.418829814012	-4.60517018598809	-249.024
-243.856829814012	-4.60517018598809	-248.462
-243.394829814012	-4.60517018598809	-248
-244.442829814012	-4.60517018598809	-249.048
-245.606829814012	-4.60517018598809	-250.212
-243.938829814012	-4.60517018598809	-248.544
-243.528829814012	-4.60517018598809	-248.134
-243.831829814012	-4.60517018598809	-248.437
-243.770829814012	-4.60517018598809	-248.376
-244.550829814012	-4.60517018598809	-249.156
-244.386829814012	-4.60517018598809	-248.992
-244.012829814012	-4.60517018598809	-248.618
-244.394829814012	-4.60517018598809	-249
-244.026829814012	-4.60517018598809	-248.632
-244.142829814012	-4.60517018598809	-248.748
-243.921829814012	-4.60517018598809	-248.527
-243.835829814012	-4.60517018598809	-248.441
-244.644829814012	-4.60517018598809	-249.25
-243.535829814012	-4.60517018598809	-248.141
-243.623829814012	-4.60517018598809	-248.229
-245.027829814012	-4.60517018598809	-249.633
-243.626829814012	-4.60517018598809	-248.232
-244.253829814012	-4.60517018598809	-248.859
-244.057829814012	-4.60517018598809	-248.663
-243.995829814012	-4.60517018598809	-248.601
-243.755829814012	-4.60517018598809	-248.361
-243.809829814012	-4.60517018598809	-248.415
-243.408829814012	-4.60517018598809	-248.014
-243.508829814012	-4.60517018598809	-248.114
-244.838829814012	-4.60517018598809	-249.444
-244.867829814012	-4.60517018598809	-249.473
-244.689829814012	-4.60517018598809	-249.295
-244.065829814012	-4.60517018598809	-248.671
-243.497829814012	-4.60517018598809	-248.103
-243.776829814012	-4.60517018598809	-248.382
-243.557829814012	-4.60517018598809	-248.163
-243.934829814012	-4.60517018598809	-248.54
-244.597829814012	-4.60517018598809	-249.203
-247.969829814012	-4.60517018598809	-252.575
-244.080829814012	-4.60517018598809	-248.686
-244.491829814012	-4.60517018598809	-249.097
-243.838829814012	-4.60517018598809	-248.444
-243.443829814012	-4.60517018598809	-248.049
-243.940829814012	-4.60517018598809	-248.546
-244.577829814012	-4.60517018598809	-249.183
-246.466829814012	-4.60517018598809	-251.072
-244.525829814012	-4.60517018598809	-249.131
-243.342829814012	-4.60517018598809	-247.948
-244.060829814012	-4.60517018598809	-248.666
-244.192829814012	-4.60517018598809	-248.798
-243.389829814012	-4.60517018598809	-247.995
-245.291829814012	-4.60517018598809	-249.897
-244.628829814012	-4.60517018598809	-249.234
-244.870829814012	-4.60517018598809	-249.476
-245.073829814012	-4.60517018598809	-249.679
-243.543829814012	-4.60517018598809	-248.149
-243.469829814012	-4.60517018598809	-248.075
-244.871829814012	-4.60517018598809	-249.477
-243.406829814012	-4.60517018598809	-248.012
-243.997829814012	-4.60517018598809	-248.603
-244.489829814012	-4.60517018598809	-249.095
-244.598829814012	-4.60517018598809	-249.204
-244.449829814012	-4.60517018598809	-249.055
-244.513829814012	-4.60517018598809	-249.119
-243.867829814012	-4.60517018598809	-248.473
-243.323829814012	-4.60517018598809	-247.929
-243.729829814012	-4.60517018598809	-248.335
-244.398829814012	-4.60517018598809	-249.004
-243.449829814012	-4.60517018598809	-248.055
-245.236829814012	-4.60517018598809	-249.842
-245.505829814012	-4.60517018598809	-250.111
-243.467829814012	-4.60517018598809	-248.073
-243.643829814012	-4.60517018598809	-248.249
-243.372829814012	-4.60517018598809	-247.978
-244.255829814012	-4.60517018598809	-248.861
-243.992829814012	-4.60517018598809	-248.598
-244.974829814012	-4.60517018598809	-249.58
-243.510829814012	-4.60517018598809	-248.116
-244.536829814012	-4.60517018598809	-249.142
-243.638829814012	-4.60517018598809	-248.244
-243.521829814012	-4.60517018598809	-248.127
-244.119829814012	-4.60517018598809	-248.725
-243.310829814012	-4.60517018598809	-247.916
-243.473829814012	-4.60517018598809	-248.079
-243.866829814012	-4.60517018598809	-248.472
-243.732829814012	-4.60517018598809	-248.338
-243.927829814012	-4.60517018598809	-248.533
-243.783829814012	-4.60517018598809	-248.389
-243.571829814012	-4.60517018598809	-248.177
-245.684829814012	-4.60517018598809	-250.29
-244.235829814012	-4.60517018598809	-248.841
-244.408829814012	-4.60517018598809	-249.014
-243.487829814012	-4.60517018598809	-248.093
-243.845829814012	-4.60517018598809	-248.451
-243.632829814012	-4.60517018598809	-248.238
-243.823829814012	-4.60517018598809	-248.429
-243.816829814012	-4.60517018598809	-248.422
-246.794829814012	-4.60517018598809	-251.4
-243.393829814012	-4.60517018598809	-247.999
-243.534829814012	-4.60517018598809	-248.14
-243.841829814012	-4.60517018598809	-248.447
-243.527829814012	-4.60517018598809	-248.133
-246.602829814012	-4.60517018598809	-251.208
-243.868829814012	-4.60517018598809	-248.474
-244.626829814012	-4.60517018598809	-249.232
-243.385829814012	-4.60517018598809	-247.991
-245.085829814012	-4.60517018598809	-249.691
-244.565829814012	-4.60517018598809	-249.171
-244.220829814012	-4.60517018598809	-248.826
-243.494829814012	-4.60517018598809	-248.1
-246.099829814012	-4.60517018598809	-250.705
-244.828829814012	-4.60517018598809	-249.434
-243.315829814012	-4.60517018598809	-247.921
-243.500829814012	-4.60517018598809	-248.106
-245.657829814012	-4.60517018598809	-250.263
-243.566829814012	-4.60517018598809	-248.172
-244.648829814012	-4.60517018598809	-249.254
-244.637829814012	-4.60517018598809	-249.243
-243.473829814012	-4.60517018598809	-248.079
-243.394829814012	-4.60517018598809	-248
-244.841829814012	-4.60517018598809	-249.447
-244.245829814012	-4.60517018598809	-248.851
-243.937829814012	-4.60517018598809	-248.543
-245.914829814012	-4.60517018598809	-250.52
-243.498829814012	-4.60517018598809	-248.104
-245.197829814012	-4.60517018598809	-249.803
-243.412829814012	-4.60517018598809	-248.018
-243.771829814012	-4.60517018598809	-248.377
-244.112829814012	-4.60517018598809	-248.718
-244.288829814012	-4.60517018598809	-248.894
-243.988829814012	-4.60517018598809	-248.594
-244.057829814012	-4.60517018598809	-248.663
-244.101829814012	-4.60517018598809	-248.707
-245.041829814012	-4.60517018598809	-249.647
-243.361829814012	-4.60517018598809	-247.967
-243.832829814012	-4.60517018598809	-248.438
-244.220829814012	-4.60517018598809	-248.826
-250.257829814012	-4.60517018598809	-254.863
-243.700829814012	-4.60517018598809	-248.306
-243.880829814012	-4.60517018598809	-248.486
-244.388829814012	-4.60517018598809	-248.994
-244.859829814012	-4.60517018598809	-249.465
-244.871829814012	-4.60517018598809	-249.477
-243.641829814012	-4.60517018598809	-248.247
-244.026829814012	-4.60517018598809	-248.632
-245.011829814012	-4.60517018598809	-249.617
-245.118829814012	-4.60517018598809	-249.724
-243.963829814012	-4.60517018598809	-248.569
-244.055829814012	-4.60517018598809	-248.661
-243.820829814012	-4.60517018598809	-248.426
-244.893829814012	-4.60517018598809	-249.499
-245.362829814012	-4.60517018598809	-249.968
-244.438829814012	-4.60517018598809	-249.044
-244.151829814012	-4.60517018598809	-248.757
-244.420829814012	-4.60517018598809	-249.026
-243.374829814012	-4.60517018598809	-247.98
-244.309829814012	-4.60517018598809	-248.915
-245.571829814012	-4.60517018598809	-250.177
-243.469829814012	-4.60517018598809	-248.075
-244.147829814012	-4.60517018598809	-248.753
-244.295829814012	-4.60517018598809	-248.901
-243.811829814012	-4.60517018598809	-248.417
-243.729829814012	-4.60517018598809	-248.335
-243.313829814012	-4.60517018598809	-247.919
-243.358829814012	-4.60517018598809	-247.964
-243.646829814012	-4.60517018598809	-248.252
-243.514829814012	-4.60517018598809	-248.12
-244.057829814012	-4.60517018598809	-248.663
-243.770829814012	-4.60517018598809	-248.376
-243.786829814012	-4.60517018598809	-248.392
-243.497829814012	-4.60517018598809	-248.103
-244.745829814012	-4.60517018598809	-249.351
-243.508829814012	-4.60517018598809	-248.114
-245.356829814012	-4.60517018598809	-249.962
-245.170829814012	-4.60517018598809	-249.776
-243.589829814012	-4.60517018598809	-248.195
-243.415829814012	-4.60517018598809	-248.021
