res1           res2           tau1           Y1_gamma1      LogPost        
   0.991199E+02   0.794173E+02   0.689886E+01   0.401687E+01  -0.285677E+03
   0.998728E+02   0.784652E+02   0.696880E+01   0.411991E+01  -0.285209E+03
   0.993630E+02   0.805824E+02   0.696880E+01   0.391412E+01  -0.286231E+03
   0.100119E+03   0.804779E+02   0.707461E+01   0.396297E+01  -0.285008E+03
   0.996999E+02   0.802930E+02   0.694069E+01   0.379986E+01  -0.284909E+03
   0.987893E+02   0.795542E+02   0.685432E+01   0.374503E+01  -0.287253E+03
   0.100312E+03   0.793326E+02   0.688148E+01   0.361206E+01  -0.284105E+03
   0.100191E+03   0.799565E+02   0.686773E+01   0.352582E+01  -0.284583E+03
   0.100286E+03   0.791017E+02   0.699917E+01   0.329326E+01  -0.285725E+03
   0.100219E+03   0.797635E+02   0.700014E+01   0.386646E+01  -0.283925E+03
   0.100533E+03   0.802446E+02   0.702367E+01   0.409808E+01  -0.285091E+03
   0.100326E+03   0.789333E+02   0.697478E+01   0.383455E+01  -0.284154E+03
   0.100937E+03   0.800470E+02   0.687081E+01   0.405330E+01  -0.285585E+03
   0.100284E+03   0.793144E+02   0.707665E+01   0.382131E+01  -0.283853E+03
   0.100569E+03   0.803224E+02   0.661891E+01   0.441082E+01  -0.288233E+03
   0.100162E+03   0.803263E+02   0.704748E+01   0.422468E+01  -0.285274E+03
   0.100141E+03   0.794194E+02   0.706658E+01   0.400587E+01  -0.283953E+03
   0.100501E+03   0.790564E+02   0.689254E+01   0.372264E+01  -0.284302E+03
   0.100211E+03   0.793690E+02   0.684807E+01   0.390856E+01  -0.283844E+03
   0.997100E+02   0.799632E+02   0.697088E+01   0.379669E+01  -0.284389E+03
   0.100103E+03   0.787422E+02   0.707781E+01   0.462281E+01  -0.286699E+03
   0.100888E+03   0.781773E+02   0.684704E+01   0.456708E+01  -0.288111E+03
   0.100156E+03   0.789489E+02   0.702779E+01   0.385863E+01  -0.284057E+03
   0.100339E+03   0.796164E+02   0.700490E+01   0.422514E+01  -0.284640E+03
   0.994623E+02   0.788984E+02   0.702366E+01   0.403358E+01  -0.285020E+03
   0.100200E+03   0.807263E+02   0.692950E+01   0.420049E+01  -0.286031E+03
   0.100939E+03   0.802502E+02   0.668479E+01   0.399239E+01  -0.288051E+03
   0.100793E+03   0.792954E+02   0.692065E+01   0.405946E+01  -0.284869E+03
   0.100165E+03   0.787461E+02   0.702540E+01   0.397627E+01  -0.284404E+03
   0.100327E+03   0.799062E+02   0.653450E+01   0.421799E+01  -0.287295E+03
   0.100310E+03   0.792415E+02   0.685937E+01   0.401071E+01  -0.284068E+03
   0.996531E+02   0.801816E+02   0.700328E+01   0.395294E+01  -0.284821E+03
   0.100333E+03   0.797666E+02   0.701856E+01   0.422374E+01  -0.284704E+03
   0.994711E+02   0.802475E+02   0.671021E+01   0.400009E+01  -0.288221E+03
   0.993013E+02   0.800615E+02   0.645194E+01   0.378032E+01  -0.288911E+03
   0.100855E+03   0.803358E+02   0.677852E+01   0.402768E+01  -0.287953E+03
   0.100644E+03   0.792552E+02   0.704373E+01   0.447072E+01  -0.285977E+03
   0.100578E+03   0.794370E+02   0.706995E+01   0.439857E+01  -0.285532E+03
   0.995436E+02   0.797413E+02   0.697789E+01   0.393786E+01  -0.284526E+03
   0.101333E+03   0.804359E+02   0.701566E+01   0.408053E+01  -0.287618E+03
   0.100219E+03   0.796449E+02   0.701566E+01   0.410398E+01  -0.284227E+03
   0.998093E+02   0.786181E+02   0.687536E+01   0.332347E+01  -0.286493E+03
   0.100862E+03   0.793420E+02   0.644566E+01   0.359769E+01  -0.288804E+03
   0.100949E+03   0.791201E+02   0.696657E+01   0.409469E+01  -0.285414E+03
   0.999281E+02   0.796561E+02   0.689603E+01   0.329158E+01  -0.285604E+03
   0.100410E+03   0.803691E+02   0.689603E+01   0.352457E+01  -0.285514E+03
   0.100031E+03   0.809957E+02   0.690538E+01   0.354710E+01  -0.287197E+03
   0.996471E+02   0.793425E+02   0.695847E+01   0.352194E+01  -0.284753E+03
   0.999752E+02   0.779821E+02   0.657311E+01   0.432962E+01  -0.290617E+03
   0.997037E+02   0.796419E+02   0.697469E+01   0.427588E+01  -0.285005E+03
   0.998225E+02   0.791100E+02   0.693535E+01   0.388363E+01  -0.284073E+03
   0.100044E+03   0.791809E+02   0.693123E+01   0.356228E+01  -0.284237E+03
   0.996937E+02   0.790476E+02   0.692406E+01   0.386308E+01  -0.284283E+03
   0.100335E+03   0.799020E+02   0.689423E+01   0.363176E+01  -0.284309E+03
   0.100637E+03   0.789835E+02   0.700293E+01   0.375960E+01  -0.284577E+03
   0.100152E+03   0.797076E+02   0.706042E+01   0.334911E+01  -0.285174E+03
   0.100281E+03   0.801553E+02   0.701019E+01   0.446754E+01  -0.286023E+03
   0.999974E+02   0.810262E+02   0.700870E+01   0.392388E+01  -0.286526E+03
   0.100409E+03   0.796472E+02   0.687487E+01   0.355794E+01  -0.284383E+03
   0.100389E+03   0.785904E+02   0.692284E+01   0.372439E+01  -0.284828E+03
   0.996650E+02   0.790008E+02   0.707904E+01   0.452570E+01  -0.286242E+03
   0.100708E+03   0.790806E+02   0.701377E+01   0.418301E+01  -0.285079E+03
   0.100339E+03   0.788733E+02   0.696692E+01   0.378399E+01  -0.284253E+03
   0.100052E+03   0.791431E+02   0.703827E+01   0.387604E+01  -0.283899E+03
   0.100318E+03   0.793538E+02   0.688328E+01   0.488686E+01  -0.288004E+03
   0.991476E+02   0.788808E+02   0.694280E+01   0.358118E+01  -0.286466E+03
   0.101085E+03   0.786580E+02   0.701070E+01   0.407454E+01  -0.286296E+03
   0.988308E+02   0.789725E+02   0.693002E+01   0.401538E+01  -0.287035E+03
   0.100348E+03   0.799153E+02   0.707302E+01   0.358241E+01  -0.284460E+03
   0.100054E+03   0.793526E+02   0.707844E+01   0.361237E+01  -0.284021E+03
   0.100073E+03   0.795745E+02   0.707844E+01   0.397756E+01  -0.283926E+03
   0.100442E+03   0.785874E+02   0.707844E+01   0.418888E+01  -0.285254E+03
   0.100074E+03   0.792911E+02   0.707844E+01   0.393853E+01  -0.283877E+03
   0.101199E+03   0.797824E+02   0.700633E+01   0.480716E+01  -0.289020E+03
   0.998044E+02   0.807197E+02   0.691012E+01   0.373846E+01  -0.285863E+03
   0.100936E+03   0.797374E+02   0.708219E+01   0.356602E+01  -0.285678E+03
   0.100022E+03   0.797922E+02   0.694698E+01   0.390923E+01  -0.283967E+03
   0.996992E+02   0.791670E+02   0.693189E+01   0.385442E+01  -0.284185E+03
   0.100314E+03   0.798394E+02   0.688291E+01   0.363127E+01  -0.284229E+03
   0.100235E+03   0.806305E+02   0.687360E+01   0.401164E+01  -0.285440E+03
   0.100994E+03   0.793639E+02   0.699988E+01   0.362080E+01  -0.285618E+03
   0.994624E+02   0.787929E+02   0.700243E+01   0.409848E+01  -0.285257E+03
   0.992042E+02   0.789944E+02   0.700547E+01   0.374289E+01  -0.285660E+03
   0.100192E+03   0.789691E+02   0.701951E+01   0.340266E+01  -0.285130E+03
   0.100657E+03   0.779844E+02   0.701106E+01   0.353326E+01  -0.287634E+03
   0.100738E+03   0.799824E+02   0.702313E+01   0.383104E+01  -0.284841E+03
   0.994709E+02   0.785414E+02   0.697793E+01   0.413865E+01  -0.285695E+03
   0.100048E+03   0.793990E+02   0.701471E+01   0.401566E+01  -0.283977E+03
   0.998958E+02   0.806635E+02   0.685726E+01   0.413216E+01  -0.285778E+03
   0.100188E+03   0.785583E+02   0.696810E+01   0.451666E+01  -0.286394E+03
   0.100041E+03   0.787485E+02   0.692210E+01   0.390736E+01  -0.284340E+03
   0.100286E+03   0.801459E+02   0.698287E+01   0.369948E+01  -0.284480E+03
   0.999001E+02   0.802055E+02   0.699673E+01   0.407518E+01  -0.284757E+03
   0.100105E+03   0.790872E+02   0.705102E+01   0.353810E+01  -0.284382E+03
   0.100684E+03   0.784683E+02   0.706438E+01   0.407248E+01  -0.285570E+03
   0.100042E+03   0.791499E+02   0.698051E+01   0.377311E+01  -0.283895E+03
   0.100156E+03   0.800413E+02   0.694643E+01   0.446657E+01  -0.285850E+03
   0.999150E+02   0.785392E+02   0.685640E+01   0.368930E+01  -0.284918E+03
   0.101072E+03   0.773656E+02   0.703474E+01   0.388361E+01  -0.290158E+03
   0.100294E+03   0.795026E+02   0.703474E+01   0.392568E+01  -0.283902E+03
   0.100104E+03   0.791485E+02   0.703474E+01   0.389830E+01  -0.283903E+03
   0.100561E+03   0.791434E+02   0.691637E+01   0.382186E+01  -0.284261E+03
   0.100394E+03   0.798342E+02   0.705491E+01   0.416933E+01  -0.284630E+03
   0.997862E+02   0.777487E+02   0.691599E+01   0.450258E+01  -0.288166E+03
   0.997260E+02   0.786282E+02   0.694084E+01   0.353056E+01  -0.285433E+03
   0.100272E+03   0.793679E+02   0.696905E+01   0.439649E+01  -0.285242E+03
   0.995023E+02   0.802142E+02   0.698427E+01   0.352391E+01  -0.285804E+03
   0.996425E+02   0.795474E+02   0.686658E+01   0.466940E+01  -0.286906E+03
   0.100316E+03   0.781510E+02   0.684943E+01   0.368370E+01  -0.285953E+03
   0.100316E+03   0.799821E+02   0.664299E+01   0.394916E+01  -0.287032E+03
   0.100342E+03   0.792683E+02   0.688679E+01   0.402474E+01  -0.284107E+03
   0.100066E+03   0.789203E+02   0.699002E+01   0.376493E+01  -0.284110E+03
   0.100702E+03   0.789130E+02   0.699002E+01   0.358874E+01  -0.285162E+03
   0.991706E+02   0.788073E+02   0.694509E+01   0.395472E+01  -0.285868E+03
   0.999723E+02   0.797310E+02   0.707059E+01   0.391400E+01  -0.283950E+03
   0.100724E+03   0.802432E+02   0.707059E+01   0.421676E+01  -0.285711E+03
   0.993115E+02   0.787895E+02   0.707059E+01   0.371720E+01  -0.285608E+03
   0.100697E+03   0.800723E+02   0.661147E+01   0.367475E+01  -0.287933E+03
   0.992917E+02   0.801044E+02   0.679133E+01   0.382782E+01  -0.288855E+03
   0.100667E+03   0.790376E+02   0.695211E+01   0.450548E+01  -0.286275E+03
   0.100141E+03   0.806989E+02   0.701546E+01   0.399534E+01  -0.285568E+03
   0.993755E+02   0.795666E+02   0.701546E+01   0.400072E+01  -0.284905E+03
   0.995530E+02   0.796121E+02   0.694500E+01   0.398652E+01  -0.284498E+03
   0.993685E+02   0.786972E+02   0.691939E+01   0.427461E+01  -0.286042E+03
   0.100519E+03   0.799530E+02   0.690890E+01   0.406289E+01  -0.284616E+03
   0.995441E+02   0.796929E+02   0.687381E+01   0.395300E+01  -0.284511E+03
   0.100327E+03   0.794204E+02   0.705371E+01   0.402154E+01  -0.284061E+03
   0.100501E+03   0.800048E+02   0.702433E+01   0.383088E+01  -0.284414E+03
   0.100280E+03   0.800479E+02   0.690352E+01   0.444398E+01  -0.285790E+03
   0.100979E+03   0.789591E+02   0.690352E+01   0.364665E+01  -0.285775E+03
   0.100112E+03   0.792885E+02   0.699128E+01   0.395403E+01  -0.283895E+03
   0.100262E+03   0.772593E+02   0.706749E+01   0.401073E+01  -0.288834E+03
   0.994685E+02   0.788029E+02   0.699129E+01   0.387474E+01  -0.285002E+03
   0.985221E+02   0.792723E+02   0.685005E+01   0.391361E+01  -0.288447E+03
   0.995670E+02   0.792844E+02   0.707818E+01   0.356080E+01  -0.284811E+03
   0.100744E+03   0.793366E+02   0.678363E+01   0.438985E+01  -0.288291E+03
   0.100678E+03   0.802905E+02   0.707045E+01   0.382465E+01  -0.285182E+03
   0.100132E+03   0.789484E+02   0.707045E+01   0.347022E+01  -0.284807E+03
   0.999801E+02   0.791522E+02   0.681713E+01   0.410958E+01  -0.287598E+03
   0.100131E+03   0.790092E+02   0.703089E+01   0.370234E+01  -0.284072E+03
   0.996786E+02   0.801352E+02   0.701388E+01   0.404776E+01  -0.284843E+03
   0.993199E+02   0.797691E+02   0.701704E+01   0.404776E+01  -0.285216E+03
   0.100819E+03   0.797210E+02   0.696095E+01   0.413019E+01  -0.285141E+03
   0.100033E+03   0.804794E+02   0.691454E+01   0.338597E+01  -0.286305E+03
   0.100675E+03   0.810009E+02   0.707546E+01   0.446513E+01  -0.288068E+03
   0.100261E+03   0.796948E+02   0.698244E+01   0.443660E+01  -0.285479E+03
   0.100881E+03   0.804742E+02   0.690008E+01   0.362816E+01  -0.286472E+03
   0.995033E+02   0.795986E+02   0.690008E+01   0.408184E+01  -0.284758E+03
   0.996772E+02   0.793927E+02   0.690693E+01   0.406470E+01  -0.284391E+03
   0.992788E+02   0.791052E+02   0.708074E+01   0.397963E+01  -0.285245E+03
   0.100181E+03   0.797336E+02   0.708094E+01   0.336296E+01  -0.285117E+03
   0.100478E+03   0.791285E+02   0.704093E+01   0.386825E+01  -0.284148E+03
   0.100093E+03   0.796041E+02   0.691427E+01   0.461984E+01  -0.286350E+03
   0.996913E+02   0.801880E+02   0.696935E+01   0.422966E+01  -0.285352E+03
   0.100324E+03   0.792603E+02   0.693777E+01   0.362258E+01  -0.284118E+03
   0.999768E+02   0.787242E+02   0.697802E+01   0.368176E+01  -0.284533E+03
   0.992933E+02   0.796245E+02   0.696240E+01   0.358582E+01  -0.285525E+03
   0.997541E+02   0.797300E+02   0.687912E+01   0.362711E+01  -0.284329E+03
   0.100009E+03   0.795678E+02   0.700279E+01   0.315675E+01  -0.286641E+03
   0.997848E+02   0.807169E+02   0.691475E+01   0.362721E+01  -0.286139E+03
   0.998532E+02   0.803581E+02   0.686137E+01   0.395455E+01  -0.284874E+03
   0.100234E+03   0.795528E+02   0.695123E+01   0.406527E+01  -0.284110E+03
   0.100027E+03   0.789847E+02   0.701176E+01   0.386773E+01  -0.284032E+03
   0.999367E+02   0.795485E+02   0.685864E+01   0.370126E+01  -0.283918E+03
   0.998234E+02   0.790043E+02   0.704038E+01   0.442389E+01  -0.285595E+03
   0.100659E+03   0.806497E+02   0.680566E+01   0.370919E+01  -0.288528E+03
   0.992439E+02   0.804780E+02   0.702522E+01   0.401771E+01  -0.286380E+03
   0.100649E+03   0.796995E+02   0.703657E+01   0.419696E+01  -0.284965E+03
   0.996502E+02   0.808837E+02   0.688463E+01   0.386707E+01  -0.286446E+03
   0.100101E+03   0.787246E+02   0.707983E+01   0.413147E+01  -0.284721E+03
   0.100147E+03   0.780727E+02   0.700533E+01   0.359520E+01  -0.286404E+03
   0.988182E+02   0.802555E+02   0.697758E+01   0.375493E+01  -0.287818E+03
   0.101256E+03   0.810053E+02   0.697758E+01   0.373462E+01  -0.289207E+03
   0.101014E+03   0.821532E+02   0.653127E+01   0.399189E+01  -0.293904E+03
   0.100677E+03   0.788775E+02   0.692809E+01   0.418323E+01  -0.285195E+03
   0.996751E+02   0.784808E+02   0.697710E+01   0.353696E+01  -0.285837E+03
   0.100033E+03   0.797165E+02   0.707554E+01   0.322695E+01  -0.286073E+03
   0.100354E+03   0.799116E+02   0.659006E+01   0.359067E+01  -0.287792E+03
   0.999936E+02   0.801548E+02   0.699742E+01   0.401643E+01  -0.284519E+03
   0.100225E+03   0.793239E+02   0.699742E+01   0.401643E+01  -0.284006E+03
   0.999178E+02   0.794097E+02   0.703885E+01   0.398180E+01  -0.283978E+03
   0.100875E+03   0.800692E+02   0.701463E+01   0.420526E+01  -0.285774E+03
   0.100064E+03   0.789660E+02   0.685186E+01   0.364639E+01  -0.284220E+03
   0.996871E+02   0.793283E+02   0.685186E+01   0.413664E+01  -0.284557E+03
   0.995232E+02   0.798801E+02   0.684754E+01   0.379524E+01  -0.284656E+03
   0.996891E+02   0.780418E+02   0.692065E+01   0.349046E+01  -0.287390E+03
   0.995097E+02   0.793435E+02   0.692065E+01   0.429873E+01  -0.285354E+03
   0.100953E+03   0.790915E+02   0.693966E+01   0.390388E+01  -0.285242E+03
   0.100319E+03   0.795574E+02   0.688725E+01   0.435356E+01  -0.285095E+03
   0.100586E+03   0.793852E+02   0.687777E+01   0.317506E+01  -0.287024E+03
   0.100156E+03   0.784224E+02   0.703422E+01   0.400324E+01  -0.285004E+03
   0.100314E+03   0.794485E+02   0.692332E+01   0.409681E+01  -0.284215E+03
   0.100362E+03   0.790994E+02   0.702481E+01   0.373489E+01  -0.284075E+03
   0.100306E+03   0.802147E+02   0.687365E+01   0.384304E+01  -0.284507E+03
   0.100395E+03   0.798550E+02   0.687031E+01   0.403940E+01  -0.284331E+03
   0.100884E+03   0.781387E+02   0.704201E+01   0.410131E+01  -0.286799E+03
   0.100171E+03   0.789454E+02   0.688237E+01   0.419422E+01  -0.284650E+03
   0.990974E+02   0.785939E+02   0.705416E+01   0.443643E+01  -0.287457E+03
   0.100020E+03   0.808649E+02   0.693129E+01   0.404074E+01  -0.286086E+03
   0.987013E+02   0.785130E+02   0.642111E+01   0.437991E+01  -0.292599E+03
   0.100828E+03   0.786939E+02   0.690605E+01   0.396919E+01  -0.285380E+03
   0.100702E+03   0.780273E+02   0.704534E+01   0.401474E+01  -0.286597E+03
   0.996428E+02   0.789578E+02   0.688884E+01   0.437952E+01  -0.285641E+03
   0.100969E+03   0.805194E+02   0.692732E+01   0.393325E+01  -0.286403E+03
   0.991336E+02   0.805920E+02   0.699293E+01   0.386835E+01  -0.287003E+03
   0.100348E+03   0.800851E+02   0.691258E+01   0.392430E+01  -0.284378E+03
   0.100191E+03   0.810210E+02   0.698105E+01   0.357938E+01  -0.287158E+03
   0.986704E+02   0.795012E+02   0.685131E+01   0.462586E+01  -0.289151E+03
   0.996193E+02   0.795659E+02   0.694145E+01   0.356154E+01  -0.284671E+03
   0.994890E+02   0.796978E+02   0.690305E+01   0.385203E+01  -0.284579E+03
   0.989832E+02   0.790944E+02   0.686822E+01   0.396208E+01  -0.286269E+03
   0.997263E+02   0.797867E+02   0.689770E+01   0.392934E+01  -0.284236E+03
   0.100062E+03   0.796159E+02   0.696614E+01   0.398338E+01  -0.283951E+03
   0.994322E+02   0.805205E+02   0.704271E+01   0.384414E+01  -0.285923E+03
   0.998275E+02   0.791432E+02   0.701216E+01   0.434288E+01  -0.285162E+03
   0.996273E+02   0.798109E+02   0.701216E+01   0.419121E+01  -0.284925E+03
   0.100100E+03   0.798109E+02   0.694983E+01   0.415961E+01  -0.284454E+03
   0.100470E+03   0.787951E+02   0.692285E+01   0.404952E+01  -0.284667E+03
   0.998951E+02   0.788793E+02   0.693120E+01   0.369978E+01  -0.284323E+03
   0.995663E+02   0.798655E+02   0.648510E+01   0.417519E+01  -0.287909E+03
   0.101567E+03   0.812165E+02   0.651711E+01   0.440457E+01  -0.292176E+03
   0.100968E+03   0.789482E+02   0.651060E+01   0.484169E+01  -0.290949E+03
   0.999888E+02   0.789365E+02   0.686702E+01   0.422099E+01  -0.284761E+03
   0.100325E+03   0.809441E+02   0.689244E+01   0.461013E+01  -0.288176E+03
   0.100491E+03   0.787720E+02   0.701582E+01   0.355583E+01  -0.285052E+03
   0.985869E+02   0.789609E+02   0.691614E+01   0.444694E+01  -0.288968E+03
   0.100766E+03   0.794368E+02   0.696249E+01   0.366855E+01  -0.284766E+03
   0.999794E+02   0.787767E+02   0.696249E+01   0.357225E+01  -0.284716E+03
   0.100363E+03   0.789857E+02   0.705785E+01   0.398460E+01  -0.284239E+03
   0.100133E+03   0.786306E+02   0.696260E+01   0.426515E+01  -0.285248E+03
   0.997855E+02   0.798355E+02   0.694450E+01   0.454177E+01  -0.286190E+03
   0.100038E+03   0.797293E+02   0.695590E+01   0.393623E+01  -0.283947E+03
   0.100271E+03   0.800943E+02   0.689499E+01   0.401987E+01  -0.284461E+03
   0.999706E+02   0.787043E+02   0.697096E+01   0.401695E+01  -0.284551E+03
   0.100126E+03   0.796502E+02   0.697096E+01   0.347812E+01  -0.284478E+03
   0.100095E+03   0.791371E+02   0.698118E+01   0.409424E+01  -0.284226E+03
   0.996405E+02   0.795214E+02   0.699159E+01   0.376389E+01  -0.284229E+03
   0.100432E+03   0.803215E+02   0.708207E+01   0.383734E+01  -0.284824E+03
   0.998719E+02   0.784129E+02   0.685507E+01   0.416933E+01  -0.285425E+03
   0.100264E+03   0.794843E+02   0.704102E+01   0.398710E+01  -0.283963E+03
   0.100128E+03   0.801246E+02   0.695489E+01   0.340074E+01  -0.285391E+03
   0.100031E+03   0.794275E+02   0.696576E+01   0.403246E+01  -0.284012E+03
   0.997259E+02   0.789828E+02   0.646946E+01   0.362660E+01  -0.289006E+03
   0.992673E+02   0.802661E+02   0.700942E+01   0.422086E+01  -0.286291E+03
   0.993896E+02   0.790202E+02   0.697100E+01   0.383317E+01  -0.284959E+03
   0.100601E+03   0.799814E+02   0.705876E+01   0.355107E+01  -0.285033E+03
   0.998906E+02   0.799517E+02   0.699303E+01   0.403854E+01  -0.284365E+03
   0.100476E+03   0.790386E+02   0.699303E+01   0.387884E+01  -0.284220E+03
   0.100303E+03   0.798275E+02   0.684902E+01   0.390619E+01  -0.284045E+03
   0.100811E+03   0.799428E+02   0.677495E+01   0.389565E+01  -0.287618E+03
   0.100120E+03   0.783625E+02   0.707259E+01   0.386242E+01  -0.285060E+03
   0.993956E+02   0.792271E+02   0.708091E+01   0.395619E+01  -0.284834E+03
   0.999286E+02   0.787859E+02   0.696538E+01   0.404318E+01  -0.284504E+03
   0.100223E+03   0.798275E+02   0.690341E+01   0.370169E+01  -0.284039E+03
   0.100113E+03   0.793023E+02   0.686846E+01   0.371384E+01  -0.283856E+03
   0.100435E+03   0.788861E+02   0.706325E+01   0.356081E+01  -0.284769E+03
   0.100445E+03   0.788166E+02   0.706264E+01   0.368442E+01  -0.284568E+03
   0.100184E+03   0.797527E+02   0.706264E+01   0.363732E+01  -0.284069E+03
   0.100494E+03   0.802752E+02   0.696476E+01   0.333303E+01  -0.286463E+03
   0.998810E+02   0.781621E+02   0.683065E+01   0.394644E+01  -0.290094E+03
   0.100173E+03   0.787592E+02   0.702232E+01   0.385938E+01  -0.284304E+03
   0.999869E+02   0.799554E+02   0.695616E+01   0.377638E+01  -0.284109E+03
   0.100495E+03   0.788762E+02   0.701594E+01   0.374932E+01  -0.284464E+03
   0.997008E+02   0.801346E+02   0.696714E+01   0.387594E+01  -0.284627E+03
   0.996488E+02   0.791634E+02   0.686226E+01   0.360027E+01  -0.284585E+03
   0.993811E+02   0.804125E+02   0.686226E+01   0.416907E+01  -0.286125E+03
   0.994826E+02   0.799532E+02   0.694666E+01   0.364568E+01  -0.285051E+03
   0.101110E+03   0.801299E+02   0.693184E+01   0.456820E+01  -0.287821E+03
   0.100474E+03   0.795210E+02   0.704749E+01   0.376621E+01  -0.284051E+03
   0.999478E+02   0.794909E+02   0.698800E+01   0.373090E+01  -0.283869E+03
   0.100398E+03   0.793133E+02   0.700196E+01   0.366317E+01  -0.284092E+03
   0.100398E+03   0.788025E+02   0.694951E+01   0.377536E+01  -0.284415E+03
   0.993896E+02   0.799860E+02   0.697134E+01   0.342935E+01  -0.286215E+03
   0.994181E+02   0.789224E+02   0.686833E+01   0.423016E+01  -0.285539E+03
   0.999311E+02   0.787626E+02   0.686833E+01   0.401400E+01  -0.284485E+03
   0.994863E+02   0.791214E+02   0.686833E+01   0.381027E+01  -0.284639E+03
   0.997517E+02   0.775518E+02   0.700532E+01   0.370397E+01  -0.288326E+03
   0.995871E+02   0.797626E+02   0.694430E+01   0.395069E+01  -0.284467E+03
   0.996742E+02   0.805135E+02   0.692327E+01   0.403583E+01  -0.285507E+03
   0.996561E+02   0.802878E+02   0.696341E+01   0.419280E+01  -0.285442E+03
   0.997528E+02   0.786055E+02   0.693332E+01   0.459228E+01  -0.286874E+03
   0.100512E+03   0.795874E+02   0.689356E+01   0.377967E+01  -0.284117E+03
   0.999624E+02   0.801094E+02   0.703263E+01   0.392293E+01  -0.284350E+03
   0.996298E+02   0.784273E+02   0.687140E+01   0.358928E+01  -0.285857E+03
   0.100055E+03   0.785012E+02   0.690110E+01   0.416834E+01  -0.285171E+03
   0.995440E+02   0.802201E+02   0.688123E+01   0.450543E+01  -0.286697E+03
   0.100003E+03   0.789754E+02   0.685993E+01   0.348239E+01  -0.284744E+03
   0.997917E+02   0.799476E+02   0.685993E+01   0.388175E+01  -0.284264E+03
   0.999625E+02   0.787963E+02   0.693552E+01   0.360586E+01  -0.284594E+03
   0.100096E+03   0.793681E+02   0.700846E+01   0.375502E+01  -0.283803E+03
   0.100302E+03   0.796654E+02   0.686438E+01   0.344334E+01  -0.284720E+03
   0.100315E+03   0.785573E+02   0.685592E+01   0.376571E+01  -0.284772E+03
   0.100315E+03   0.796323E+02   0.695575E+01   0.427237E+01  -0.284796E+03
   0.100293E+03   0.800835E+02   0.695575E+01   0.328168E+01  -0.286169E+03
   0.100004E+03   0.800601E+02   0.696953E+01   0.410971E+01  -0.284580E+03
   0.100882E+03   0.791847E+02   0.696953E+01   0.390766E+01  -0.284974E+03
   0.997651E+02   0.791847E+02   0.701883E+01   0.356348E+01  -0.284479E+03
   0.997949E+02   0.793947E+02   0.666740E+01   0.421498E+01  -0.287717E+03
   0.992055E+02   0.807439E+02   0.685278E+01   0.432883E+01  -0.287698E+03
   0.100262E+03   0.795892E+02   0.667077E+01   0.456563E+01  -0.288450E+03
   0.999882E+02   0.799821E+02   0.673019E+01   0.366801E+01  -0.287618E+03
   0.100805E+03   0.787545E+02   0.700547E+01   0.390147E+01  -0.285200E+03
   0.993892E+02   0.800094E+02   0.701414E+01   0.341001E+01  -0.286361E+03
   0.994349E+02   0.799415E+02   0.687654E+01   0.382081E+01  -0.284920E+03
   0.100406E+03   0.790335E+02   0.699829E+01   0.382081E+01  -0.284130E+03
   0.989351E+02   0.789482E+02   0.691425E+01   0.394351E+01  -0.286592E+03
   0.996720E+02   0.799019E+02   0.692944E+01   0.383112E+01  -0.284375E+03
   0.100368E+03   0.794890E+02   0.696768E+01   0.386102E+01  -0.283913E+03
   0.100227E+03   0.788075E+02   0.697991E+01   0.409472E+01  -0.284548E+03
   0.994950E+02   0.800039E+02   0.697991E+01   0.395534E+01  -0.284884E+03
   0.100193E+03   0.787698E+02   0.697991E+01   0.434719E+01  -0.285378E+03
   0.100061E+03   0.793613E+02   0.688955E+01   0.363665E+01  -0.283965E+03
   0.100038E+03   0.796610E+02   0.694913E+01   0.359828E+01  -0.284100E+03
   0.100566E+03   0.793342E+02   0.693989E+01   0.412991E+01  -0.284584E+03
   0.992510E+02   0.804453E+02   0.690132E+01   0.384720E+01  -0.286272E+03
   0.999492E+02   0.792235E+02   0.701070E+01   0.343935E+01  -0.284736E+03
   0.998316E+02   0.795795E+02   0.705922E+01   0.421662E+01  -0.284641E+03
   0.100172E+03   0.789426E+02   0.701376E+01   0.348399E+01  -0.284762E+03
   0.996742E+02   0.796353E+02   0.695595E+01   0.405431E+01  -0.284412E+03
   0.999680E+02   0.798349E+02   0.700168E+01   0.357824E+01  -0.284312E+03
   0.100047E+03   0.791760E+02   0.704504E+01   0.374974E+01  -0.283892E+03
   0.101067E+03   0.787044E+02   0.699961E+01   0.355392E+01  -0.286836E+03
   0.100073E+03   0.791697E+02   0.694430E+01   0.394399E+01  -0.283937E+03
   0.100073E+03   0.786053E+02   0.698864E+01   0.333458E+01  -0.286226E+03
   0.100449E+03   0.798295E+02   0.697793E+01   0.427182E+01  -0.285015E+03
   0.991682E+02   0.800477E+02   0.693437E+01   0.423548E+01  -0.286316E+03
   0.996136E+02   0.798590E+02   0.699988E+01   0.381270E+01  -0.284440E+03
   0.100118E+03   0.798971E+02   0.640838E+01   0.378767E+01  -0.287182E+03
   0.100674E+03   0.798374E+02   0.652764E+01   0.472341E+01  -0.289413E+03
   0.993886E+02   0.800412E+02   0.688088E+01   0.414945E+01  -0.285497E+03
   0.991732E+02   0.791377E+02   0.704190E+01   0.360410E+01  -0.285996E+03
   0.999158E+02   0.801865E+02   0.692336E+01   0.401762E+01  -0.284610E+03
   0.101020E+03   0.784828E+02   0.686339E+01   0.402604E+01  -0.286338E+03
   0.100516E+03   0.800817E+02   0.688241E+01   0.433236E+01  -0.285557E+03
   0.100607E+03   0.791402E+02   0.695271E+01   0.413913E+01  -0.284745E+03
   0.997338E+02   0.795671E+02   0.698759E+01   0.377796E+01  -0.284077E+03
   0.996974E+02   0.794561E+02   0.702054E+01   0.355504E+01  -0.284525E+03
   0.992753E+02   0.790532E+02   0.696435E+01   0.397423E+01  -0.285289E+03
   0.989905E+02   0.784820E+02   0.690188E+01   0.385516E+01  -0.287141E+03
   0.100193E+03   0.786751E+02   0.691052E+01   0.337330E+01  -0.285820E+03
   0.996944E+02   0.788995E+02   0.705337E+01   0.378245E+01  -0.284456E+03
   0.100553E+03   0.794375E+02   0.705292E+01   0.383338E+01  -0.284147E+03
   0.101018E+03   0.788514E+02   0.688924E+01   0.386440E+01  -0.285701E+03
   0.998373E+02   0.791043E+02   0.687804E+01   0.393683E+01  -0.284103E+03
   0.999907E+02   0.783451E+02   0.697819E+01   0.396793E+01  -0.285158E+03
   0.992425E+02   0.794540E+02   0.691047E+01   0.424644E+01  -0.285784E+03
   0.100893E+03   0.793869E+02   0.685925E+01   0.331653E+01  -0.286789E+03
   0.100393E+03   0.800017E+02   0.692459E+01   0.368553E+01  -0.284388E+03
   0.996364E+02   0.804000E+02   0.640568E+01   0.455243E+01  -0.289183E+03
   0.100478E+03   0.796495E+02   0.690870E+01   0.381714E+01  -0.284080E+03
   0.991140E+02   0.786799E+02   0.692095E+01   0.420748E+01  -0.286580E+03
   0.990255E+02   0.789285E+02   0.651737E+01   0.434548E+01  -0.290443E+03
   0.100619E+03   0.784587E+02   0.690988E+01   0.448131E+01  -0.286739E+03
   0.100483E+03   0.781227E+02   0.704256E+01   0.413377E+01  -0.286128E+03
   0.100174E+03   0.798194E+02   0.682350E+01   0.391937E+01  -0.287001E+03
   0.100717E+03   0.794174E+02   0.703783E+01   0.395403E+01  -0.284527E+03
   0.997464E+02   0.786279E+02   0.703086E+01   0.368970E+01  -0.284927E+03
   0.100448E+03   0.791977E+02   0.697659E+01   0.402854E+01  -0.284248E+03
   0.101157E+03   0.791448E+02   0.689507E+01   0.366374E+01  -0.286247E+03
   0.993893E+02   0.785549E+02   0.705916E+01   0.379406E+01  -0.285673E+03
   0.100100E+03   0.810116E+02   0.700199E+01   0.433945E+01  -0.287180E+03
   0.997520E+02   0.796181E+02   0.698053E+01   0.452966E+01  -0.286052E+03
   0.100016E+03   0.794043E+02   0.695994E+01   0.407492E+01  -0.284109E+03
   0.100016E+03   0.786822E+02   0.697105E+01   0.406448E+01  -0.284648E+03
   0.100153E+03   0.804567E+02   0.687594E+01   0.378500E+01  -0.284940E+03
   0.101045E+03   0.811781E+02   0.685034E+01   0.392205E+01  -0.288619E+03
   0.997979E+02   0.797027E+02   0.698587E+01   0.369703E+01  -0.284124E+03
   0.100616E+03   0.796716E+02   0.693760E+01   0.427812E+01  -0.285164E+03
   0.100743E+03   0.797888E+02   0.695604E+01   0.339576E+01  -0.285895E+03
   0.997377E+02   0.789366E+02   0.700120E+01   0.338312E+01  -0.285600E+03
   0.995675E+02   0.792168E+02   0.693838E+01   0.385100E+01  -0.284393E+03
   0.995793E+02   0.788339E+02   0.706281E+01   0.393190E+01  -0.284742E+03
   0.998579E+02   0.802147E+02   0.706281E+01   0.375665E+01  -0.284596E+03
   0.999051E+02   0.788847E+02   0.706551E+01   0.338262E+01  -0.285453E+03
   0.100279E+03   0.796092E+02   0.705406E+01   0.375255E+01  -0.283883E+03
   0.100400E+03   0.795496E+02   0.682982E+01   0.412116E+01  -0.287196E+03
   0.100430E+03   0.786833E+02   0.708093E+01   0.431801E+01  -0.285518E+03
   0.100102E+03   0.799184E+02   0.693095E+01   0.347789E+01  -0.284708E+03
   0.100317E+03   0.805075E+02   0.691650E+01   0.355348E+01  -0.285648E+03
   0.100199E+03   0.791469E+02   0.691650E+01   0.359375E+01  -0.284180E+03
   0.994890E+02   0.808032E+02   0.689169E+01   0.402145E+01  -0.286545E+03
   0.999794E+02   0.794774E+02   0.674491E+01   0.404126E+01  -0.287228E+03
   0.100614E+03   0.783856E+02   0.696779E+01   0.381739E+01  -0.285506E+03
   0.100465E+03   0.807768E+02   0.691198E+01   0.426736E+01  -0.286528E+03
   0.100465E+03   0.780279E+02   0.705822E+01   0.405568E+01  -0.286243E+03
   0.100029E+03   0.795231E+02   0.697201E+01   0.363927E+01  -0.283965E+03
   0.998339E+02   0.804798E+02   0.706798E+01   0.342912E+01  -0.286220E+03
   0.100010E+03   0.793475E+02   0.687080E+01   0.369336E+01  -0.283889E+03
   0.101127E+03   0.788396E+02   0.704575E+01   0.374231E+01  -0.286263E+03
   0.100131E+03   0.786160E+02   0.705030E+01   0.423675E+01  -0.285177E+03
   0.999955E+02   0.798210E+02   0.691833E+01   0.399240E+01  -0.284103E+03
   0.995199E+02   0.797731E+02   0.688193E+01   0.335907E+01  -0.285994E+03
   0.998913E+02   0.775010E+02   0.692923E+01   0.380949E+01  -0.288089E+03
   0.100145E+03   0.787646E+02   0.699497E+01   0.385206E+01  -0.284290E+03
   0.100320E+03   0.794381E+02   0.692430E+01   0.407842E+01  -0.284175E+03
   0.100438E+03   0.800990E+02   0.671033E+01   0.382541E+01  -0.287255E+03
   0.100438E+03   0.800990E+02   0.655231E+01   0.387909E+01  -0.287191E+03
   0.997684E+02   0.798064E+02   0.646340E+01   0.357442E+01  -0.288295E+03
   0.100374E+03   0.794883E+02   0.701075E+01   0.343374E+01  -0.284786E+03
   0.100333E+03   0.790261E+02   0.703038E+01   0.466616E+01  -0.286768E+03
   0.100763E+03   0.785489E+02   0.689811E+01   0.379044E+01  -0.285504E+03
   0.100276E+03   0.797794E+02   0.707516E+01   0.436507E+01  -0.285214E+03
   0.999919E+02   0.795439E+02   0.688426E+01   0.360117E+01  -0.284069E+03
   0.100718E+03   0.789645E+02   0.705560E+01   0.360117E+01  -0.285098E+03
   0.994058E+02   0.795362E+02   0.705876E+01   0.430264E+01  -0.285581E+03
   0.998714E+02   0.780320E+02   0.689151E+01   0.428793E+01  -0.286601E+03
   0.100217E+03   0.806233E+02   0.643484E+01   0.359261E+01  -0.288582E+03
   0.100723E+03   0.794882E+02   0.687194E+01   0.376181E+01  -0.284524E+03
   0.994894E+02   0.795526E+02   0.704703E+01   0.439723E+01  -0.285787E+03
   0.994983E+02   0.791431E+02   0.685233E+01   0.384660E+01  -0.284585E+03
   0.100089E+03   0.790300E+02   0.703337E+01   0.384660E+01  -0.283970E+03
   0.100276E+03   0.791892E+02   0.703032E+01   0.399120E+01  -0.284038E+03
   0.992922E+02   0.803422E+02   0.703447E+01   0.440440E+01  -0.286947E+03
   0.100277E+03   0.783769E+02   0.703764E+01   0.357207E+01  -0.285616E+03
   0.100428E+03   0.795513E+02   0.703764E+01   0.369924E+01  -0.284062E+03
   0.100815E+03   0.793975E+02   0.691257E+01   0.423189E+01  -0.285332E+03
   0.100277E+03   0.792832E+02   0.705150E+01   0.352670E+01  -0.284345E+03
   0.996960E+02   0.800907E+02   0.697247E+01   0.369612E+01  -0.284684E+03
   0.100684E+03   0.807730E+02   0.700802E+01   0.406021E+01  -0.286404E+03
   0.100808E+03   0.796193E+02   0.685944E+01   0.418546E+01  -0.285212E+03
   0.998532E+02   0.786325E+02   0.688258E+01   0.424661E+01  -0.285287E+03
   0.101070E+03   0.790619E+02   0.688258E+01   0.412115E+01  -0.285868E+03
   0.998932E+02   0.788545E+02   0.702083E+01   0.398364E+01  -0.284349E+03
   0.100309E+03   0.791660E+02   0.701159E+01   0.422341E+01  -0.284646E+03
   0.100308E+03   0.796128E+02   0.690876E+01   0.362280E+01  -0.284091E+03
   0.101415E+03   0.813140E+02   0.692588E+01   0.395029E+01  -0.290592E+03
   0.100183E+03   0.787065E+02   0.693097E+01   0.416597E+01  -0.284844E+03
   0.100489E+03   0.790121E+02   0.693723E+01   0.415684E+01  -0.284711E+03
   0.100341E+03   0.798075E+02   0.687898E+01   0.415684E+01  -0.284529E+03
   0.100790E+03   0.798075E+02   0.700288E+01   0.369570E+01  -0.284931E+03
   0.100635E+03   0.790898E+02   0.688992E+01   0.412695E+01  -0.284793E+03
   0.100606E+03   0.803237E+02   0.688992E+01   0.419519E+01  -0.285570E+03
   0.999753E+02   0.806164E+02   0.693191E+01   0.408766E+01  -0.285531E+03
   0.995791E+02   0.803571E+02   0.690555E+01   0.406582E+01  -0.285398E+03
   0.100378E+03   0.789689E+02   0.690555E+01   0.396091E+01  -0.284238E+03
   0.994657E+02   0.789255E+02   0.704554E+01   0.421659E+01  -0.285395E+03
   0.100604E+03   0.789426E+02   0.700733E+01   0.425427E+01  -0.285225E+03
   0.100604E+03   0.779700E+02   0.691153E+01   0.402265E+01  -0.286584E+03
   0.995371E+02   0.807361E+02   0.687150E+01   0.410845E+01  -0.286381E+03
   0.998847E+02   0.800525E+02   0.691572E+01   0.420141E+01  -0.284891E+03
   0.993854E+02   0.805101E+02   0.695555E+01   0.401851E+01  -0.286058E+03
   0.100720E+03   0.786216E+02   0.702660E+01   0.453644E+01  -0.286913E+03
   0.100390E+03   0.795928E+02   0.650328E+01   0.504517E+01  -0.291064E+03
   0.100049E+03   0.797560E+02   0.704276E+01   0.419431E+01  -0.284529E+03
   0.996969E+02   0.787628E+02   0.696114E+01   0.366621E+01  -0.284812E+03
   0.101097E+03   0.812142E+02   0.664455E+01   0.410442E+01  -0.290321E+03
   0.100830E+03   0.791463E+02   0.682348E+01   0.378748E+01  -0.288305E+03
   0.100221E+03   0.797149E+02   0.707172E+01   0.411065E+01  -0.284278E+03
   0.100160E+03   0.789670E+02   0.705621E+01   0.346639E+01  -0.284804E+03
   0.100680E+03   0.796156E+02   0.689772E+01   0.384412E+01  -0.284423E+03
   0.100073E+03   0.795875E+02   0.702853E+01   0.381763E+01  -0.283803E+03
   0.100121E+03   0.794456E+02   0.702375E+01   0.430428E+01  -0.284815E+03
   0.998616E+02   0.799858E+02   0.689491E+01   0.378584E+01  -0.284231E+03
   0.100114E+03   0.797059E+02   0.708131E+01   0.361062E+01  -0.284084E+03
   0.999348E+02   0.801945E+02   0.684907E+01   0.346422E+01  -0.285272E+03
   0.999348E+02   0.788456E+02   0.697761E+01   0.360194E+01  -0.284547E+03
   0.999348E+02   0.810681E+02   0.697020E+01   0.396469E+01  -0.286704E+03
   0.100273E+03   0.792306E+02   0.702433E+01   0.368845E+01  -0.283972E+03
   0.100273E+03   0.787181E+02   0.689178E+01   0.366461E+01  -0.284593E+03
   0.100759E+03   0.791763E+02   0.687510E+01   0.451821E+01  -0.286421E+03
   0.997942E+02   0.797641E+02   0.663176E+01   0.415070E+01  -0.287460E+03
   0.100535E+03   0.789786E+02   0.697702E+01   0.362305E+01  -0.284626E+03
   0.998644E+02   0.787480E+02   0.692493E+01   0.351474E+01  -0.285070E+03
   0.100507E+03   0.815419E+02   0.693074E+01   0.400389E+01  -0.288752E+03
   0.100098E+03   0.794233E+02   0.704470E+01   0.452845E+01  -0.285834E+03
   0.997517E+02   0.797531E+02   0.687078E+01   0.426177E+01  -0.284952E+03
   0.998490E+02   0.802946E+02   0.692454E+01   0.380259E+01  -0.284719E+03
   0.100056E+03   0.796157E+02   0.697042E+01   0.377155E+01  -0.283825E+03
   0.999388E+02   0.803315E+02   0.697042E+01   0.372783E+01  -0.284782E+03
   0.100203E+03   0.789520E+02   0.705865E+01   0.355822E+01  -0.284482E+03
   0.999384E+02   0.791287E+02   0.701790E+01   0.429018E+01  -0.284887E+03
   0.100569E+03   0.804168E+02   0.684770E+01   0.315163E+01  -0.288575E+03
   0.100599E+03   0.796528E+02   0.698899E+01   0.392898E+01  -0.284319E+03
   0.100013E+03   0.789805E+02   0.707390E+01   0.392173E+01  -0.284075E+03
   0.100082E+03   0.789119E+02   0.685202E+01   0.339933E+01  -0.285217E+03
   0.100410E+03   0.796821E+02   0.686293E+01   0.374938E+01  -0.284038E+03
   0.100112E+03   0.796104E+02   0.689949E+01   0.466734E+01  -0.286620E+03
   0.992719E+02   0.790211E+02   0.685296E+01   0.325772E+01  -0.287787E+03
   0.100459E+03   0.793086E+02   0.696402E+01   0.384475E+01  -0.284029E+03
   0.101300E+03   0.791875E+02   0.708103E+01   0.427830E+01  -0.286960E+03
   0.996793E+02   0.796579E+02   0.699634E+01   0.370922E+01  -0.284261E+03
   0.997344E+02   0.796579E+02   0.702783E+01   0.336489E+01  -0.285384E+03
   0.100533E+03   0.796790E+02   0.684755E+01   0.411941E+01  -0.284559E+03
   0.101352E+03   0.792927E+02   0.700492E+01   0.407289E+01  -0.286716E+03
   0.100089E+03   0.788167E+02   0.687588E+01   0.358537E+01  -0.284574E+03
   0.100142E+03   0.799486E+02   0.694397E+01   0.411421E+01  -0.284450E+03
   0.100229E+03   0.783205E+02   0.696719E+01   0.340402E+01  -0.286581E+03
   0.101794E+03   0.783398E+02   0.684880E+01   0.416020E+01  -0.290079E+03
   0.998263E+02   0.795836E+02   0.689079E+01   0.408859E+01  -0.284283E+03
   0.999012E+02   0.789237E+02   0.689079E+01   0.329311E+01  -0.285995E+03
   0.100665E+03   0.790569E+02   0.699365E+01   0.438590E+01  -0.285727E+03
   0.101012E+03   0.789139E+02   0.654948E+01   0.452619E+01  -0.289703E+03
   0.100226E+03   0.795670E+02   0.701982E+01   0.389629E+01  -0.283851E+03
   0.989542E+02   0.792013E+02   0.701982E+01   0.384156E+01  -0.286361E+03
   0.100774E+03   0.792290E+02   0.694656E+01   0.402212E+01  -0.284787E+03
   0.999510E+02   0.790333E+02   0.695873E+01   0.368326E+01  -0.284127E+03
   0.997612E+02   0.799361E+02   0.692142E+01   0.349425E+01  -0.284935E+03
   0.100516E+03   0.792340E+02   0.695007E+01   0.361871E+01  -0.284387E+03
   0.998053E+02   0.799278E+02   0.707650E+01   0.350380E+01  -0.284822E+03
   0.100111E+03   0.798156E+02   0.689107E+01   0.384406E+01  -0.283934E+03
