"loglikelihood"	"logprio"	"logposterior"
-329.190829814012	-4.60517018598809	-333.796
-329.621829814012	-4.60517018598809	-334.227
-330.587829814012	-4.60517018598809	-335.193
-329.427829814012	-4.60517018598809	-334.033
-329.862829814012	-4.60517018598809	-334.468
-329.571829814012	-4.60517018598809	-334.177
-329.130829814012	-4.60517018598809	-333.736
-330.922829814012	-4.60517018598809	-335.528
-330.282829814012	-4.60517018598809	-334.888
-330.305829814012	-4.60517018598809	-334.911
-329.124829814012	-4.60517018598809	-333.73
-331.516829814012	-4.60517018598809	-336.122
-329.127829814012	-4.60517018598809	-333.733
-329.634829814012	-4.60517018598809	-334.24
-330.368829814012	-4.60517018598809	-334.974
-329.982829814012	-4.60517018598809	-334.588
-329.391829814012	-4.60517018598809	-333.997
-329.215829814012	-4.60517018598809	-333.821
-329.984829814012	-4.60517018598809	-334.59
-329.251829814012	-4.60517018598809	-333.857
-329.389829814012	-4.60517018598809	-333.995
-329.153829814012	-4.60517018598809	-333.759
-332.092829814012	-4.60517018598809	-336.698
-329.584829814012	-4.60517018598809	-334.19
-329.589829814012	-4.60517018598809	-334.195
-330.289829814012	-4.60517018598809	-334.895
-330.516829814012	-4.60517018598809	-335.122
-329.092829814012	-4.60517018598809	-333.698
-332.539829814012	-4.60517018598809	-337.145
-330.360829814012	-4.60517018598809	-334.966
-330.035829814012	-4.60517018598809	-334.641
-330.212829814012	-4.60517018598809	-334.818
-330.177829814012	-4.60517018598809	-334.783
-329.100829814012	-4.60517018598809	-333.706
-332.361829814012	-4.60517018598809	-336.967
-329.218829814012	-4.60517018598809	-333.824
-330.439829814012	-4.60517018598809	-335.045
-329.267829814012	-4.60517018598809	-333.873
-329.583829814012	-4.60517018598809	-334.189
-329.262829814012	-4.60517018598809	-333.868
-331.313829814012	-4.60517018598809	-335.919
-331.408829814012	-4.60517018598809	-336.014
-329.289829814012	-4.60517018598809	-333.895
-330.277829814012	-4.60517018598809	-334.883
-329.369829814012	-4.60517018598809	-333.975
-329.463829814012	-4.60517018598809	-334.069
-331.277829814012	-4.60517018598809	-335.883
-329.305829814012	-4.60517018598809	-333.911
-329.265829814012	-4.60517018598809	-333.871
-329.875829814012	-4.60517018598809	-334.481
-331.009829814012	-4.60517018598809	-335.615
-332.310829814012	-4.60517018598809	-336.916
-329.186829814012	-4.60517018598809	-333.792
-329.577829814012	-4.60517018598809	-334.183
-329.679829814012	-4.60517018598809	-334.285
-330.432829814012	-4.60517018598809	-335.038
-331.431829814012	-4.60517018598809	-336.037
-330.232829814012	-4.60517018598809	-334.838
-329.867829814012	-4.60517018598809	-334.473
-329.268829814012	-4.60517018598809	-333.874
-329.540829814012	-4.60517018598809	-334.146
-329.826829814012	-4.60517018598809	-334.432
-332.901829814012	-4.60517018598809	-337.507
-330.195829814012	-4.60517018598809	-334.801
-330.520829814012	-4.60517018598809	-335.126
-329.798829814012	-4.60517018598809	-334.404
-329.089829814012	-4.60517018598809	-333.695
-330.866829814012	-4.60517018598809	-335.472
-329.242829814012	-4.60517018598809	-333.848
-330.622829814012	-4.60517018598809	-335.228
-331.224829814012	-4.60517018598809	-335.83
-329.896829814012	-4.60517018598809	-334.502
-329.179829814012	-4.60517018598809	-333.785
-330.055829814012	-4.60517018598809	-334.661
-329.512829814012	-4.60517018598809	-334.118
-329.297829814012	-4.60517018598809	-333.903
-329.326829814012	-4.60517018598809	-333.932
-329.143829814012	-4.60517018598809	-333.749
-329.961829814012	-4.60517018598809	-334.567
-329.505829814012	-4.60517018598809	-334.111
-329.433829814012	-4.60517018598809	-334.039
-330.674829814012	-4.60517018598809	-335.28
-330.000829814012	-4.60517018598809	-334.606
-329.427829814012	-4.60517018598809	-334.033
-329.266829814012	-4.60517018598809	-333.872
-330.169829814012	-4.60517018598809	-334.775
-329.440829814012	-4.60517018598809	-334.046
-329.492829814012	-4.60517018598809	-334.098
-329.241829814012	-4.60517018598809	-333.847
-331.260829814012	-4.60517018598809	-335.866
-329.441829814012	-4.60517018598809	-334.047
-333.484829814012	-4.60517018598809	-338.09
-329.269829814012	-4.60517018598809	-333.875
-329.693829814012	-4.60517018598809	-334.299
-331.775829814012	-4.60517018598809	-336.381
-329.681829814012	-4.60517018598809	-334.287
-330.878829814012	-4.60517018598809	-335.484
-329.190829814012	-4.60517018598809	-333.796
-329.215829814012	-4.60517018598809	-333.821
-329.134829814012	-4.60517018598809	-333.74
-329.470829814012	-4.60517018598809	-334.076
-329.128829814012	-4.60517018598809	-333.734
-329.393829814012	-4.60517018598809	-333.999
-329.207829814012	-4.60517018598809	-333.813
-330.351829814012	-4.60517018598809	-334.957
-331.121829814012	-4.60517018598809	-335.727
-330.651829814012	-4.60517018598809	-335.257
-329.506829814012	-4.60517018598809	-334.112
-330.436829814012	-4.60517018598809	-335.042
-332.123829814012	-4.60517018598809	-336.729
-330.146829814012	-4.60517018598809	-334.752
-329.218829814012	-4.60517018598809	-333.824
-332.132829814012	-4.60517018598809	-336.738
-329.858829814012	-4.60517018598809	-334.464
-329.568829814012	-4.60517018598809	-334.174
-329.585829814012	-4.60517018598809	-334.191
-332.500829814012	-4.60517018598809	-337.106
-329.408829814012	-4.60517018598809	-334.014
-329.485829814012	-4.60517018598809	-334.091
-329.205829814012	-4.60517018598809	-333.811
-329.604829814012	-4.60517018598809	-334.21
-329.693829814012	-4.60517018598809	-334.299
-330.135829814012	-4.60517018598809	-334.741
-329.905829814012	-4.60517018598809	-334.511
-329.740829814012	-4.60517018598809	-334.346
-329.666829814012	-4.60517018598809	-334.272
-330.130829814012	-4.60517018598809	-334.736
-330.675829814012	-4.60517018598809	-335.281
-331.215829814012	-4.60517018598809	-335.821
-329.402829814012	-4.60517018598809	-334.008
-330.006829814012	-4.60517018598809	-334.612
-330.981829814012	-4.60517018598809	-335.587
-332.693829814012	-4.60517018598809	-337.299
-331.430829814012	-4.60517018598809	-336.036
-329.422829814012	-4.60517018598809	-334.028
-330.781829814012	-4.60517018598809	-335.387
-330.103829814012	-4.60517018598809	-334.709
-330.355829814012	-4.60517018598809	-334.961
-329.755829814012	-4.60517018598809	-334.361
-330.507829814012	-4.60517018598809	-335.113
-330.963829814012	-4.60517018598809	-335.569
-329.446829814012	-4.60517018598809	-334.052
-329.779829814012	-4.60517018598809	-334.385
-330.136829814012	-4.60517018598809	-334.742
-329.542829814012	-4.60517018598809	-334.148
-329.379829814012	-4.60517018598809	-333.985
-329.380829814012	-4.60517018598809	-333.986
-329.438829814012	-4.60517018598809	-334.044
-331.392829814012	-4.60517018598809	-335.998
-331.690829814012	-4.60517018598809	-336.296
-330.016829814012	-4.60517018598809	-334.622
-329.297829814012	-4.60517018598809	-333.903
-329.657829814012	-4.60517018598809	-334.263
-329.658829814012	-4.60517018598809	-334.264
-329.479829814012	-4.60517018598809	-334.085
-329.363829814012	-4.60517018598809	-333.969
-329.202829814012	-4.60517018598809	-333.808
-329.622829814012	-4.60517018598809	-334.228
-332.239829814012	-4.60517018598809	-336.845
-331.791829814012	-4.60517018598809	-336.397
-331.788829814012	-4.60517018598809	-336.394
-329.715829814012	-4.60517018598809	-334.321
-331.603829814012	-4.60517018598809	-336.209
-329.761829814012	-4.60517018598809	-334.367
-329.905829814012	-4.60517018598809	-334.511
-329.834829814012	-4.60517018598809	-334.44
-331.572829814012	-4.60517018598809	-336.178
-329.576829814012	-4.60517018598809	-334.182
-329.086829814012	-4.60517018598809	-333.692
-330.009829814012	-4.60517018598809	-334.615
-329.113829814012	-4.60517018598809	-333.719
-329.531829814012	-4.60517018598809	-334.137
-330.319829814012	-4.60517018598809	-334.925
-330.119829814012	-4.60517018598809	-334.725
-329.358829814012	-4.60517018598809	-333.964
-329.801829814012	-4.60517018598809	-334.407
-329.305829814012	-4.60517018598809	-333.911
-331.686829814012	-4.60517018598809	-336.292
-329.520829814012	-4.60517018598809	-334.126
-329.394829814012	-4.60517018598809	-334
-329.529829814012	-4.60517018598809	-334.135
-329.306829814012	-4.60517018598809	-333.912
-329.458829814012	-4.60517018598809	-334.064
-329.217829814012	-4.60517018598809	-333.823
-330.338829814012	-4.60517018598809	-334.944
-329.283829814012	-4.60517018598809	-333.889
-330.269829814012	-4.60517018598809	-334.875
-329.978829814012	-4.60517018598809	-334.584
-329.086829814012	-4.60517018598809	-333.692
-329.716829814012	-4.60517018598809	-334.322
-330.250829814012	-4.60517018598809	-334.856
-329.157829814012	-4.60517018598809	-333.763
-329.581829814012	-4.60517018598809	-334.187
-330.641829814012	-4.60517018598809	-335.247
-333.316829814012	-4.60517018598809	-337.922
-329.292829814012	-4.60517018598809	-333.898
-329.862829814012	-4.60517018598809	-334.468
-329.403829814012	-4.60517018598809	-334.009
-330.998829814012	-4.60517018598809	-335.604
-330.949829814012	-4.60517018598809	-335.555
-330.023829814012	-4.60517018598809	-334.629
-329.883829814012	-4.60517018598809	-334.489
-330.187829814012	-4.60517018598809	-334.793
-329.196829814012	-4.60517018598809	-333.802
-329.866829814012	-4.60517018598809	-334.472
-329.868829814012	-4.60517018598809	-334.474
-330.277829814012	-4.60517018598809	-334.883
-329.088829814012	-4.60517018598809	-333.694
-329.169829814012	-4.60517018598809	-333.775
-330.051829814012	-4.60517018598809	-334.657
-329.644829814012	-4.60517018598809	-334.25
-330.719829814012	-4.60517018598809	-335.325
-334.150829814012	-4.60517018598809	-338.756
-330.840829814012	-4.60517018598809	-335.446
-331.447829814012	-4.60517018598809	-336.053
-331.964829814012	-4.60517018598809	-336.57
-333.364829814012	-4.60517018598809	-337.97
-329.267829814012	-4.60517018598809	-333.873
-329.180829814012	-4.60517018598809	-333.786
-329.099829814012	-4.60517018598809	-333.705
-330.361829814012	-4.60517018598809	-334.967
-330.721829814012	-4.60517018598809	-335.327
-329.269829814012	-4.60517018598809	-333.875
-329.114829814012	-4.60517018598809	-333.72
-329.669829814012	-4.60517018598809	-334.275
-331.618829814012	-4.60517018598809	-336.224
-331.716829814012	-4.60517018598809	-336.322
-329.725829814012	-4.60517018598809	-334.331
-329.202829814012	-4.60517018598809	-333.808
-334.439829814012	-4.60517018598809	-339.045
-329.323829814012	-4.60517018598809	-333.929
-329.119829814012	-4.60517018598809	-333.725
-330.869829814012	-4.60517018598809	-335.475
-330.887829814012	-4.60517018598809	-335.493
-330.623829814012	-4.60517018598809	-335.229
-329.285829814012	-4.60517018598809	-333.891
-329.132829814012	-4.60517018598809	-333.738
-329.615829814012	-4.60517018598809	-334.221
-329.230829814012	-4.60517018598809	-333.836
-329.320829814012	-4.60517018598809	-333.926
-330.823829814012	-4.60517018598809	-335.429
-329.123829814012	-4.60517018598809	-333.729
-329.637829814012	-4.60517018598809	-334.243
-329.679829814012	-4.60517018598809	-334.285
-330.980829814012	-4.60517018598809	-335.586
-330.268829814012	-4.60517018598809	-334.874
-329.217829814012	-4.60517018598809	-333.823
-331.938829814012	-4.60517018598809	-336.544
-331.179829814012	-4.60517018598809	-335.785
-330.703829814012	-4.60517018598809	-335.309
-329.557829814012	-4.60517018598809	-334.163
-331.497829814012	-4.60517018598809	-336.103
-329.469829814012	-4.60517018598809	-334.075
-329.203829814012	-4.60517018598809	-333.809
-329.425829814012	-4.60517018598809	-334.031
-329.242829814012	-4.60517018598809	-333.848
-332.458829814012	-4.60517018598809	-337.064
-329.097829814012	-4.60517018598809	-333.703
-329.196829814012	-4.60517018598809	-333.802
-331.146829814012	-4.60517018598809	-335.752
-329.396829814012	-4.60517018598809	-334.002
-329.245829814012	-4.60517018598809	-333.851
-329.094829814012	-4.60517018598809	-333.7
-329.180829814012	-4.60517018598809	-333.786
-329.344829814012	-4.60517018598809	-333.95
-331.823829814012	-4.60517018598809	-336.429
-330.952829814012	-4.60517018598809	-335.558
-329.225829814012	-4.60517018598809	-333.831
-329.382829814012	-4.60517018598809	-333.988
-329.927829814012	-4.60517018598809	-334.533
-329.564829814012	-4.60517018598809	-334.17
-329.574829814012	-4.60517018598809	-334.18
-329.903829814012	-4.60517018598809	-334.509
-329.531829814012	-4.60517018598809	-334.137
-329.148829814012	-4.60517018598809	-333.754
-329.147829814012	-4.60517018598809	-333.753
-332.322829814012	-4.60517018598809	-336.928
-330.310829814012	-4.60517018598809	-334.916
-330.089829814012	-4.60517018598809	-334.695
-329.279829814012	-4.60517018598809	-333.885
-329.573829814012	-4.60517018598809	-334.179
-330.962829814012	-4.60517018598809	-335.568
-329.203829814012	-4.60517018598809	-333.809
-329.280829814012	-4.60517018598809	-333.886
-330.964829814012	-4.60517018598809	-335.57
-329.687829814012	-4.60517018598809	-334.293
-329.144829814012	-4.60517018598809	-333.75
-329.649829814012	-4.60517018598809	-334.255
-329.730829814012	-4.60517018598809	-334.336
-331.626829814012	-4.60517018598809	-336.232
-331.200829814012	-4.60517018598809	-335.806
-330.123829814012	-4.60517018598809	-334.729
-330.165829814012	-4.60517018598809	-334.771
-329.481829814012	-4.60517018598809	-334.087
-329.781829814012	-4.60517018598809	-334.387
-330.770829814012	-4.60517018598809	-335.376
-329.273829814012	-4.60517018598809	-333.879
-330.752829814012	-4.60517018598809	-335.358
-330.830829814012	-4.60517018598809	-335.436
-329.107829814012	-4.60517018598809	-333.713
-329.841829814012	-4.60517018598809	-334.447
-329.646829814012	-4.60517018598809	-334.252
-329.135829814012	-4.60517018598809	-333.741
-330.589829814012	-4.60517018598809	-335.195
-329.873829814012	-4.60517018598809	-334.479
-329.338829814012	-4.60517018598809	-333.944
-331.835829814012	-4.60517018598809	-336.441
-329.558829814012	-4.60517018598809	-334.164
-331.946829814012	-4.60517018598809	-336.552
-329.086829814012	-4.60517018598809	-333.692
-329.397829814012	-4.60517018598809	-334.003
-329.570829814012	-4.60517018598809	-334.176
-329.344829814012	-4.60517018598809	-333.95
-330.113829814012	-4.60517018598809	-334.719
-332.732829814012	-4.60517018598809	-337.338
-329.437829814012	-4.60517018598809	-334.043
-329.430829814012	-4.60517018598809	-334.036
-330.687829814012	-4.60517018598809	-335.293
-329.157829814012	-4.60517018598809	-333.763
-332.476829814012	-4.60517018598809	-337.082
-329.180829814012	-4.60517018598809	-333.786
-329.814829814012	-4.60517018598809	-334.42
-331.123829814012	-4.60517018598809	-335.729
-334.723829814012	-4.60517018598809	-339.329
-329.210829814012	-4.60517018598809	-333.816
-329.865829814012	-4.60517018598809	-334.471
-329.476829814012	-4.60517018598809	-334.082
-332.040829814012	-4.60517018598809	-336.646
-330.741829814012	-4.60517018598809	-335.347
-329.734829814012	-4.60517018598809	-334.34
-329.128829814012	-4.60517018598809	-333.734
-329.120829814012	-4.60517018598809	-333.726
-331.453829814012	-4.60517018598809	-336.059
-329.163829814012	-4.60517018598809	-333.769
-330.490829814012	-4.60517018598809	-335.096
-329.645829814012	-4.60517018598809	-334.251
-329.894829814012	-4.60517018598809	-334.5
-329.642829814012	-4.60517018598809	-334.248
-329.958829814012	-4.60517018598809	-334.564
-329.811829814012	-4.60517018598809	-334.417
-332.329829814012	-4.60517018598809	-336.935
-329.160829814012	-4.60517018598809	-333.766
-329.310829814012	-4.60517018598809	-333.916
-330.493829814012	-4.60517018598809	-335.099
-332.332829814012	-4.60517018598809	-336.938
-329.683829814012	-4.60517018598809	-334.289
-329.334829814012	-4.60517018598809	-333.94
-331.075829814012	-4.60517018598809	-335.681
-329.344829814012	-4.60517018598809	-333.95
-329.620829814012	-4.60517018598809	-334.226
-329.750829814012	-4.60517018598809	-334.356
-330.360829814012	-4.60517018598809	-334.966
-331.261829814012	-4.60517018598809	-335.867
-331.025829814012	-4.60517018598809	-335.631
-329.151829814012	-4.60517018598809	-333.757
-329.092829814012	-4.60517018598809	-333.698
-329.278829814012	-4.60517018598809	-333.884
-329.971829814012	-4.60517018598809	-334.577
-329.215829814012	-4.60517018598809	-333.821
-329.475829814012	-4.60517018598809	-334.081
-329.859829814012	-4.60517018598809	-334.465
-329.911829814012	-4.60517018598809	-334.517
-329.118829814012	-4.60517018598809	-333.724
-331.836829814012	-4.60517018598809	-336.442
-329.573829814012	-4.60517018598809	-334.179
-329.592829814012	-4.60517018598809	-334.198
-330.043829814012	-4.60517018598809	-334.649
-332.665829814012	-4.60517018598809	-337.271
-330.417829814012	-4.60517018598809	-335.023
-330.767829814012	-4.60517018598809	-335.373
-329.374829814012	-4.60517018598809	-333.98
-330.631829814012	-4.60517018598809	-335.237
-329.180829814012	-4.60517018598809	-333.786
-330.010829814012	-4.60517018598809	-334.616
-330.204829814012	-4.60517018598809	-334.81
-331.262829814012	-4.60517018598809	-335.868
-330.696829814012	-4.60517018598809	-335.302
-330.162829814012	-4.60517018598809	-334.768
-329.116829814012	-4.60517018598809	-333.722
-329.835829814012	-4.60517018598809	-334.441
-329.732829814012	-4.60517018598809	-334.338
-330.739829814012	-4.60517018598809	-335.345
-329.684829814012	-4.60517018598809	-334.29
-329.645829814012	-4.60517018598809	-334.251
-329.958829814012	-4.60517018598809	-334.564
-329.916829814012	-4.60517018598809	-334.522
-329.535829814012	-4.60517018598809	-334.141
-330.862829814012	-4.60517018598809	-335.468
-329.836829814012	-4.60517018598809	-334.442
-329.231829814012	-4.60517018598809	-333.837
-330.427829814012	-4.60517018598809	-335.033
-329.586829814012	-4.60517018598809	-334.192
-331.084829814012	-4.60517018598809	-335.69
-333.606829814012	-4.60517018598809	-338.212
-329.381829814012	-4.60517018598809	-333.987
-329.096829814012	-4.60517018598809	-333.702
-329.201829814012	-4.60517018598809	-333.807
-329.249829814012	-4.60517018598809	-333.855
-329.889829814012	-4.60517018598809	-334.495
-329.375829814012	-4.60517018598809	-333.981
-329.237829814012	-4.60517018598809	-333.843
-329.850829814012	-4.60517018598809	-334.456
-329.473829814012	-4.60517018598809	-334.079
-329.346829814012	-4.60517018598809	-333.952
-329.732829814012	-4.60517018598809	-334.338
-329.083829814012	-4.60517018598809	-333.689
-329.257829814012	-4.60517018598809	-333.863
-329.664829814012	-4.60517018598809	-334.27
-329.529829814012	-4.60517018598809	-334.135
-329.759829814012	-4.60517018598809	-334.365
-329.610829814012	-4.60517018598809	-334.216
-329.338829814012	-4.60517018598809	-333.944
-330.931829814012	-4.60517018598809	-335.537
-330.184829814012	-4.60517018598809	-334.79
-330.446829814012	-4.60517018598809	-335.052
-329.232829814012	-4.60517018598809	-333.838
-329.707829814012	-4.60517018598809	-334.313
-330.716829814012	-4.60517018598809	-335.322
-329.740829814012	-4.60517018598809	-334.346
-329.661829814012	-4.60517018598809	-334.267
-331.841829814012	-4.60517018598809	-336.447
-329.199829814012	-4.60517018598809	-333.805
-330.062829814012	-4.60517018598809	-334.668
-330.514829814012	-4.60517018598809	-335.12
-329.408829814012	-4.60517018598809	-334.014
-329.555829814012	-4.60517018598809	-334.161
-329.224829814012	-4.60517018598809	-333.83
-330.413829814012	-4.60517018598809	-335.019
-331.465829814012	-4.60517018598809	-336.071
-329.693829814012	-4.60517018598809	-334.299
-329.593829814012	-4.60517018598809	-334.199
-329.505829814012	-4.60517018598809	-334.111
-329.418829814012	-4.60517018598809	-334.024
-331.404829814012	-4.60517018598809	-336.01
-330.839829814012	-4.60517018598809	-335.445
-329.171829814012	-4.60517018598809	-333.777
-331.423829814012	-4.60517018598809	-336.029
-331.156829814012	-4.60517018598809	-335.762
-329.281829814012	-4.60517018598809	-333.887
-329.342829814012	-4.60517018598809	-333.948
-329.623829814012	-4.60517018598809	-334.229
-329.147829814012	-4.60517018598809	-333.753
-330.881829814012	-4.60517018598809	-335.487
-330.132829814012	-4.60517018598809	-334.738
-329.867829814012	-4.60517018598809	-334.473
-330.881829814012	-4.60517018598809	-335.487
-329.643829814012	-4.60517018598809	-334.249
-330.717829814012	-4.60517018598809	-335.323
-330.461829814012	-4.60517018598809	-335.067
-330.553829814012	-4.60517018598809	-335.159
-329.144829814012	-4.60517018598809	-333.75
-329.441829814012	-4.60517018598809	-334.047
-330.447829814012	-4.60517018598809	-335.053
-329.304829814012	-4.60517018598809	-333.91
-331.514829814012	-4.60517018598809	-336.12
-329.548829814012	-4.60517018598809	-334.154
-332.588829814012	-4.60517018598809	-337.194
-329.093829814012	-4.60517018598809	-333.699
-329.574829814012	-4.60517018598809	-334.18
-331.567829814012	-4.60517018598809	-336.173
-330.712829814012	-4.60517018598809	-335.318
-330.312829814012	-4.60517018598809	-334.918
-329.357829814012	-4.60517018598809	-333.963
-330.829829814012	-4.60517018598809	-335.435
-331.114829814012	-4.60517018598809	-335.72
-329.661829814012	-4.60517018598809	-334.267
-329.368829814012	-4.60517018598809	-333.974
-329.652829814012	-4.60517018598809	-334.258
-330.905829814012	-4.60517018598809	-335.511
-330.142829814012	-4.60517018598809	-334.748
-329.971829814012	-4.60517018598809	-334.577
-329.454829814012	-4.60517018598809	-334.06
-329.521829814012	-4.60517018598809	-334.127
-329.146829814012	-4.60517018598809	-333.752
-329.721829814012	-4.60517018598809	-334.327
-330.185829814012	-4.60517018598809	-334.791
-329.714829814012	-4.60517018598809	-334.32
-330.379829814012	-4.60517018598809	-334.985
-329.094829814012	-4.60517018598809	-333.7
-331.858829814012	-4.60517018598809	-336.464
-330.754829814012	-4.60517018598809	-335.36
-329.221829814012	-4.60517018598809	-333.827
-330.165829814012	-4.60517018598809	-334.771
-329.174829814012	-4.60517018598809	-333.78
-329.529829814012	-4.60517018598809	-334.135
-329.275829814012	-4.60517018598809	-333.881
-329.197829814012	-4.60517018598809	-333.803
-329.502829814012	-4.60517018598809	-334.108
-330.737829814012	-4.60517018598809	-335.343
-329.416829814012	-4.60517018598809	-334.022
-329.684829814012	-4.60517018598809	-334.29
-329.283829814012	-4.60517018598809	-333.889
-332.978829814012	-4.60517018598809	-337.584
-329.471829814012	-4.60517018598809	-334.077
-330.665829814012	-4.60517018598809	-335.271
-329.521829814012	-4.60517018598809	-334.127
-331.564829814012	-4.60517018598809	-336.17
-330.684829814012	-4.60517018598809	-335.29
-330.638829814012	-4.60517018598809	-335.244
-329.227829814012	-4.60517018598809	-333.833
