res1           res2           tau1           Y1_gamma1      LogPost        
   0.123735E+03   0.119751E+03   0.371923E+01   0.288188E+01  -0.292096E+02
   0.123735E+03   0.118096E+03   0.409246E+01   0.101607E+01  -0.254213E+02
   0.124377E+03   0.118738E+03   0.401641E+01   0.524307E+00  -0.237287E+02
   0.124914E+03   0.115139E+03   0.380720E+01   0.129307E+01  -0.309537E+02
   0.124754E+03   0.117533E+03   0.397995E+01   0.885809E+00  -0.244314E+02
   0.123766E+03   0.118533E+03   0.405369E+01   0.230717E+01  -0.274034E+02
   0.125066E+03   0.118088E+03   0.401296E+01   0.678042E+00  -0.241702E+02
   0.124366E+03   0.118563E+03   0.396445E+01   0.755938E+00  -0.236369E+02
   0.124255E+03   0.118548E+03   0.412456E+01   0.888903E+00  -0.238729E+02
   0.125162E+03   0.118548E+03   0.395929E+01   0.165478E+01  -0.258621E+02
   0.125162E+03   0.118356E+03   0.389416E+01   0.862149E+00  -0.243998E+02
   0.125389E+03   0.118870E+03   0.378664E+01   0.611744E+00  -0.254031E+02
   0.124739E+03   0.119056E+03   0.375503E+01   0.113230E+01  -0.242705E+02
   0.124768E+03   0.118027E+03   0.386137E+01   0.871181E+00  -0.238279E+02
   0.124768E+03   0.117909E+03   0.403498E+01   0.374303E+00  -0.239546E+02
   0.124572E+03   0.118497E+03   0.373512E+01   0.133232E+00  -0.236237E+02
   0.124572E+03   0.117960E+03   0.399063E+01   0.681744E+00  -0.237132E+02
   0.124572E+03   0.117752E+03   0.393496E+01   0.835134E+00  -0.240162E+02
   0.124683E+03   0.118606E+03   0.397260E+01   0.719474E+00  -0.234598E+02
   0.124254E+03   0.119731E+03   0.373573E+01   0.149902E+01  -0.256173E+02
   0.124725E+03   0.118945E+03   0.407387E+01   0.211226E+00  -0.238686E+02
   0.124662E+03   0.119779E+03   0.399906E+01   0.196227E+01  -0.266818E+02
   0.123381E+03   0.118879E+03   0.387457E+01   0.196227E+01  -0.271980E+02
   0.123786E+03   0.118315E+03   0.371904E+01   0.169533E+01  -0.259084E+02
   0.123396E+03   0.118396E+03   0.384769E+01   0.163718E+01  -0.266343E+02
   0.124934E+03   0.117284E+03   0.378641E+01   0.241673E+01  -0.280000E+02
   0.124488E+03   0.118775E+03   0.408793E+01   0.216936E+01  -0.267500E+02
   0.124488E+03   0.118029E+03   0.390315E+01   0.106367E+01  -0.240141E+02
   0.124587E+03   0.119079E+03   0.386239E+01   0.253322E-01  -0.242226E+02
   0.124587E+03   0.119138E+03   0.411655E+01   0.351291E+00  -0.240996E+02
   0.124401E+03   0.122131E+03   0.318739E+01   0.281398E+01  -0.328950E+02
   0.114866E+03   0.121447E+03   0.271611E+01   0.326440E+01  -0.344272E+02
   0.110732E+03   0.122768E+03   0.271611E+01   0.429516E+01  -0.352865E+02
   0.112893E+03   0.122768E+03   0.284268E+01   0.447938E+01  -0.349311E+02
   0.112478E+03   0.123944E+03   0.264482E+01   0.412267E+01  -0.346460E+02
   0.108970E+03   0.124057E+03   0.283222E+01   0.523443E+01  -0.370939E+02
   0.109208E+03   0.123441E+03   0.284033E+01   0.577077E+01  -0.375885E+02
   0.110630E+03   0.124537E+03   0.263522E+01   0.391570E+01  -0.354767E+02
   0.114509E+03   0.123588E+03   0.271018E+01   0.328334E+01  -0.330045E+02
   0.119838E+03   0.123713E+03   0.265527E+01   0.328334E+01  -0.326271E+02
   0.111739E+03   0.121608E+03   0.277777E+01   0.419456E+01  -0.356132E+02
   0.124485E+03   0.122135E+03   0.367554E+01   0.415785E+01  -0.332295E+02
   0.123042E+03   0.121564E+03   0.400834E+01   0.433838E+01  -0.336346E+02
   0.124139E+03   0.114177E+03   0.381111E+01   0.147255E+01  -0.338058E+02
   0.123440E+03   0.116323E+03   0.413724E+01   0.192787E+01  -0.284832E+02
   0.125318E+03   0.118764E+03   0.370547E+01   0.192787E+01  -0.268397E+02
   0.125164E+03   0.118620E+03   0.402283E+01   0.704040E+00  -0.243220E+02
   0.123846E+03   0.119164E+03   0.372124E+01   0.142968E+01  -0.255134E+02
   0.124030E+03   0.120190E+03   0.402974E+01   0.101959E+01  -0.265926E+02
   0.124934E+03   0.118916E+03   0.389047E+01   0.650270E+00  -0.238971E+02
   0.124633E+03   0.118482E+03   0.386197E+01   0.917054E-01  -0.235929E+02
   0.124633E+03   0.118405E+03   0.386762E+01   0.123893E+01  -0.242285E+02
   0.124369E+03   0.118390E+03   0.391687E+01   0.492549E+00  -0.236968E+02
   0.125042E+03   0.118893E+03   0.375324E+01   0.585050E+00  -0.241219E+02
   0.125042E+03   0.118556E+03   0.394231E+01   0.713781E+00  -0.239615E+02
   0.124113E+03   0.118061E+03   0.377298E+01   0.713781E+00  -0.243734E+02
   0.124113E+03   0.117873E+03   0.366917E+01   0.713781E+00  -0.245742E+02
   0.125369E+03   0.118232E+03   0.382732E+01   0.713781E+00  -0.251518E+02
   0.124208E+03   0.116981E+03   0.387565E+01   0.713781E+00  -0.262674E+02
   0.124208E+03   0.118747E+03   0.408916E+01   0.853168E+00  -0.239990E+02
   0.124969E+03   0.119380E+03   0.398981E+01   0.151884E+01  -0.255722E+02
   0.125057E+03   0.118620E+03   0.403727E+01   0.116164E+01  -0.245656E+02
   0.124436E+03   0.117701E+03   0.386860E+01   0.601104E+00  -0.242333E+02
   0.124436E+03   0.119645E+03   0.376602E+01   0.122069E+00  -0.260591E+02
   0.124633E+03   0.118706E+03   0.401997E+01   0.525233E+00  -0.234516E+02
   0.124344E+03   0.119291E+03   0.374890E+01   0.141317E+00  -0.251356E+02
   0.124344E+03   0.118071E+03   0.412877E+01   0.201746E+00  -0.243100E+02
   0.124458E+03   0.117812E+03   0.380012E+01   0.604278E+00  -0.240163E+02
   0.124344E+03   0.118806E+03   0.404107E+01   0.153418E+01  -0.249932E+02
   0.124344E+03   0.119098E+03   0.369341E+01   0.745174E+00  -0.240402E+02
   0.124612E+03   0.117794E+03   0.372269E+01   0.959957E+00  -0.240678E+02
   0.124751E+03   0.118117E+03   0.406929E+01   0.368556E+00  -0.236645E+02
   0.124751E+03   0.118304E+03   0.409436E+01   0.368556E+00  -0.235160E+02
   0.124399E+03   0.118710E+03   0.410435E+01   0.317143E+00  -0.238525E+02
   0.124766E+03   0.119194E+03   0.380536E+01   0.751666E+00  -0.240246E+02
   0.124766E+03   0.118875E+03   0.413617E+01   0.751666E+00  -0.236730E+02
   0.125140E+03   0.117493E+03   0.400056E+01   0.107760E+01  -0.252876E+02
   0.125235E+03   0.117720E+03   0.405711E+01   0.225580E+00  -0.257562E+02
   0.124395E+03   0.118208E+03   0.369438E+01   0.117180E+01  -0.241518E+02
   0.124566E+03   0.119388E+03   0.374010E+01   0.105889E+01  -0.244309E+02
   0.125184E+03   0.118320E+03   0.396843E+01   0.921790E+00  -0.245261E+02
   0.124092E+03   0.117366E+03   0.404699E+01   0.110256E+01  -0.252212E+02
   0.124439E+03   0.118369E+03   0.409396E+01   0.949030E+00  -0.237261E+02
   0.124439E+03   0.119011E+03   0.394268E+01   0.745282E+00  -0.238183E+02
   0.124553E+03   0.119011E+03   0.384853E+01   0.783260E+00  -0.237559E+02
   0.124589E+03   0.118007E+03   0.385469E+01   0.567861E+00  -0.236691E+02
   0.124589E+03   0.118575E+03   0.380271E+01   0.411457E+00  -0.234544E+02
   0.124589E+03   0.117400E+03   0.395611E+01   0.991361E+00  -0.246428E+02
   0.124404E+03   0.118514E+03   0.399271E+01   0.273226E+00  -0.238079E+02
   0.124264E+03   0.119332E+03   0.392192E+01   0.143199E+01  -0.250891E+02
   0.124493E+03   0.118522E+03   0.368452E+01   0.179709E+01  -0.256502E+02
   0.125321E+03   0.118656E+03   0.375599E+01   0.126669E+01  -0.253941E+02
   0.124105E+03   0.118656E+03   0.372713E+01   0.302748E+00  -0.248512E+02
   0.125438E+03   0.118656E+03   0.394693E+01   0.703664E+00  -0.254459E+02
   0.124080E+03   0.117741E+03   0.405627E+01   0.979308E-01  -0.261560E+02
   0.125058E+03   0.115987E+03   0.404084E+01   0.146467E+01  -0.282261E+02
   0.125068E+03   0.118426E+03   0.410203E+01   0.130753E+01  -0.248745E+02
   0.125058E+03   0.118344E+03   0.381028E+01   0.967567E-02  -0.242310E+02
   0.125165E+03   0.118078E+03   0.368095E+01   0.967567E-02  -0.248821E+02
   0.123963E+03   0.117739E+03   0.412059E+01   0.967567E-02  -0.269098E+02
   0.124106E+03   0.119503E+03   0.396597E+01   0.241516E+00  -0.265238E+02
   0.123066E+03   0.120174E+03   0.433037E+01   0.199165E+01  -0.305256E+02
   0.123148E+03   0.118036E+03   0.379360E+01   0.318523E+01  -0.302355E+02
   0.123891E+03   0.118797E+03   0.391934E+01   0.760379E+00  -0.250324E+02
   0.124566E+03   0.118000E+03   0.381255E+01   0.756158E-01  -0.240559E+02
   0.124523E+03   0.118684E+03   0.400037E+01   0.594149E+00  -0.234798E+02
   0.124523E+03   0.119895E+03   0.407142E+01   0.788788E+00  -0.254142E+02
   0.124546E+03   0.118667E+03   0.412554E+01   0.395186E+00  -0.235307E+02
   0.124232E+03   0.117690E+03   0.382786E+01   0.739759E+00  -0.245031E+02
   0.124232E+03   0.117924E+03   0.367085E+01   0.158357E+00  -0.249765E+02
   0.124574E+03   0.118127E+03   0.372960E+01   0.454723E+00  -0.236019E+02
   0.124147E+03   0.118266E+03   0.393087E+01   0.105194E+01  -0.242358E+02
   0.124271E+03   0.119820E+03   0.384711E+01   0.112569E+01  -0.253138E+02
   0.124271E+03   0.118227E+03   0.372983E+01   0.359939E+00  -0.241715E+02
   0.124759E+03   0.118727E+03   0.415122E+01   0.121435E+01  -0.242801E+02
   0.124518E+03   0.118577E+03   0.404259E+01   0.512288E+00  -0.234639E+02
   0.124518E+03   0.118577E+03   0.370757E+01   0.931864E+00  -0.236615E+02
   0.124518E+03   0.118763E+03   0.391647E+01   0.308571E+00  -0.236900E+02
   0.124518E+03   0.118763E+03   0.414184E+01   0.129968E+01  -0.243832E+02
   0.123919E+03   0.117462E+03   0.410952E+01   0.109143E+01  -0.254666E+02
   0.123930E+03   0.119386E+03   0.401547E+01   0.131833E+01  -0.253959E+02
   0.124707E+03   0.117871E+03   0.407711E+01   0.102553E+01  -0.241133E+02
   0.124707E+03   0.118830E+03   0.408432E+01   0.760278E+00  -0.236049E+02
   0.123258E+03   0.116344E+03   0.384870E+01   0.217318E+01  -0.290137E+02
   0.125177E+03   0.119029E+03   0.411026E+01   0.166282E+01  -0.260192E+02
   0.124337E+03   0.119539E+03   0.409078E+01   0.297292E+00  -0.256328E+02
   0.123771E+03   0.118667E+03   0.406929E+01   0.153889E+01  -0.256327E+02
   0.124531E+03   0.119519E+03   0.405422E+01   0.195884E+01  -0.264428E+02
   0.123280E+03   0.119519E+03   0.415012E+01   0.120469E+01  -0.276974E+02
   0.124761E+03   0.119000E+03   0.415012E+01   0.647243E+00  -0.237501E+02
   0.125030E+03   0.119454E+03   0.407258E+01   0.108323E+01  -0.250133E+02
   0.124060E+03   0.119891E+03   0.376728E+01   0.213402E+01  -0.272322E+02
   0.124241E+03   0.118128E+03   0.373768E+01   0.916269E+00  -0.240184E+02
   0.124675E+03   0.118227E+03   0.377371E+01   0.160142E+01  -0.251907E+02
   0.124021E+03   0.119340E+03   0.399021E+01   0.109905E+01  -0.249985E+02
   0.125339E+03   0.119340E+03   0.400871E+01   0.384557E+00  -0.262227E+02
   0.124998E+03   0.118643E+03   0.400194E+01   0.811987E+00  -0.239492E+02
   0.124395E+03   0.118718E+03   0.374476E+01   0.648662E+00  -0.236362E+02
   0.124395E+03   0.118972E+03   0.383728E+01   0.654089E+00  -0.238383E+02
   0.124395E+03   0.118972E+03   0.378697E+01   0.976646E+00  -0.239697E+02
   0.124764E+03   0.118393E+03   0.402253E+01   0.976646E+00  -0.237986E+02
   0.124764E+03   0.117893E+03   0.388316E+01   0.239696E+00  -0.241009E+02
   0.124764E+03   0.118317E+03   0.398373E+01   0.239696E+00  -0.235877E+02
   0.124764E+03   0.119174E+03   0.412085E+01   0.132003E+01  -0.247493E+02
   0.124764E+03   0.116918E+03   0.404647E+01   0.132003E+01  -0.258575E+02
   0.124263E+03   0.118798E+03   0.401188E+01   0.787789E+00  -0.239055E+02
   0.124946E+03   0.118322E+03   0.395444E+01   0.964389E+00  -0.240302E+02
   0.125565E+03   0.117751E+03   0.373031E+01   0.964389E+00  -0.263954E+02
   0.124821E+03   0.118071E+03   0.408389E+01   0.137625E+01  -0.247742E+02
   0.124312E+03   0.119357E+03   0.375611E+01   0.817481E+00  -0.244458E+02
   0.124951E+03   0.118797E+03   0.388770E+01   0.126820E+01  -0.246443E+02
   0.124951E+03   0.118939E+03   0.403262E+01   0.592273E+00  -0.239525E+02
   0.124818E+03   0.118478E+03   0.394909E+01   0.443333E+00  -0.235016E+02
   0.124704E+03   0.118257E+03   0.381040E+01   0.443333E+00  -0.234860E+02
   0.124704E+03   0.118065E+03   0.397453E+01   0.461056E+00  -0.236442E+02
   0.124704E+03   0.118065E+03   0.369281E+01   0.519423E-01  -0.238946E+02
   0.124401E+03   0.118708E+03   0.376207E+01   0.519423E-01  -0.240398E+02
   0.124589E+03   0.116993E+03   0.405249E+01   0.982599E+00  -0.254555E+02
   0.124589E+03   0.117029E+03   0.388831E+01   0.982599E+00  -0.253714E+02
   0.124589E+03   0.117946E+03   0.407602E+01   0.841804E+00  -0.237956E+02
   0.124589E+03   0.117533E+03   0.403170E+01   0.841804E+00  -0.243520E+02
   0.124589E+03   0.118802E+03   0.369401E+01   0.869812E+00  -0.236548E+02
   0.124582E+03   0.118802E+03   0.400183E+01   0.128552E+01  -0.243709E+02
   0.124094E+03   0.118602E+03   0.404253E+01   0.119126E+01  -0.244776E+02
   0.125287E+03   0.118410E+03   0.375205E+01   0.805228E-01  -0.251705E+02
   0.124606E+03   0.119845E+03   0.386005E+01   0.167311E+01  -0.260440E+02
   0.125116E+03   0.117618E+03   0.402374E+01   0.395732E+00  -0.252689E+02
   0.124604E+03   0.119260E+03   0.374077E+01   0.394157E+00  -0.242919E+02
   0.124021E+03   0.118374E+03   0.411450E+01   0.504936E+00  -0.248210E+02
   0.124752E+03   0.117963E+03   0.384945E+01   0.200660E+00  -0.240000E+02
   0.124752E+03   0.117056E+03   0.383375E+01   0.562466E+00  -0.258911E+02
   0.124035E+03   0.118102E+03   0.370094E+01   0.109344E+01  -0.245657E+02
   0.124654E+03   0.117480E+03   0.400497E+01   0.528902E+00  -0.246459E+02
   0.124726E+03   0.119689E+03   0.376677E+01   0.102129E+01  -0.249214E+02
   0.123504E+03   0.117567E+03   0.368903E+01   0.209987E+01  -0.274588E+02
   0.125360E+03   0.118860E+03   0.394901E+01   0.198406E-01  -0.258175E+02
   0.123913E+03   0.119126E+03   0.414238E+01   0.532135E+00  -0.257797E+02
   0.125046E+03   0.119146E+03   0.392557E+01   0.430118E+00  -0.245665E+02
   0.124532E+03   0.117462E+03   0.381223E+01   0.113528E+01  -0.246876E+02
   0.124805E+03   0.119213E+03   0.410852E+01   0.113528E+01  -0.244701E+02
   0.124262E+03   0.116603E+03   0.377537E+01   0.172510E+01  -0.268423E+02
   0.124198E+03   0.118950E+03   0.372206E+01   0.625147E+00  -0.242523E+02
   0.125305E+03   0.119272E+03   0.388637E+01   0.938779E+00  -0.254145E+02
   0.124806E+03   0.119509E+03   0.391580E+01   0.106383E+01  -0.247313E+02
   0.124600E+03   0.116875E+03   0.370111E+01   0.122172E+01  -0.257597E+02
   0.124265E+03   0.117598E+03   0.402193E+01   0.122172E+01  -0.247790E+02
   0.124348E+03   0.119160E+03   0.401776E+01   0.131223E+01  -0.246656E+02
   0.124348E+03   0.118896E+03   0.398470E+01   0.172167E+00  -0.243108E+02
   0.124400E+03   0.117448E+03   0.410292E+01   0.100579E+01  -0.246374E+02
   0.124432E+03   0.116877E+03   0.372845E+01   0.837477E+00  -0.259504E+02
   0.124597E+03   0.118589E+03   0.377219E+01   0.826493E+00  -0.235288E+02
   0.125105E+03   0.118589E+03   0.381599E+01   0.124048E+00  -0.243450E+02
   0.124621E+03   0.118589E+03   0.405840E+01   0.418208E+00  -0.234407E+02
   0.124776E+03   0.118026E+03   0.377263E+01   0.750373E+00  -0.237349E+02
   0.124465E+03   0.118026E+03   0.382099E+01   0.456270E+00  -0.238231E+02
   0.125274E+03   0.118735E+03   0.368554E+01   0.886711E+00  -0.248127E+02
   0.123987E+03   0.118102E+03   0.387869E+01   0.535356E+00  -0.250815E+02
   0.123977E+03   0.119388E+03   0.381056E+01   0.188803E+00  -0.270070E+02
   0.123903E+03   0.118055E+03   0.373789E+01   0.442408E+00  -0.257945E+02
   0.124439E+03   0.117270E+03   0.372044E+01   0.215093E+01  -0.270775E+02
   0.124212E+03   0.117374E+03   0.377475E+01   0.337501E+00  -0.261332E+02
   0.124327E+03   0.117408E+03   0.383139E+01   0.116014E+01  -0.248826E+02
   0.124229E+03   0.118413E+03   0.375305E+01   0.658297E+00  -0.239078E+02
   0.124250E+03   0.118578E+03   0.386094E+01   0.658297E+00  -0.238603E+02
   0.124921E+03   0.119120E+03   0.376538E+01   0.333887E+00  -0.243015E+02
   0.124918E+03   0.117633E+03   0.400403E+01   0.657745E+00  -0.244554E+02
   0.125038E+03   0.118254E+03   0.380790E+01   0.592854E+00  -0.239725E+02
   0.124817E+03   0.117982E+03   0.372537E+01   0.592854E+00  -0.237870E+02
   0.124726E+03   0.118623E+03   0.385560E+01   0.122161E+00  -0.236041E+02
   0.124726E+03   0.117905E+03   0.386098E+01   0.122161E+00  -0.241455E+02
   0.124819E+03   0.119250E+03   0.413561E+01   0.126510E+00  -0.245989E+02
   0.124749E+03   0.119078E+03   0.382870E+01   0.631047E-01  -0.241795E+02
   0.125072E+03   0.118130E+03   0.379391E+01   0.419455E+00  -0.242246E+02
   0.124941E+03   0.116227E+03   0.388518E+01   0.181356E+01  -0.277779E+02
   0.124480E+03   0.118363E+03   0.402363E+01   0.147153E+01  -0.247703E+02
   0.123206E+03   0.118181E+03   0.373468E+01   0.138547E+01  -0.272329E+02
   0.124678E+03   0.117963E+03   0.390514E+01   0.201071E+01  -0.264144E+02
   0.124744E+03   0.118811E+03   0.402476E+01   0.160580E+00  -0.237367E+02
   0.124896E+03   0.118677E+03   0.387651E+01   0.884139E+00  -0.238491E+02
   0.124896E+03   0.118164E+03   0.400920E+01   0.500785E+00  -0.237338E+02
   0.124126E+03   0.118604E+03   0.411191E+01   0.297468E+00  -0.247397E+02
   0.125173E+03   0.119438E+03   0.368655E+01   0.534100E+00  -0.254775E+02
   0.124952E+03   0.118859E+03   0.377720E+01   0.534100E+00  -0.238834E+02
   0.124193E+03   0.118859E+03   0.370823E+01   0.909460E+00  -0.241136E+02
   0.124751E+03   0.117877E+03   0.384616E+01   0.923239E+00  -0.240063E+02
   0.124152E+03   0.119841E+03   0.397252E+01   0.514539E-02  -0.279707E+02
   0.124404E+03   0.118479E+03   0.414871E+01   0.423582E+00  -0.236690E+02
   0.124404E+03   0.117553E+03   0.378485E+01   0.548401E+00  -0.246476E+02
   0.124548E+03   0.118994E+03   0.411016E+01   0.581836E+00  -0.237260E+02
   0.124548E+03   0.118539E+03   0.379739E+01   0.632093E+00  -0.234216E+02
   0.124556E+03   0.119087E+03   0.367302E+01   0.632093E+00  -0.238267E+02
   0.125097E+03   0.118457E+03   0.379176E+01   0.632093E+00  -0.240822E+02
   0.125122E+03   0.119721E+03   0.376183E+01   0.236618E+01  -0.280405E+02
   0.123595E+03   0.118403E+03   0.406989E+01   0.135423E+01  -0.258177E+02
   0.125591E+03   0.120018E+03   0.376167E+01   0.143548E+01  -0.276166E+02
   0.124720E+03   0.118025E+03   0.406861E+01   0.128273E+01  -0.244955E+02
   0.124864E+03   0.119228E+03   0.405107E+01   0.738809E+00  -0.241840E+02
   0.124565E+03   0.119299E+03   0.380548E+01   0.472071E+00  -0.243072E+02
   0.123369E+03   0.118503E+03   0.371313E+01   0.197962E+01  -0.272097E+02
   0.124659E+03   0.117168E+03   0.409369E+01   0.952400E+00  -0.250830E+02
   0.124047E+03   0.117568E+03   0.379219E+01   0.133088E+01  -0.252352E+02
   0.124047E+03   0.117323E+03   0.394042E+01   0.133088E+01  -0.255153E+02
   0.124146E+03   0.120426E+03   0.385171E+01   0.202393E+01  -0.274489E+02
   0.124870E+03   0.118042E+03   0.384575E+01   0.101271E+01  -0.241175E+02
   0.124715E+03   0.118042E+03   0.410370E+01   0.223433E+00  -0.238435E+02
   0.124948E+03   0.118381E+03   0.378310E+01   0.135873E+01  -0.247997E+02
   0.124828E+03   0.118661E+03   0.395009E+01   0.112291E+01  -0.241405E+02
   0.124318E+03   0.119738E+03   0.391574E+01   0.155540E+01  -0.256937E+02
   0.124787E+03   0.119584E+03   0.374568E+01   0.155540E+01  -0.256332E+02
   0.124318E+03   0.119598E+03   0.370578E+01   0.161073E+01  -0.256653E+02
   0.124158E+03   0.117964E+03   0.368186E+01   0.112431E+01  -0.244548E+02
   0.124906E+03   0.116459E+03   0.387908E+01   0.155549E+01  -0.270567E+02
   0.124143E+03   0.118598E+03   0.386167E+01   0.160582E+00  -0.248587E+02
   0.124947E+03   0.118598E+03   0.370562E+01   0.396618E+00  -0.237503E+02
   0.124708E+03   0.118026E+03   0.380051E+01   0.124810E+01  -0.244111E+02
   0.124798E+03   0.118431E+03   0.395468E+01   0.728609E+00  -0.235353E+02
   0.124824E+03   0.117997E+03   0.401516E+01   0.918195E+00  -0.239632E+02
   0.124602E+03   0.118444E+03   0.389928E+01   0.789758E+00  -0.234853E+02
   0.124245E+03   0.118283E+03   0.383491E+01   0.471279E+00  -0.240692E+02
   0.124915E+03   0.118925E+03   0.400331E+01   0.544601E+00  -0.238748E+02
   0.125412E+03   0.117925E+03   0.374013E+01   0.429835E+00  -0.259592E+02
   0.124570E+03   0.118249E+03   0.406377E+01   0.197895E+00  -0.236843E+02
   0.124595E+03   0.118499E+03   0.386844E+01   0.599670E+00  -0.233951E+02
   0.124530E+03   0.118499E+03   0.403737E+01   0.452838E+00  -0.234672E+02
   0.124948E+03   0.118499E+03   0.380747E+01   0.452838E+00  -0.237134E+02
   0.124948E+03   0.118935E+03   0.386350E+01   0.319838E+00  -0.240707E+02
   0.125067E+03   0.117323E+03   0.380014E+01   0.644214E-01  -0.265128E+02
   0.123909E+03   0.117559E+03   0.399982E+01   0.164576E+01  -0.259627E+02
   0.124050E+03   0.116880E+03   0.410098E+01   0.133870E+01  -0.261857E+02
   0.124538E+03   0.116748E+03   0.393336E+01   0.174497E+01  -0.266485E+02
   0.125019E+03   0.118041E+03   0.406820E+01   0.149624E+01  -0.253268E+02
   0.124300E+03   0.118368E+03   0.385592E+01   0.939895E+00  -0.238552E+02
   0.125059E+03   0.119739E+03   0.379696E+01   0.478496E+00  -0.260528E+02
   0.124306E+03   0.118981E+03   0.399337E+01   0.609727E+00  -0.240333E+02
   0.124854E+03   0.118773E+03   0.411792E+01   0.540110E+00  -0.236387E+02
   0.124178E+03   0.118696E+03   0.396115E+01   0.886670E+00  -0.240510E+02
   0.123504E+03   0.119928E+03   0.407668E+01   0.156658E+01  -0.271575E+02
   0.124260E+03   0.119329E+03   0.408427E+01   0.943605E+00  -0.244846E+02
   0.124203E+03   0.119329E+03   0.376284E+01   0.103143E+01  -0.246109E+02
   0.124565E+03   0.118530E+03   0.373857E+01   0.584616E+00  -0.234086E+02
   0.124885E+03   0.118507E+03   0.369208E+01   0.518676E+00  -0.235828E+02
   0.124624E+03   0.118426E+03   0.408253E+01   0.372383E+00  -0.234528E+02
   0.123930E+03   0.118781E+03   0.382621E+01   0.213197E+01  -0.268174E+02
   0.125382E+03   0.118502E+03   0.375201E+01   0.594332E+00  -0.252049E+02
   0.124177E+03   0.118621E+03   0.407588E+01   0.123004E+01  -0.244201E+02
   0.125033E+03   0.118764E+03   0.413664E+01   0.115030E+01  -0.245357E+02
   0.124845E+03   0.117862E+03   0.374948E+01   0.671664E+00  -0.239713E+02
   0.124147E+03   0.118514E+03   0.392988E+01   0.113401E+01  -0.243028E+02
   0.123431E+03   0.117807E+03   0.386971E+01   0.157997E+01  -0.266801E+02
   0.125129E+03   0.118504E+03   0.378310E+01   0.300631E+00  -0.243171E+02
   0.124510E+03   0.119520E+03   0.412539E+01   0.167398E+01  -0.257183E+02
   0.123608E+03   0.117829E+03   0.382880E+01   0.212231E+01  -0.272415E+02
   0.124416E+03   0.116676E+03   0.393764E+01   0.170004E+01  -0.266583E+02
   0.124416E+03   0.119021E+03   0.405483E+01   0.200255E+01  -0.263169E+02
   0.124451E+03   0.118020E+03   0.372089E+01   0.994607E+00  -0.239364E+02
   0.125051E+03   0.119665E+03   0.387558E+01   0.135669E+01  -0.256828E+02
   0.125079E+03   0.117967E+03   0.412352E+01   0.179118E+01  -0.261837E+02
   0.124197E+03   0.120581E+03   0.406190E+01   0.103833E+01  -0.273259E+02
   0.124197E+03   0.117996E+03   0.397193E+01   0.100334E+01  -0.242448E+02
   0.125080E+03   0.118166E+03   0.384163E+01   0.766567E+00  -0.241822E+02
   0.123559E+03   0.117897E+03   0.409881E+01   0.103488E+01  -0.262597E+02
   0.124929E+03   0.118305E+03   0.385626E+01   0.706036E+00  -0.237400E+02
   0.124534E+03   0.117832E+03   0.376067E+01   0.706036E+00  -0.238894E+02
   0.125191E+03   0.117411E+03   0.404835E+01   0.917042E+00  -0.254824E+02
   0.124911E+03   0.118083E+03   0.405609E+01   0.741077E+00  -0.238584E+02
   0.124480E+03   0.118867E+03   0.370170E+01   0.741077E+00  -0.236487E+02
   0.124601E+03   0.118146E+03   0.373890E+01   0.741077E+00  -0.235605E+02
   0.124201E+03   0.118146E+03   0.410759E+01   0.102840E+01  -0.241696E+02
   0.125101E+03   0.118568E+03   0.381634E+01   0.125284E+01  -0.248260E+02
   0.125101E+03   0.118558E+03   0.395961E+01   0.125284E+01  -0.248252E+02
   0.124470E+03   0.119248E+03   0.397527E+01   0.105997E+01  -0.242807E+02
   0.125165E+03   0.118412E+03   0.387652E+01   0.124585E+01  -0.249491E+02
   0.124372E+03   0.119576E+03   0.403457E+01   0.748531E+00  -0.248145E+02
   0.125090E+03   0.119556E+03   0.395230E+01   0.958896E+00  -0.252154E+02
   0.124528E+03   0.119018E+03   0.388255E+01   0.646592E+00  -0.237522E+02
   0.124083E+03   0.118970E+03   0.370608E+01   0.151152E+01  -0.251919E+02
   0.124934E+03   0.117988E+03   0.406118E+01   0.550700E+00  -0.239700E+02
   0.124934E+03   0.118354E+03   0.378170E+01   0.545347E-01  -0.238826E+02
   0.124934E+03   0.118640E+03   0.414218E+01   0.602161E+00  -0.237043E+02
   0.124779E+03   0.118143E+03   0.406276E+01   0.702384E+00  -0.236172E+02
   0.124660E+03   0.118937E+03   0.370910E+01   0.731363E+00  -0.236556E+02
   0.124660E+03   0.117031E+03   0.392991E+01   0.316691E+00  -0.266483E+02
   0.124660E+03   0.117563E+03   0.375045E+01   0.918135E+00  -0.243471E+02
   0.124938E+03   0.117782E+03   0.402980E+01   0.122981E+01  -0.247880E+02
   0.124025E+03   0.119240E+03   0.373134E+01   0.164265E+01  -0.256781E+02
   0.124879E+03   0.118689E+03   0.394880E+01   0.102043E+01  -0.240252E+02
   0.124125E+03   0.117506E+03   0.403599E+01   0.177451E+00  -0.264805E+02
   0.124573E+03   0.117843E+03   0.400785E+01   0.113880E+01  -0.242717E+02
   0.124573E+03   0.118704E+03   0.413313E+01   0.515906E+00  -0.234729E+02
   0.124260E+03   0.118183E+03   0.367155E+01   0.105067E+01  -0.240916E+02
   0.124263E+03   0.119771E+03   0.393343E+01   0.118129E+01  -0.252669E+02
   0.124653E+03   0.119246E+03   0.369028E+01   0.903293E+00  -0.241104E+02
   0.124653E+03   0.117960E+03   0.367913E+01   0.970510E+00  -0.239318E+02
   0.124986E+03   0.118286E+03   0.397155E+01   0.103584E+01  -0.242228E+02
   0.124706E+03   0.119167E+03   0.388059E+01   0.286636E+00  -0.241966E+02
   0.125030E+03   0.117541E+03   0.386887E+01   0.105113E+01  -0.249493E+02
   0.124343E+03   0.118225E+03   0.412447E+01   0.472768E+00  -0.238449E+02
   0.124197E+03   0.119659E+03   0.372346E+01   0.139822E+01  -0.254147E+02
   0.124771E+03   0.118015E+03   0.408506E+01   0.896864E-01  -0.239883E+02
   0.124419E+03   0.119433E+03   0.397017E+01   0.234017E+01  -0.274226E+02
   0.125822E+03   0.118688E+03   0.383600E+01   0.124122E+01  -0.272320E+02
   0.124115E+03   0.119441E+03   0.401670E+01   0.104073E+01  -0.249173E+02
   0.124115E+03   0.117398E+03   0.381584E+01   0.945161E+00  -0.251339E+02
   0.124345E+03   0.119531E+03   0.386519E+01   0.940675E+00  -0.246828E+02
   0.124510E+03   0.117931E+03   0.403887E+01   0.983126E+00  -0.239679E+02
   0.124743E+03   0.119743E+03   0.383243E+01   0.628823E+00  -0.252335E+02
   0.124764E+03   0.118354E+03   0.375090E+01   0.507777E+00  -0.234573E+02
   0.125060E+03   0.118496E+03   0.403192E+01   0.613816E+00  -0.239728E+02
   0.125060E+03   0.118826E+03   0.413310E+01   0.671709E+00  -0.241126E+02
   0.124858E+03   0.119674E+03   0.375541E+01   0.497681E+00  -0.253673E+02
   0.125513E+03   0.117774E+03   0.368398E+01   0.151990E+01  -0.266063E+02
   0.125150E+03   0.117821E+03   0.406178E+01   0.776096E+00  -0.247128E+02
   0.124022E+03   0.117463E+03   0.390179E+01   0.380028E+00  -0.265547E+02
   0.124485E+03   0.117754E+03   0.408807E+01   0.140265E+01  -0.248662E+02
   0.124868E+03   0.118233E+03   0.378496E+01   0.617143E+00  -0.236368E+02
   0.124848E+03   0.118233E+03   0.379131E+01   0.545362E+00  -0.236029E+02
   0.124799E+03   0.118591E+03   0.412754E+01   0.266965E+00  -0.235739E+02
   0.124799E+03   0.117939E+03   0.378535E+01   0.431349E-01  -0.241562E+02
   0.124799E+03   0.119363E+03   0.384038E+01   0.103088E+01  -0.244870E+02
   0.124952E+03   0.119016E+03   0.387289E+01   0.730895E+00  -0.240559E+02
   0.124440E+03   0.117641E+03   0.404814E+01   0.105853E+01  -0.243896E+02
   0.124620E+03   0.118438E+03   0.389423E+01   0.855709E-01  -0.236064E+02
   0.124620E+03   0.118482E+03   0.398181E+01   0.269609E+00  -0.235107E+02
   0.124966E+03   0.116594E+03   0.402921E+01   0.121649E+01  -0.266976E+02
   0.123063E+03   0.120018E+03   0.390595E+01   0.252307E+01  -0.292932E+02
   0.123302E+03   0.118572E+03   0.406727E+01   0.270984E+01  -0.289082E+02
   0.125160E+03   0.120623E+03   0.398585E+01   0.109781E+01  -0.278245E+02
   0.125160E+03   0.119308E+03   0.406155E+01   0.865776E+00  -0.249828E+02
   0.124782E+03   0.117829E+03   0.390690E+01   0.106154E+01  -0.242655E+02
   0.124161E+03   0.118600E+03   0.386303E+01   0.690275E+00  -0.240787E+02
   0.124927E+03   0.117623E+03   0.413781E+01   0.166840E+00  -0.250294E+02
   0.124611E+03   0.118896E+03   0.375007E+01   0.852971E+00  -0.236997E+02
   0.124712E+03   0.119746E+03   0.378248E+01   0.148511E+01  -0.256052E+02
   0.125357E+03   0.119423E+03   0.370940E+01   0.163743E+01  -0.265570E+02
   0.125102E+03   0.118924E+03   0.388816E+01   0.123796E+01  -0.249057E+02
   0.124042E+03   0.118646E+03   0.373886E+01   0.104014E+01  -0.244204E+02
   0.124213E+03   0.118931E+03   0.395875E+01   0.908756E+00  -0.241248E+02
   0.125343E+03   0.119747E+03   0.394637E+01   0.819823E+00  -0.264653E+02
   0.124194E+03   0.119240E+03   0.395226E+01   0.138421E+01  -0.249818E+02
   0.124567E+03   0.118009E+03   0.381165E+01   0.815346E+00  -0.237200E+02
   0.124567E+03   0.118274E+03   0.380943E+01   0.100740E+01  -0.237919E+02
   0.124567E+03   0.119788E+03   0.383913E+01   0.183455E+01  -0.263417E+02
   0.124969E+03   0.117941E+03   0.408836E+01   0.916188E+00  -0.242289E+02
   0.124537E+03   0.117677E+03   0.370241E+01   0.204279E+01  -0.265673E+02
   0.125069E+03   0.118290E+03   0.376908E+01   0.114225E+01  -0.245674E+02
   0.124893E+03   0.119055E+03   0.396251E+01   0.116244E+01  -0.244880E+02
   0.124575E+03   0.119055E+03   0.397406E+01   0.617312E+00  -0.237795E+02
   0.124575E+03   0.118984E+03   0.386189E+01   0.470166E+00  -0.237550E+02
   0.124198E+03   0.119896E+03   0.402475E+01   0.173401E+01  -0.262728E+02
   0.123824E+03   0.117130E+03   0.381143E+01   0.165265E+01  -0.264984E+02
   0.124378E+03   0.119167E+03   0.414848E+01   0.165265E+01  -0.254328E+02
   0.124413E+03   0.117229E+03   0.377077E+01   0.117897E+01  -0.251146E+02
   0.123827E+03   0.117280E+03   0.367299E+01   0.183582E+01  -0.266597E+02
   0.124135E+03   0.118829E+03   0.401718E+01   0.107265E+01  -0.243276E+02
   0.125095E+03   0.119245E+03   0.408121E+01   0.136325E+01  -0.253462E+02
   0.125436E+03   0.117176E+03   0.410084E+01   0.136325E+01  -0.267894E+02
   0.124750E+03   0.118962E+03   0.405917E+01   0.137655E+01  -0.247349E+02
   0.125292E+03   0.119412E+03   0.387677E+01   0.890741E+00  -0.255658E+02
   0.125000E+03   0.118182E+03   0.367096E+01   0.489145E+00  -0.239418E+02
   0.125000E+03   0.118427E+03   0.409224E+01   0.135338E+01  -0.248602E+02
   0.124711E+03   0.118067E+03   0.373389E+01   0.141488E+01  -0.247789E+02
   0.124823E+03   0.118716E+03   0.405777E+01   0.165920E+01  -0.254438E+02
   0.124158E+03   0.118010E+03   0.406987E+01   0.426265E+00  -0.246851E+02
   0.124254E+03   0.117830E+03   0.372099E+01   0.115993E+01  -0.244783E+02
   0.124830E+03   0.117454E+03   0.369963E+01   0.125568E+01  -0.250368E+02
   0.124878E+03   0.118105E+03   0.415045E+01   0.108294E+01  -0.242069E+02
   0.124878E+03   0.118360E+03   0.374249E+01   0.659888E+00  -0.236127E+02
   0.124971E+03   0.117363E+03   0.367981E+01   0.102698E+01  -0.250880E+02
   0.125622E+03   0.118554E+03   0.386284E+01   0.167929E+01  -0.269661E+02
   0.125622E+03   0.118150E+03   0.406813E+01   0.137166E+01  -0.265525E+02
   0.123827E+03   0.118150E+03   0.397476E+01   0.316603E+00  -0.265509E+02
   0.123357E+03   0.118711E+03   0.399215E+01   0.132601E+01  -0.266402E+02
   0.124726E+03   0.117237E+03   0.374166E+01   0.102291E+01  -0.250050E+02
   0.124809E+03   0.118588E+03   0.388652E+01   0.190585E+01  -0.261092E+02
   0.125105E+03   0.118588E+03   0.381712E+01   0.169851E+01  -0.258803E+02
   0.124218E+03   0.118588E+03   0.415160E+01   0.294676E+00  -0.243607E+02
   0.124285E+03   0.118559E+03   0.407252E+01   0.907145E+00  -0.238407E+02
   0.125477E+03   0.118010E+03   0.376077E+01   0.907145E+00  -0.257506E+02
   0.125024E+03   0.118114E+03   0.387731E+01   0.526221E+00  -0.240488E+02
   0.124747E+03   0.118748E+03   0.410484E+01   0.526221E+00  -0.235100E+02
   0.124747E+03   0.117632E+03   0.367952E+01   0.133022E+01  -0.249073E+02
   0.123887E+03   0.119265E+03   0.389514E+01   0.108571E+01  -0.252427E+02
   0.125188E+03   0.119124E+03   0.400312E+01   0.135594E+01  -0.254315E+02
   0.125188E+03   0.118221E+03   0.410414E+01   0.906936E+00  -0.245598E+02
   0.124458E+03   0.118393E+03   0.376983E+01   0.176588E+00  -0.237861E+02
   0.124458E+03   0.119571E+03   0.374537E+01   0.101366E+01  -0.246838E+02
   0.124458E+03   0.118783E+03   0.375813E+01   0.663296E+00  -0.235942E+02
   0.124018E+03   0.118223E+03   0.389195E+01   0.144914E+01  -0.250739E+02
   0.124018E+03   0.119226E+03   0.381537E+01   0.150410E+01  -0.253983E+02
   0.123808E+03   0.120453E+03   0.399340E+01   0.183859E+01  -0.274856E+02
   0.123610E+03   0.119303E+03   0.398891E+01   0.144940E+01  -0.261762E+02
   0.123980E+03   0.116811E+03   0.402034E+01   0.144940E+01  -0.264703E+02
   0.125164E+03   0.117947E+03   0.369469E+01   0.303192E+00  -0.248903E+02
   0.124755E+03   0.117744E+03   0.388461E+01   0.455612E+00  -0.241717E+02
   0.124058E+03   0.119984E+03   0.380358E+01   0.494381E+00  -0.275751E+02
   0.125106E+03   0.118567E+03   0.376380E+01   0.494381E+00  -0.241347E+02
   0.124089E+03   0.118687E+03   0.384990E+01   0.414587E-01  -0.252640E+02
   0.123696E+03   0.118266E+03   0.413399E+01   0.682869E-01  -0.280545E+02
   0.124681E+03   0.117287E+03   0.398297E+01   0.712760E+00  -0.249230E+02
   0.124218E+03   0.118531E+03   0.371735E+01   0.505851E+00  -0.240610E+02
   0.124868E+03   0.118847E+03   0.387030E+01   0.122621E+01  -0.244608E+02
   0.124841E+03   0.119948E+03   0.413944E+01   0.115892E+01  -0.255895E+02
   0.125649E+03   0.117870E+03   0.407326E+01   0.173705E+00  -0.281849E+02
   0.125497E+03   0.118697E+03   0.383995E+01   0.834543E+00  -0.256953E+02
   0.124312E+03   0.119402E+03   0.379955E+01   0.212623E+01  -0.268213E+02
   0.124435E+03   0.118824E+03   0.367910E+01   0.737240E+00  -0.236563E+02
   0.124888E+03   0.116990E+03   0.367235E+01   0.391708E+00  -0.267847E+02
   0.124736E+03   0.119329E+03   0.389665E+01   0.391708E+00  -0.244556E+02
   0.124708E+03   0.118205E+03   0.394210E+01   0.391708E+00  -0.235481E+02
   0.124708E+03   0.118606E+03   0.379561E+01   0.976344E+00  -0.237615E+02
   0.124708E+03   0.117723E+03   0.414605E+01   0.666145E+00  -0.240535E+02
   0.125216E+03   0.118935E+03   0.388072E+01   0.502191E+00  -0.247819E+02
   0.124567E+03   0.118554E+03   0.390467E+01   0.502191E+00  -0.234245E+02
   0.123819E+03   0.120250E+03   0.409354E+01   0.186535E+01  -0.272530E+02
   0.124771E+03   0.116309E+03   0.371168E+01   0.111867E+01  -0.272623E+02
   0.124592E+03   0.119248E+03   0.404760E+01   0.853907E+00  -0.240710E+02
   0.124787E+03   0.119022E+03   0.378278E+01   0.102638E+01  -0.241110E+02
   0.124633E+03   0.117947E+03   0.393556E+01   0.246832E+00  -0.239795E+02
   0.124633E+03   0.118234E+03   0.414435E+01   0.801618E+00  -0.235550E+02
   0.123811E+03   0.119121E+03   0.391370E+01   0.144841E+01  -0.255812E+02
   0.125545E+03   0.118506E+03   0.398567E+01   0.129920E+01  -0.261314E+02
   0.124639E+03   0.118558E+03   0.414970E+01   0.105991E+01  -0.238642E+02
   0.124988E+03   0.118968E+03   0.396073E+01   0.695228E+00  -0.240689E+02
   0.124447E+03   0.117642E+03   0.370123E+01   0.650380E+00  -0.242884E+02
   0.124447E+03   0.119760E+03   0.371984E+01   0.113325E+01  -0.250812E+02
   0.124879E+03   0.117659E+03   0.382427E+01   0.893247E+00  -0.243857E+02
   0.124795E+03   0.118169E+03   0.404378E+01   0.191574E+00  -0.237576E+02
   0.125126E+03   0.117967E+03   0.406309E+01   0.970118E+00  -0.246143E+02
   0.124264E+03   0.118119E+03   0.402911E+01   0.201219E+01  -0.263283E+02
   0.124114E+03   0.119631E+03   0.404338E+01   0.327468E+01  -0.300472E+02
   0.124667E+03   0.120411E+03   0.397164E+01   0.137007E+01  -0.264820E+02
   0.124667E+03   0.118826E+03   0.370226E+01   0.124053E+01  -0.243102E+02
   0.124217E+03   0.117743E+03   0.370226E+01   0.923979E+00  -0.244153E+02
   0.125265E+03   0.118318E+03   0.374144E+01   0.552053E+00  -0.247295E+02
   0.124777E+03   0.118138E+03   0.367745E+01   0.401591E+00  -0.236431E+02
   0.124601E+03   0.118223E+03   0.379331E+01   0.401591E+00  -0.235380E+02
   0.124601E+03   0.118223E+03   0.381568E+01   0.401591E+00  -0.235380E+02
   0.124582E+03   0.117934E+03   0.410755E+01   0.681757E+00  -0.237408E+02
   0.124582E+03   0.117267E+03   0.405641E+01   0.770236E+00  -0.249132E+02
   0.124582E+03   0.117530E+03   0.414739E+01   0.111846E+00  -0.251593E+02
   0.124582E+03   0.117184E+03   0.391335E+01   0.356979E+00  -0.259453E+02
   0.124377E+03   0.118456E+03   0.389321E+01   0.340538E+00  -0.238066E+02
   0.124856E+03   0.118668E+03   0.410473E+01   0.110997E+00  -0.237484E+02
   0.124982E+03   0.118668E+03   0.394825E+01   0.270813E+00  -0.239278E+02
   0.124642E+03   0.118562E+03   0.381032E+01   0.985310E+00  -0.237384E+02
   0.124500E+03   0.118496E+03   0.369374E+01   0.135165E+00  -0.237190E+02
   0.125319E+03   0.119221E+03   0.393423E+01   0.679972E-01  -0.262375E+02
   0.125096E+03   0.117772E+03   0.370283E+01   0.109954E+00  -0.251621E+02
   0.124283E+03   0.119344E+03   0.375002E+01   0.960500E+00  -0.244783E+02
   0.125120E+03   0.117971E+03   0.378419E+01   0.113238E+01  -0.248135E+02
   0.124355E+03   0.117222E+03   0.414990E+01   0.430287E+00  -0.259508E+02
   0.124443E+03   0.118326E+03   0.388483E+01   0.846643E+00  -0.236236E+02
   0.124291E+03   0.118700E+03   0.370278E+01   0.846643E+00  -0.238266E+02
   0.124342E+03   0.118348E+03   0.414336E+01   0.104187E+01  -0.239346E+02
   0.124859E+03   0.118733E+03   0.393354E+01   0.911754E+00  -0.238529E+02
   0.125093E+03   0.118326E+03   0.389053E+01   0.911754E+00  -0.242699E+02
   0.124015E+03   0.119380E+03   0.401849E+01   0.911754E+00  -0.250926E+02
   0.124687E+03   0.118327E+03   0.396580E+01   0.951904E+00  -0.237205E+02
   0.124449E+03   0.117649E+03   0.377595E+01   0.872567E+00  -0.242317E+02
   0.124722E+03   0.117807E+03   0.393640E+01   0.114089E+01  -0.243663E+02
