"res1"	"res2"	"tau1"	"Y1_gamma1"	"LogPost"
119.868	124.413	2.76398	2.53569	-20.3113
117.823	125.144	2.74223	2.46297	-20.0099
118.372	125.144	2.6641	0.669932	-15.5873
115.867	125.144	2.773	0.379956	-16.2299
118.423	124.412	2.73544	0.379956	-15.8942
116.903	124.396	2.64858	0.652244	-16.0912
120.415	124.396	2.85771	0.553519	-16.2664
118.28	125.533	2.60642	0.951066	-16.8368
116.786	125.265	2.70274	0.963906	-16.3986
120.122	125.031	2.82362	1.58917	-17.5961
119.637	125.031	2.76199	0.773626	-15.6624
120.585	125.031	2.60523	0.233321	-15.8729
118.055	124.29	2.65392	0.895143	-16.2978
117.885	124.422	2.7842	0.0210764	-16.0885
119.067	124.869	2.86277	0.0210764	-15.3171
114.909	125.364	2.63151	0.885602	-17.4217
118.593	124.748	2.85342	1.18244	-16.2219
110.322	125.92	2.59363	0.721719	-25.102
116.657	123.343	2.70781	0.907036	-21.12
122.65	125.235	2.70781	1.87258	-19.4586
118.667	125.306	2.62438	0.556313	-15.9549
121.364	123.871	2.72592	1.0207	-18.525
118.221	124.997	2.65387	0.881822	-15.6469
116.889	124.862	2.59327	0.881822	-15.7934
115.464	124.927	2.59327	0.437547	-16.1319
117.868	124.947	2.83549	1.39463	-16.8228
116.32	125.775	2.69826	0.695792	-18.3431
119.296	123.915	2.68548	0.775251	-17.7423
118.189	125.15	2.68548	0.368453	-15.566
120.571	125.15	2.68087	0.243091	-16.1023
118.255	125.255	2.75083	0.243091	-15.9187
121.77	124.638	2.75083	0.243091	-16.6
117.48	124.638	2.82304	0.135392	-15.5348
115.605	124.638	2.82304	0.0686131	-16.3141
116.628	125.593	2.60098	0.952106	-17.3295
116.64	123.838	2.60098	0.680483	-18.5405
117.152	125.583	2.78893	0.501714	-17.2855
117.094	125.416	2.65703	2.15047	-19.3984
121.269	125.439	2.68867	0.972033	-17.3086
122.049	125.439	2.68867	0.645381	-17.7041
116.813	125.371	2.81196	0.399065	-16.5143
119.944	124.439	2.71373	0.122826	-16.2185
119.243	124.844	2.73677	0.122826	-15.3293
122.889	126.426	3.24739	1.45097	-20.3257
124.907	127.666	3.53456	1.39931	-22.1434
124.747	122.561	3.66469	1.60507	-20.5069
122.736	126.038	3.44051	2.00847	-22.2222
128.096	126.038	2.61847	2.00847	-25.325
121.538	124.962	2.61847	2.32317	-20.02
120.582	124.962	2.82015	0.729246	-15.8591
121.303	124.962	2.7172	1.58658	-17.9362
118.354	124.606	2.7172	1.37669	-16.7894
119.723	124.552	2.7172	0.647694	-15.6875
117.756	124.552	2.60732	0.795476	-15.6847
117.753	124.552	2.82961	0.650212	-15.5649
117.273	125.026	2.74462	0.14905	-15.5311
119.282	125.026	2.65141	1.14346	-16.2575
118.437	125.935	2.58518	2.10279	-19.9045
118.623	126.081	2.72848	2.00357	-19.9991
116.198	123.975	2.82093	2.09704	-19.6892
119.505	124.498	2.67125	0.0721089	-15.9201
115.762	125.632	2.67125	0.0466042	-18.7135
117.729	124.815	2.71468	0.0466042	-15.3245
119.067	124.815	2.83067	0.0466042	-15.3177
120.741	125.076	2.58636	1.13761	-16.6804
120.379	125.076	2.80116	0.712798	-15.8849
118.131	124.458	2.57832	0.969624	-16.0402
114.867	125.28	2.57832	0.490319	-17.1837
122.22	124.828	2.59759	0.487682	-16.6871
119.837	125.059	2.68807	0.487682	-15.5764
113.727	124.357	2.68807	0.233654	-18.5692
117.783	124.546	2.82168	0.233654	-15.6383
121.215	124.674	2.71502	0.685627	-16.153
119.436	124.781	2.71502	0.136264	-15.3825
115.769	124.643	2.75167	0.655769	-16.0921
122.218	124.901	2.71496	0.655769	-16.7281
121.245	125.159	2.66361	0.828309	-16.5201
117.837	124.599	2.64818	0.828309	-15.6543
119.885	124.599	2.64818	0.818533	-15.8118
123.785	124.599	2.59439	0.689142	-18.3017
116.198	124.944	2.5943	0.0728328	-15.8411
118.008	124.73	2.64312	0.0728328	-15.3426
116.897	124.358	2.64312	0.0728328	-16.5527
122.956	124.358	2.64312	0.0728328	-18.5266
119.854	124.913	2.62397	1.64086	-17.6391
120.419	124.788	2.84739	1.64086	-17.7601
119.327	124.788	2.84711	0.431391	-15.2893
118.429	124.937	2.662	0.185044	-15.2768
115.886	124.478	2.81166	0.185044	-16.5017
119.621	125.374	2.63634	0.905662	-16.4599
119.921	124.345	2.65354	1.01754	-16.5147
118.1	125.698	2.61734	0.896916	-17.4283
121.47	125.759	2.58185	1.61132	-19.1354
113.98	124.612	2.64299	2.77016	-21.5959
117.002	125.768	2.75884	0.840975	-17.9307
118.663	124.639	2.69378	0.840975	-15.6026
120.325	124.991	2.57868	0.335252	-15.6718
121.424	124.96	2.70762	1.16691	-16.9626
118.275	124.96	2.64636	0.850093	-15.5666
117.306	124.851	2.66421	0.850093	-15.6387
118.956	124.69	2.72111	0.973343	-15.806
113.136	123.841	2.72111	0.973343	-20.3995
120.897	125.182	2.85188	0.948023	-16.5367
117.481	125.351	2.82505	0.948023	-16.401
119.298	124.935	2.82046	0.296969	-15.3259
117.837	125.016	2.6917	1.1626	-16.261
117.436	125.196	2.6917	1.1626	-16.5042
120.389	123.728	2.76976	1.72954	-19.2882
113.788	123.848	2.82123	0.776722	-20.068
116.463	125.331	2.82123	1.34619	-17.3484
115.442	124.429	2.82123	1.17255	-17.2052
119.873	124.118	2.821	0.124971	-17.7564
118.706	124.118	2.66942	1.42684	-17.5661
117.423	124.588	2.85576	0.862673	-15.7755
118.02	125.307	2.85576	0.378022	-16.0339
116.105	125.904	2.67234	3.61106	-23.4312
114.805	124.77	2.63497	1.40757	-17.8047
120.42	124.659	2.79697	0.0942328	-15.8463
116.509	124.659	2.79697	0.0942328	-15.8101
118.759	124.302	2.5774	0.0126105	-16.5747
121.47	124.2	2.64107	1.31328	-17.8883
119.812	125.416	2.5837	1.83781	-18.5664
117.842	125.249	2.84909	0.00132134	-16.0099
120.188	124.538	2.82503	1.04996	-16.3399
120.385	124.538	2.68582	0.766302	-16.0049
115.586	125.409	2.58648	0.427782	-17.2167
124.369	125.873	2.80309	0.845955	-21.5867
118.789	124.199	2.62894	0.464956	-16.6691
114.548	124.199	2.66699	1.40532	-18.4975
119.643	124.171	2.8084	0.851069	-16.7424
119.044	124.488	2.69401	0.874586	-15.877
120.175	124.488	2.72439	0.669295	-15.9549
119.677	124.222	2.60216	0.669295	-16.5657
119.874	124.437	2.65918	0.669295	-15.9733
118.48	124.437	2.72808	0.467579	-15.7712
116.263	124.437	2.77409	1.49716	-17.5954
117.789	124.113	2.63856	0.115553	-17.611
114.304	126.072	2.8576	0.625287	-21.7169
118.097	123.337	2.69578	2.88134	-22.1001
117.507	125.533	2.77078	0.460358	-16.9996
116.814	125.219	2.71636	0.625126	-15.9802
116.264	124.646	2.84869	0.426051	-15.8173
120.869	125.59	2.63053	1.31683	-17.9821
115.879	124.955	2.81948	1.31683	-17.0995
120.846	125.515	2.81948	1.31683	-17.7991
116.836	124.167	2.70609	1.35118	-17.4955
117.012	124.167	2.67104	0.497646	-16.9667
119.819	124.448	2.81903	0.355069	-16.0028
116.635	124.448	2.61838	1.47922	-17.4307
119.482	124.553	2.60945	0.762804	-15.7144
121.819	124.724	2.81725	3.55107	-23.0876
115.036	123.888	2.86015	3.15919	-22.5237
116.73	125.524	2.8319	0.904332	-17.0339
119.076	124.331	2.8081	0.131326	-16.4346
117.052	124.334	2.79261	0.352925	-16.3919
118.19	124.83	2.76862	0.740824	-15.3757
114.82	125.368	2.70661	0.759288	-17.4346
121.765	124.981	2.70781	0.759288	-16.5313
119.852	124.747	2.7791	0.759288	-15.6087
118.558	124.747	2.8586	2.24187	-19.2839
119.063	125.297	2.79317	1.54032	-17.5244
117.442	123.511	2.82851	1.14413	-19.4127
117.806	124.008	2.72647	0.954339	-17.2467
114.152	124.922	2.85886	1.15653	-17.698
119.096	125.069	2.58385	0.564728	-15.4505
120.309	125.069	2.70989	0.564728	-15.7654
119.629	125.073	2.81133	0.564728	-15.5579
118.822	125.073	2.81133	1.01525	-15.9732
117.003	124.159	2.68832	0.00100253	-17.548
119.727	124.978	2.75425	1.17713	-16.3851
124.822	123.882	3.2588	1.17713	-21.2191
124.9	127.049	3.49283	1.56242	-21.2726
123.83	126.004	3.20448	0.622005	-18.044
123.83	125.225	2.8195	0.0729217	-19.0498
117.065	124.066	2.7046	0.650367	-17.2495
121.497	124.017	2.58857	0.504729	-18.4985
115.689	124.856	2.78759	0.130825	-16.0615
119.521	124.376	2.78759	0.239934	-16.2564
119.525	124.764	2.73607	0.571396	-15.3694
117.09	125.116	2.64851	0.571396	-15.6642
120.213	124.194	2.69806	0.571396	-16.8956
121.649	125	2.81453	1.18444	-17.14
120.069	124.542	2.76789	1.40665	-17.1214
121.32	123.903	2.75681	1.82086	-19.387
119.166	123.726	2.59402	2.45251	-20.6467
115.712	124.521	2.63914	0.187646	-16.4717
116.115	124.521	2.82949	0.303201	-16.1869
116.841	124.429	2.70999	0.547093	-16.0259
120.257	124.429	2.60499	0.481969	-16.1363
116.005	124.572	2.75493	0.65666	-16.0715
119.321	124.995	2.82542	0.478851	-15.368
119.7	125.232	2.63289	0.572151	-15.907
119.573	124.503	2.85539	0.968054	-16.0794
121.39	123.644	2.85539	0.968054	-19.6349
118.045	124.389	2.85539	0.743037	-15.9297
119.467	124.559	2.79171	1.07611	-16.1909
119.333	124.559	2.8516	0.887318	-15.8315
119.355	124.934	2.68542	0.204217	-15.3624
115.603	124.956	2.82203	0.204217	-16.1403
117.274	124.92	2.62346	1.19462	-16.3682
116.358	124.84	2.68687	1.25675	-16.7445
118.14	123.468	2.7316	0.921278	-19.9584
119.79	125.182	2.66367	1.71653	-17.9897
118.843	124.788	2.68395	1.602	-17.3845
116.718	125.065	2.68395	0.00552244	-15.7919
119.088	125.258	2.68679	0.753984	-15.9335
119.735	125.004	2.74526	0.812334	-15.7072
118.43	123.212	2.82591	1.64035	-20.5119
116.328	126.829	2.82591	4.27656	-25.3996
115.386	123.203	2.82964	3.37915	-23.5406
114.616	124.426	2.82534	1.00085	-17.4263
118.176	125.533	2.68196	1.00085	-16.8907
116.953	124.235	2.6799	0.808681	-16.5828
122.941	124.677	2.57953	0.420116	-17.4246
118.766	124.32	2.57953	0.420116	-16.2005
120.682	125.32	2.71386	0.420116	-16.5729
120.538	124.858	2.8446	0.373604	-15.6687
121.738	125.231	2.83588	2.21409	-19.9123
125.022	124.684	3.07367	1.27482	-20.0754
114.314	124.382	2.66219	0.188142	-17.9566
122.532	125.484	2.64838	0.691132	-18.2168
119.492	125.526	2.74315	1.36741	-17.5512
120.553	125.589	2.60392	0.064962	-18.1455
115.39	124.217	2.66596	0.441116	-17.5564
118.114	124.422	2.71127	0.441116	-15.8358
113.699	124.953	2.85182	0.154576	-17.7032
120.156	124.953	2.83505	0.370138	-15.5613
115.575	124.953	2.83505	0.552791	-16.0894
119.785	125.057	2.57803	0.0125119	-15.6637
120.204	125.202	2.57803	0.822878	-16.1386
116.772	124.617	2.66113	1.397	-17.0452
118.293	124.087	2.67195	1.38361	-17.5351
117.671	125.328	2.67195	1.08337	-16.5348
117.137	124.823	2.85522	0.66504	-15.4569
120.05	124.823	2.63358	0.66504	-15.5557
119.47	125.294	2.61687	1.07225	-16.4946
115.306	124.753	2.5784	0.148849	-16.3348
115.785	125.28	2.60145	0.468035	-16.607
117.704	125.026	2.61606	0.685564	-15.4722
117.586	125.026	2.78643	1.00488	-15.9542
118.585	124.547	2.75998	0.418181	-15.5147
119.046	124.547	2.75998	0.599982	-15.5487
117.53	123.989	2.84143	0.490312	-17.7971
117.792	124.485	2.60613	0.823406	-15.8214
118.522	124.861	2.7626	0.823406	-15.4837
115.591	124.861	2.60719	0.667073	-16.0895
116.088	124.861	2.70261	0.795915	-15.9623
115.331	124.714	2.79667	0.795915	-16.3859
117.552	124.611	2.81048	0.698095	-15.54
117.138	124.626	2.81048	1.34203	-16.8124
118.194	124.626	2.73375	1.20655	-16.3405
123.979	125.38	3.18972	1.32537	-18.678
124.091	125.347	3.19711	0.757422	-17.7601
124.091	124.013	3.58319	0.458265	-20.6995
124.106	124.734	3.34213	1.68638	-19.7359
124.808	126.052	3.6469	1.46821	-20.201
124.469	126.459	3.25804	1.68713	-20.3217
125.099	126.304	3.49683	1.61322	-20.9598
123.996	126.304	3.30571	0.685123	-18.5304
125.034	125.785	3.20995	0.685123	-19.6088
125.034	123.785	2.88761	1.97022	-21.5214
125.034	125.535	3.33172	0.859129	-19.5377
124.582	124.52	2.81846	0.873925	-19.3178
118.535	124.52	2.68741	1.51636	-17.2347
122.828	124.374	2.71516	0.353096	-18.0931
118.89	124.665	2.81646	1.22339	-16.3721
115.322	124.999	2.76653	1.22339	-17.1568
118.797	124.726	2.82335	1.34201	-16.6516
118.171	125.101	2.82335	0.78824	-15.6323
120.284	125.101	2.70193	0.602815	-15.819
117.963	123.996	2.63144	0.602815	-17.4991
122.306	124.049	2.72406	0.385201	-19.1493
116.977	124.41	2.62955	0.728736	-16.0607
117.109	125.497	2.62955	0.243416	-17.152
121.68	125.5	2.59286	0.848745	-17.6503
115.683	124.744	2.71064	0.649086	-16.0489
120.833	125.744	2.63439	0.616104	-18.4254
118.806	124.327	2.63439	0.103588	-16.4385
116.041	124.654	2.7398	0.103588	-16.0333
118.916	124.275	2.77503	0.546644	-16.2909
120.717	125.4	2.78854	1.35732	-17.6011
116.964	125.733	2.81531	0.12487	-18.854
119.406	125.017	2.75571	0.634216	-15.4682
116.247	124.96	2.85735	0.209208	-15.7972
117.067	124.504	2.77104	0.209208	-15.9174
125.131	124.765	2.88474	0.193944	-19.8221
124.031	124.046	2.82696	1.02436	-19.8979
114.251	124.046	2.84924	1.02436	-18.6555
118.781	124.907	2.85405	0.28156	-15.2445
120.005	124.764	2.67903	0.28156	-15.5074
121.575	124.468	2.67903	0.28156	-16.8411
117.654	124.934	2.81311	0.28156	-15.3107
121.691	124.934	2.58612	0.987494	-16.7516
121.804	125.046	2.70333	0.502993	-16.5283
117.461	125.046	2.82378	0.04085	-15.5407
123.45	125.106	2.82378	0.471544	-18.0645
124.57	125.955	3.34162	1.02512	-18.8549
124.57	125.955	3.34162	0.857249	-18.6455
119.011	124.385	2.66611	0.857249	-16.0526
119.053	124.336	2.72888	0.191117	-16.3698
110.269	125.645	2.69798	2.46071	-23.4731
121.548	124.992	2.69413	0.593269	-16.3038
117.612	124.49	2.63476	0.513013	-15.688
119.751	125.321	2.82979	0.770786	-16.2315
120.178	123.922	2.63927	0.770786	-17.9377
117.71	124.123	2.80505	1.76178	-18.3834
116.614	125.466	2.75775	1.76178	-18.5202
117.055	124.494	2.67975	1.76178	-18.0748
115.017	125.382	2.58194	1.60777	-18.5907
116.79	124.489	2.73492	1.28639	-16.8667
113.646	124.923	2.7594	0.413081	-17.6033
121.677	125.499	2.85907	0.413081	-17.9033
122.792	125.138	2.85907	0.413081	-17.518
121.209	125.229	2.58725	0.413081	-16.5631
115.974	124.677	2.78044	0.451274	-15.9116
119.926	125.077	2.73656	0.451274	-15.6332
119.067	125.157	2.72536	0.451274	-15.6017
119.184	125.157	2.62694	0.451274	-15.6187
116.361	124.872	2.62694	0.471927	-15.6406
116.274	124.575	2.73751	0.471927	-15.921
117.419	124.768	2.74406	0.365041	-15.3243
114.893	124.243	2.81625	0.336948	-17.9191
113.265	124.269	2.62888	1.4225	-19.2834
120.298	125.544	2.67563	0.837487	-17.1354
123.015	124.457	2.6118	0.484848	-17.8845
119.961	124.894	2.79792	0.484848	-15.4548
117.106	124.474	2.67564	0.484848	-15.8421
121.857	124.571	2.83381	0.175299	-16.8318
118.899	125.329	2.75756	0.27484	-16.1921
114.23	124.418	2.68719	1.20377	-17.9975
121.038	124.748	2.67335	0.0106467	-16.0548
116.319	124.941	2.57601	0.32771	-15.7104
118.666	123.963	2.6169	1.0355	-17.4188
121.458	124.687	2.76529	0.559847	-16.2332
116.313	125.851	2.68683	1.41163	-18.7224
120.399	125.486	2.72775	0.608848	-16.9806
115.595	125.512	2.83932	1.77652	-18.9268
114.004	124.522	2.85885	1.29127	-18.1865
119.297	125.102	2.75961	1.28447	-16.6671
117.273	125.102	2.73633	0.493337	-15.5788
118.811	123.864	2.83186	0.485529	-18.5368
115.073	124.159	2.83186	0.926089	-17.7088
120.932	124.834	2.71325	1.71328	-18.1201
120.197	124.785	2.68789	1.33636	-16.8604
118.334	125.051	2.68789	1.33636	-16.6998
117.665	125.12	2.65294	1.07199	-16.1782
119.295	124.798	2.58387	0.0468026	-15.3612
118.53	124.579	2.69802	0.402792	-15.4498
120.694	125.239	2.58331	0.709207	-16.3159
121.423	124.391	2.58331	0.709207	-16.7752
120.209	124.391	2.72829	0.206337	-16.4402
119.876	124.722	2.81683	0.206337	-15.5259
115.098	124.722	2.69619	0.206337	-16.4853
118.274	124.722	2.72494	0.737104	-15.4016
117.326	125.344	2.70906	0.883104	-16.3363
119.876	125.344	2.61145	0.848634	-16.387
117.064	125.153	2.74585	0.735617	-15.8339
117.21	125.153	2.65235	0.554432	-15.7017
112.654	124.981	2.63695	0.93049	-18.75
120.904	124.981	2.71486	0.938855	-16.2902
121.058	124.737	2.76442	0.919304	-16.2927
116.6	124.706	2.76442	0.995572	-16.1112
120.763	124.402	2.84343	1.02005	-16.6958
120.375	124.014	2.83326	0.833923	-17.5434
123.214	124.768	2.83326	0.833923	-17.6678
117.038	124.99	2.59587	0.394788	-15.4784
119.337	124.641	2.86059	0.394788	-15.4317
118.526	124.618	2.69126	0.277816	-15.4233
118.779	124.618	2.69126	0.277816	-15.4357
117.666	124.767	2.76826	0.336961	-15.2851
118.994	125.302	2.69346	0.00570794	-16.2061
120.665	124.578	2.71757	0.00570794	-16.13
116.042	125.709	2.76109	1.99842	-19.6033
115.294	124.278	2.73762	0.00228225	-17.7378
119.905	124.236	2.7351	0.443579	-16.7402
130.285	123.027	2.60499	4.4296	-28.2415
126.925	122.556	2.74221	2.53115	-26.4071
122.285	125.152	2.83956	1.57546	-18.49
119.896	125.165	2.61334	1.67205	-17.8703
118.632	125.165	2.82898	1.55813	-17.4039
123.097	125.501	2.64965	0.558665	-18.8959
115.346	125.515	2.73896	0.79631	-17.5859
117.283	124.325	2.80094	0.0308854	-16.5923
121.323	124.544	2.77138	0.226868	-16.5062
114.55	124.544	2.58649	0.657925	-17.0253
118.9	124.686	2.58649	0.657925	-15.3748
118.609	124.686	2.58649	0.501748	-15.2863
119.618	124.686	2.63999	1.67087	-17.6899
117.37	124.619	2.72226	0.869726	-15.7623
118.739	124.619	2.66939	0.357592	-15.4013
119.797	125.068	2.75689	0.0838893	-15.6802
118.447	125.041	2.6505	0.651756	-15.4124
119.558	124.449	2.71693	0.15837	-16.0562
116.57	125.365	2.64797	0.754209	-16.505
120.121	124.792	2.66199	1.17326	-16.4301
118.941	124.578	2.79702	0.0434299	-15.6108
120.257	124.603	2.78837	2.3597	-19.8162
118.161	124.603	2.71934	0.212839	-15.4854
120.653	125.439	2.71934	0.854675	-16.9289
116.222	124.184	2.64509	1.5747	-18.127
118.71	124.711	2.85741	0.96175	-15.7543
117.441	124.547	2.85741	1.0325	-16.1056
118.502	124.903	2.78501	0.97194	-15.7519
116.917	125.076	2.79406	0.177344	-15.7114
114.014	125.076	2.76556	0.177344	-17.5593
119.803	124.867	2.60907	0.854727	-15.7104
119.608	124.867	2.60907	0.360079	-15.3491
120.724	125.352	2.85324	0.651666	-16.6221
116.529	126.043	2.77874	0.734465	-19.8324
118.527	125.563	2.80779	1.34344	-17.4984
114.599	125.361	2.76851	0.625544	-17.584
117.769	125.07	2.85448	0.625544	-15.4774
119.648	125.348	2.70113	0.92337	-16.4203
113.589	124.486	2.70113	0.92337	-18.0503
118.636	124.486	2.65636	1.37869	-16.8947
116.779	124.486	2.8282	0.506508	-15.9062
114.287	125.457	2.81693	1.3024	-18.5373
119.211	124.532	2.83088	1.09723	-16.2238
117.302	124.346	2.64117	0.0565152	-16.4922
119.224	125.107	2.66732	0.377529	-15.5321
116.18	124.749	2.74331	0.77874	-15.9162
119.831	125.191	2.84907	0.194516	-15.9521
119.525	124.969	2.79389	1.15138	-16.278
116.168	125.308	2.62886	1.3009	-17.3096
120.77	123.984	2.65621	0.955088	-17.8036
116.9	125.141	2.80933	0.689005	-15.8221
115.729	124.66	2.80933	0.0576324	-16.2045
122.246	124.66	2.80933	0.934942	-17.0625
118.201	123.941	2.63484	0.934942	-17.4725
116.621	124.793	2.6248	0.861321	-15.8442
118.097	125.399	2.70135	0.319957	-16.4338
115.941	124.687	2.59411	0.00114417	-16.0479
117.838	125.087	2.85366	1.49207	-17.1765
120.339	124.859	2.70465	1.49207	-17.3221
116.877	125.724	2.60088	0.804503	-17.7788
116.459	125.803	2.8581	1.6645	-18.96
117.989	124.948	2.77602	1.28469	-16.5167
116.87	124.226	2.81132	1.06162	-16.8572
114.392	125.035	2.81132	1.06162	-17.4322
121.545	124.662	2.66735	0.956494	-16.6492
119.92	124.749	2.82821	0.509815	-15.4628
116.857	125.541	2.82821	0.264291	-17.4513
117.654	124.514	2.64904	0.554556	-15.6246
117.941	124.514	2.7666	0.545613	-15.5877
116.597	124.829	2.63296	0.545613	-15.5567
119.875	124.829	2.63296	0.506902	-15.4217
117.663	124.367	2.82135	0.565479	-16.0049
120.261	124.367	2.80237	0.565479	-16.2895
116.532	124.63	2.79844	0.762766	-15.8505
115.269	124.63	2.63816	1.0389	-16.8265
117.535	124.63	2.63816	1.28436	-16.5929
121.017	124.63	2.6035	0.224363	-16.1442
118.851	124.994	2.61724	0.856761	-15.6178
117.778	124.994	2.62648	0.49197	-15.3281
116.462	124.994	2.77448	0.212298	-15.7378
119.786	124.872	2.81131	0.212298	-15.4365
114.507	124.872	2.78895	0.737532	-16.8568
121.624	124.922	2.76935	1.79638	-18.6185
120.093	125.491	2.85102	0.729469	-16.855
114.386	124.941	2.85102	1.62712	-18.5874
121.12	124.594	2.83865	0.312731	-16.2259
118.323	125.26	2.58504	0.691314	-15.8526
120.682	125.658	2.58504	0.691314	-17.8118
114.467	123.935	2.63416	0.920421	-18.9269
115	124.617	2.70036	0.278991	-16.6701
118.761	125.21	2.77592	1.34171	-16.878
118.52	124.229	2.8073	1.13919	-16.7642
120.274	125.551	2.73951	1.02549	-17.2673
114.901	125.551	2.73951	0.244165	-18.5942
120.095	124.031	2.85004	0.244165	-18.2354
117.652	124.839	2.80669	0.244165	-15.2883
115.878	125.316	2.80669	1.81797	-18.6865
122.889	124.531	2.78063	0.237106	-17.7674
114.823	124.938	2.71294	0.167841	-16.6767
117.054	124.516	2.71294	1.16281	-16.4889
119.583	125.012	2.59289	0.304194	-15.466
118.188	124.102	2.74394	0.374462	-17.2826
118.459	124.731	2.74394	0.0865236	-15.3207
119.251	125.495	2.75355	0.0238438	-17.1696
119.08	125.353	2.82159	0.452747	-16.1863
118.406	124.149	2.7475	0.452747	-16.9052
117.833	124.798	2.70531	0.380968	-15.2393
120.175	124.775	2.80486	0.380968	-15.5356
116.761	125.465	2.72761	1.00219	-16.9315
117.495	125.128	2.7957	0.976683	-16.029
116.998	124.628	2.66372	2.01801	-18.7609
119.651	124.749	2.79101	0.601025	-15.4211
117.359	124.749	2.62979	0.324015	-15.3589
120.622	124.159	2.61982	0.96153	-17.1508
116.427	124.72	2.75473	0.314954	-15.6881
117.058	124.392	2.82071	0.314954	-16.2069
114.001	125.143	2.69615	0.420116	-17.5704
118.059	124.457	2.82857	0.599778	-15.713
123.071	124.948	2.79036	0.661353	-17.4699
118.021	124.848	2.74832	1.00792	-15.8259
118.701	124.848	2.70527	1.00792	-15.8186
118.567	124.648	2.70527	0.456226	-15.3287
121.003	124.648	2.69363	0.325879	-16.0593
118.313	124.648	2.67862	0.325879	-15.3544
117.208	125.093	2.63491	0.325879	-15.6055
