res1           Y1_gamma1      LogPost        
   0.103922E+03   0.392890E+01  -0.727913E+02
   0.106346E+03   0.500776E+01  -0.753071E+02
   0.105652E+03   0.524609E+01  -0.744314E+02
   0.101892E+03   0.407663E+01  -0.762401E+02
   0.104834E+03   0.334028E+01  -0.741285E+02
   0.103927E+03   0.479013E+01  -0.730022E+02
   0.103927E+03   0.360130E+01  -0.732306E+02
   0.104716E+03   0.403038E+01  -0.728256E+02
   0.104107E+03   0.570519E+01  -0.743132E+02
   0.102990E+03   0.393716E+01  -0.737982E+02
   0.102433E+03   0.467993E+01  -0.744841E+02
   0.103072E+03   0.519603E+01  -0.740156E+02
   0.104015E+03   0.533367E+01  -0.736968E+02
   0.103778E+03   0.423085E+01  -0.727520E+02
   0.103874E+03   0.411270E+01  -0.727189E+02
   0.104098E+03   0.440588E+01  -0.726830E+02
   0.104383E+03   0.382248E+01  -0.728361E+02
   0.104247E+03   0.610614E+01  -0.750658E+02
   0.104247E+03   0.446690E+01  -0.727053E+02
   0.103378E+03   0.621547E+01  -0.754779E+02
   0.102628E+03   0.525272E+01  -0.745860E+02
   0.104579E+03   0.458636E+01  -0.728536E+02
   0.104266E+03   0.896919E+01  -0.810831E+02
   0.103556E+03   0.859126E+01  -0.803524E+02
   0.104366E+03   0.753452E+01  -0.780489E+02
   0.104222E+03   0.374346E+01  -0.729161E+02
   0.103595E+03   0.410172E+01  -0.729004E+02
   0.102098E+03   0.477840E+01  -0.751582E+02
   0.103888E+03   0.536696E+01  -0.737740E+02
   0.103138E+03   0.389939E+01  -0.736010E+02
   0.103958E+03   0.487098E+01  -0.730804E+02
   0.104444E+03   0.429203E+01  -0.726692E+02
   0.104380E+03   0.379744E+01  -0.728636E+02
   0.104610E+03   0.344860E+01  -0.736122E+02
   0.104044E+03   0.558327E+01  -0.741040E+02
   0.105626E+03   0.749051E+01  -0.783977E+02
   0.104295E+03   0.426682E+01  -0.726377E+02
   0.102946E+03   0.411762E+01  -0.736967E+02
   0.104334E+03   0.399655E+01  -0.726892E+02
   0.102686E+03   0.482268E+01  -0.741256E+02
   0.102981E+03   0.592926E+01  -0.752086E+02
   0.106147E+03   0.579175E+01  -0.757998E+02
   0.104200E+03   0.508820E+01  -0.733227E+02
   0.105540E+03   0.428826E+01  -0.736889E+02
   0.102789E+03   0.535877E+01  -0.745181E+02
   0.105596E+03   0.442778E+01  -0.737684E+02
   0.103368E+03   0.746775E+01  -0.780372E+02
   0.104699E+03   0.488570E+01  -0.731838E+02
   0.104993E+03   0.402900E+01  -0.730603E+02
   0.103453E+03   0.356674E+01  -0.737390E+02
   0.103995E+03   0.467251E+01  -0.728751E+02
   0.105563E+03   0.480431E+01  -0.738811E+02
   0.105697E+03   0.324621E+01  -0.761659E+02
   0.104565E+03   0.450439E+01  -0.727943E+02
   0.102606E+03   0.495609E+01  -0.743351E+02
   0.103936E+03   0.461205E+01  -0.728414E+02
   0.104878E+03   0.391060E+01  -0.730350E+02
   0.104926E+03   0.440003E+01  -0.729617E+02
   0.104311E+03   0.432531E+01  -0.726518E+02
   0.103135E+03   0.467514E+01  -0.734494E+02
   0.104112E+03   0.477574E+01  -0.729533E+02
   0.104540E+03   0.499740E+01  -0.732549E+02
   0.105346E+03   0.525904E+01  -0.741165E+02
   0.103424E+03   0.449703E+01  -0.730677E+02
   0.103958E+03   0.372207E+01  -0.730065E+02
   0.104268E+03   0.448696E+01  -0.727176E+02
   0.103048E+03   0.424546E+01  -0.734755E+02
   0.103311E+03   0.471810E+01  -0.733017E+02
   0.104658E+03   0.403689E+01  -0.727869E+02
   0.104658E+03   0.425668E+01  -0.727497E+02
   0.103867E+03   0.408144E+01  -0.727314E+02
   0.104183E+03   0.379670E+01  -0.728508E+02
   0.103323E+03   0.316118E+01  -0.753959E+02
   0.102814E+03   0.505385E+01  -0.741380E+02
   0.105019E+03   0.458181E+01  -0.731271E+02
   0.103592E+03   0.500643E+01  -0.733843E+02
   0.104803E+03   0.526338E+01  -0.737268E+02
   0.103851E+03   0.374500E+01  -0.730282E+02
   0.104810E+03   0.417085E+01  -0.728488E+02
   0.103582E+03   0.423434E+01  -0.728828E+02
   0.105438E+03   0.403928E+01  -0.736446E+02
   0.103234E+03   0.460888E+01  -0.733046E+02
   0.105709E+03   0.451316E+01  -0.739606E+02
   0.104464E+03   0.451289E+01  -0.727661E+02
   0.104613E+03   0.564149E+01  -0.742621E+02
   0.104809E+03   0.365557E+01  -0.733079E+02
   0.105093E+03   0.545683E+01  -0.741950E+02
   0.105107E+03   0.568624E+01  -0.745785E+02
   0.103265E+03   0.509708E+01  -0.737211E+02
   0.103183E+03   0.468303E+01  -0.734031E+02
   0.103668E+03   0.416824E+01  -0.728262E+02
   0.102932E+03   0.411454E+01  -0.737222E+02
   0.106388E+03   0.435894E+01  -0.754146E+02
   0.104109E+03   0.441225E+01  -0.726844E+02
   0.104651E+03   0.432386E+01  -0.727574E+02
   0.103279E+03   0.661654E+01  -0.763158E+02
   0.103450E+03   0.475810E+01  -0.732185E+02
   0.104827E+03   0.568752E+01  -0.744244E+02
   0.105120E+03   0.546543E+01  -0.742278E+02
   0.103395E+03   0.379644E+01  -0.733768E+02
   0.104012E+03   0.421807E+01  -0.726571E+02
   0.104012E+03   0.400002E+01  -0.727117E+02
   0.104895E+03   0.426312E+01  -0.729108E+02
   0.105418E+03   0.342204E+01  -0.747872E+02
   0.105415E+03   0.503211E+01  -0.739109E+02
   0.103390E+03   0.507271E+01  -0.735941E+02
   0.104190E+03   0.377646E+01  -0.728748E+02
   0.105469E+03   0.438859E+01  -0.735750E+02
   0.103844E+03   0.521955E+01  -0.735626E+02
   0.104122E+03   0.542594E+01  -0.738332E+02
   0.105276E+03   0.498259E+01  -0.737131E+02
   0.102425E+03   0.426222E+01  -0.745974E+02
   0.103478E+03   0.510983E+01  -0.735818E+02
   0.105111E+03   0.422567E+01  -0.731191E+02
   0.104511E+03   0.508325E+01  -0.733584E+02
   0.104983E+03   0.405933E+01  -0.730344E+02
   0.103301E+03   0.395633E+01  -0.733050E+02
   0.103471E+03   0.420964E+01  -0.729810E+02
   0.103599E+03   0.368713E+01  -0.733214E+02
   0.104952E+03   0.364317E+01  -0.734769E+02
   0.105495E+03   0.406597E+01  -0.737177E+02
   0.105302E+03   0.470733E+01  -0.734905E+02
   0.103054E+03   0.426141E+01  -0.734633E+02
   0.103902E+03   0.505934E+01  -0.733240E+02
   0.106071E+03   0.495425E+01  -0.747670E+02
   0.104241E+03   0.492700E+01  -0.731168E+02
   0.103687E+03   0.492700E+01  -0.732417E+02
   0.105628E+03   0.436403E+01  -0.738209E+02
   0.103401E+03   0.423175E+01  -0.730458E+02
   0.102775E+03   0.550234E+01  -0.747279E+02
   0.103486E+03   0.477034E+01  -0.732022E+02
   0.104592E+03   0.550596E+01  -0.740244E+02
   0.103165E+03   0.351077E+01  -0.743427E+02
   0.104373E+03   0.489118E+01  -0.730875E+02
   0.105360E+03   0.661443E+01  -0.764683E+02
   0.103895E+03   0.409155E+01  -0.727154E+02
   0.103543E+03   0.405511E+01  -0.729667E+02
   0.104097E+03   0.553156E+01  -0.740106E+02
   0.105324E+03   0.489133E+01  -0.736686E+02
   0.105891E+03   0.463860E+01  -0.742995E+02
   0.104019E+03   0.384608E+01  -0.728292E+02
   0.104088E+03   0.577532E+01  -0.744413E+02
   0.103756E+03   0.349806E+01  -0.735797E+02
   0.105819E+03   0.397901E+01  -0.744318E+02
   0.102533E+03   0.433410E+01  -0.743288E+02
   0.104079E+03   0.347765E+01  -0.734474E+02
   0.103167E+03   0.353406E+01  -0.742733E+02
   0.105453E+03   0.438291E+01  -0.735516E+02
   0.105836E+03   0.437395E+01  -0.741865E+02
   0.102729E+03   0.586154E+01  -0.753212E+02
   0.104407E+03   0.586309E+01  -0.746160E+02
   0.104629E+03   0.408123E+01  -0.727536E+02
   0.103380E+03   0.357503E+01  -0.738206E+02
   0.105386E+03   0.515655E+01  -0.740251E+02
   0.102947E+03   0.603598E+01  -0.754228E+02
   0.103702E+03   0.393978E+01  -0.729123E+02
   0.104773E+03   0.425184E+01  -0.728189E+02
   0.104876E+03   0.620020E+01  -0.753961E+02
   0.104760E+03   0.266929E+01  -0.779634E+02
   0.104991E+03   0.457562E+01  -0.730989E+02
   0.103871E+03   0.423789E+01  -0.727065E+02
   0.104332E+03   0.534569E+01  -0.737096E+02
   0.103382E+03   0.577068E+01  -0.746579E+02
   0.103852E+03   0.379238E+01  -0.729641E+02
   0.104430E+03   0.359410E+01  -0.731915E+02
   0.103350E+03   0.585183E+01  -0.748187E+02
   0.102527E+03   0.449445E+01  -0.742980E+02
   0.104254E+03   0.348100E+01  -0.734141E+02
   0.103897E+03   0.451338E+01  -0.727871E+02
   0.105470E+03   0.541325E+01  -0.744507E+02
   0.104228E+03   0.471498E+01  -0.728898E+02
   0.105535E+03   0.431257E+01  -0.736767E+02
   0.103869E+03   0.513415E+01  -0.734339E+02
   0.104939E+03   0.472884E+01  -0.731722E+02
   0.104302E+03   0.631172E+01  -0.754768E+02
   0.103295E+03   0.550781E+01  -0.742754E+02
   0.104236E+03   0.422270E+01  -0.726301E+02
   0.104509E+03   0.396268E+01  -0.727551E+02
   0.103724E+03   0.319584E+01  -0.746352E+02
   0.104927E+03   0.447267E+01  -0.729916E+02
   0.104749E+03   0.422303E+01  -0.728022E+02
   0.104462E+03   0.461986E+01  -0.728407E+02
   0.104574E+03   0.439246E+01  -0.727432E+02
   0.103394E+03   0.416226E+01  -0.730688E+02
   0.105226E+03   0.321964E+01  -0.751743E+02
   0.102944E+03   0.569199E+01  -0.748456E+02
   0.103280E+03   0.435346E+01  -0.731709E+02
   0.103371E+03   0.397486E+01  -0.732015E+02
   0.103902E+03   0.339786E+01  -0.737492E+02
   0.104549E+03   0.315775E+01  -0.745921E+02
   0.104608E+03   0.354883E+01  -0.733666E+02
   0.104626E+03   0.552847E+01  -0.740726E+02
   0.104697E+03   0.579313E+01  -0.745596E+02
   0.103716E+03   0.444223E+01  -0.728332E+02
   0.105273E+03   0.510644E+01  -0.738529E+02
   0.104378E+03   0.454045E+01  -0.727641E+02
   0.104953E+03   0.516712E+01  -0.736767E+02
   0.103670E+03   0.434370E+01  -0.728290E+02
   0.106106E+03   0.536009E+01  -0.751889E+02
   0.104873E+03   0.249707E+01  -0.798898E+02
   0.104391E+03   0.506218E+01  -0.733036E+02
   0.104669E+03   0.516416E+01  -0.735235E+02
   0.103954E+03   0.381233E+01  -0.728896E+02
   0.102702E+03   0.532409E+01  -0.745769E+02
   0.103292E+03   0.394679E+01  -0.733255E+02
   0.105272E+03   0.415156E+01  -0.733343E+02
   0.103778E+03   0.519889E+01  -0.735543E+02
   0.106215E+03   0.338961E+01  -0.771626E+02
   0.105462E+03   0.503557E+01  -0.739677E+02
   0.104475E+03   0.382473E+01  -0.728603E+02
   0.104528E+03   0.366615E+01  -0.730982E+02
   0.104480E+03   0.369898E+01  -0.730256E+02
   0.103183E+03   0.432362E+01  -0.732833E+02
   0.104161E+03   0.349740E+01  -0.733803E+02
   0.106514E+03   0.398448E+01  -0.762728E+02
   0.105250E+03   0.546611E+01  -0.743282E+02
   0.105743E+03   0.399667E+01  -0.742471E+02
   0.105469E+03   0.413567E+01  -0.736314E+02
   0.103490E+03   0.355862E+01  -0.737116E+02
   0.103522E+03   0.558992E+01  -0.742742E+02
   0.103905E+03   0.390396E+01  -0.728194E+02
   0.103790E+03   0.494611E+01  -0.732192E+02
   0.103858E+03   0.447419E+01  -0.727798E+02
   0.103822E+03   0.379961E+01  -0.729731E+02
   0.103847E+03   0.367998E+01  -0.731320E+02
   0.103638E+03   0.462796E+01  -0.729867E+02
   0.103377E+03   0.432695E+01  -0.730677E+02
   0.104220E+03   0.432174E+01  -0.726457E+02
   0.103293E+03   0.468898E+01  -0.732971E+02
   0.104397E+03   0.436561E+01  -0.726780E+02
   0.105420E+03   0.479460E+01  -0.736928E+02
   0.105246E+03   0.618458E+01  -0.755648E+02
   0.103417E+03   0.444353E+01  -0.730530E+02
   0.105363E+03   0.457604E+01  -0.734841E+02
   0.105363E+03   0.563587E+01  -0.746888E+02
   0.104842E+03   0.425043E+01  -0.728685E+02
   0.104540E+03   0.316730E+01  -0.745454E+02
   0.104118E+03   0.370345E+01  -0.729848E+02
   0.103942E+03   0.411908E+01  -0.726891E+02
   0.104648E+03   0.460306E+01  -0.728953E+02
   0.104648E+03   0.557169E+01  -0.741531E+02
   0.103832E+03   0.361248E+01  -0.732646E+02
   0.102070E+03   0.469834E+01  -0.752134E+02
   0.104531E+03   0.540906E+01  -0.738481E+02
   0.103991E+03   0.438147E+01  -0.726946E+02
   0.102868E+03   0.385176E+01  -0.741486E+02
   0.105254E+03   0.424860E+01  -0.732861E+02
   0.103035E+03   0.440268E+01  -0.734760E+02
   0.103598E+03   0.529838E+01  -0.737757E+02
   0.105074E+03   0.311017E+01  -0.754114E+02
   0.101775E+03   0.602769E+01  -0.767880E+02
   0.106366E+03   0.511223E+01  -0.754106E+02
   0.105448E+03   0.517712E+01  -0.741149E+02
   0.106587E+03   0.502486E+01  -0.758102E+02
   0.104446E+03   0.506313E+01  -0.733155E+02
   0.103190E+03   0.463330E+01  -0.733641E+02
   0.103522E+03   0.576726E+01  -0.745793E+02
   0.104513E+03   0.446202E+01  -0.727518E+02
   0.104232E+03   0.440597E+01  -0.726752E+02
   0.104714E+03   0.489732E+01  -0.732040E+02
   0.104478E+03   0.379836E+01  -0.728907E+02
   0.102488E+03   0.416269E+01  -0.745452E+02
   0.105469E+03   0.424940E+01  -0.735866E+02
   0.104574E+03   0.472211E+01  -0.729638E+02
   0.104574E+03   0.404456E+01  -0.727398E+02
   0.103511E+03   0.414525E+01  -0.729580E+02
   0.104798E+03   0.451524E+01  -0.729207E+02
   0.104401E+03   0.413371E+01  -0.726548E+02
   0.105166E+03   0.573707E+01  -0.747047E+02
   0.104149E+03   0.349286E+01  -0.733933E+02
   0.105499E+03   0.538968E+01  -0.744474E+02
   0.103870E+03   0.525709E+01  -0.736103E+02
   0.103792E+03   0.371710E+01  -0.731077E+02
   0.105611E+03   0.496396E+01  -0.740774E+02
   0.103795E+03   0.506628E+01  -0.733668E+02
   0.104449E+03   0.418369E+01  -0.726621E+02
   0.104968E+03   0.434300E+01  -0.729828E+02
   0.102385E+03   0.498894E+01  -0.747067E+02
   0.104735E+03   0.643779E+01  -0.758152E+02
   0.104735E+03   0.459691E+01  -0.729351E+02
   0.105028E+03   0.472433E+01  -0.732384E+02
   0.104666E+03   0.491059E+01  -0.731973E+02
   0.104952E+03   0.366766E+01  -0.734321E+02
   0.102666E+03   0.491463E+01  -0.742160E+02
   0.104344E+03   0.429167E+01  -0.726479E+02
   0.104131E+03   0.371370E+01  -0.729670E+02
   0.106644E+03   0.654666E+01  -0.776261E+02
   0.103319E+03   0.449786E+01  -0.731660E+02
   0.106803E+03   0.439977E+01  -0.765240E+02
   0.103827E+03   0.486893E+01  -0.731175E+02
   0.103471E+03   0.486893E+01  -0.733074E+02
   0.104500E+03   0.452123E+01  -0.727819E+02
   0.102907E+03   0.406146E+01  -0.738081E+02
   0.103441E+03   0.401856E+01  -0.730892E+02
   0.103755E+03   0.485493E+01  -0.731310E+02
   0.106031E+03   0.368707E+01  -0.755225E+02
   0.104505E+03   0.404568E+01  -0.727107E+02
   0.103660E+03   0.429905E+01  -0.728280E+02
   0.104824E+03   0.503014E+01  -0.734195E+02
   0.106091E+03   0.516881E+01  -0.749706E+02
   0.103848E+03   0.545371E+01  -0.739234E+02
   0.104013E+03   0.453195E+01  -0.727656E+02
   0.104356E+03   0.477521E+01  -0.729591E+02
   0.102718E+03   0.411000E+01  -0.741149E+02
   0.105329E+03   0.494557E+01  -0.737282E+02
   0.103816E+03   0.572784E+01  -0.744011E+02
   0.103918E+03   0.468140E+01  -0.729028E+02
   0.105285E+03   0.521040E+01  -0.739946E+02
   0.103288E+03   0.382254E+01  -0.734819E+02
   0.102604E+03   0.587095E+01  -0.754655E+02
   0.103913E+03   0.427502E+01  -0.726929E+02
   0.104478E+03   0.342031E+01  -0.736204E+02
   0.104959E+03   0.530598E+01  -0.738774E+02
   0.103604E+03   0.357340E+01  -0.735448E+02
   0.105149E+03   0.353958E+01  -0.739653E+02
   0.104188E+03   0.557053E+01  -0.740738E+02
   0.104390E+03   0.434561E+01  -0.726700E+02
   0.104913E+03   0.361552E+01  -0.734880E+02
   0.105338E+03   0.565897E+01  -0.747054E+02
   0.104884E+03   0.312340E+01  -0.750631E+02
   0.105162E+03   0.410110E+01  -0.732142E+02
   0.103411E+03   0.404912E+01  -0.731015E+02
   0.104537E+03   0.418290E+01  -0.726919E+02
   0.102366E+03   0.478513E+01  -0.746344E+02
   0.104652E+03   0.454742E+01  -0.728584E+02
   0.103235E+03   0.425492E+01  -0.732265E+02
   0.105915E+03   0.483122E+01  -0.744259E+02
   0.104080E+03   0.520733E+01  -0.734974E+02
   0.105329E+03   0.523629E+01  -0.740706E+02
   0.103946E+03   0.447976E+01  -0.727521E+02
   0.102990E+03   0.467634E+01  -0.736219E+02
   0.104801E+03   0.370359E+01  -0.732200E+02
   0.106037E+03   0.463980E+01  -0.745682E+02
   0.103007E+03   0.582135E+01  -0.750036E+02
   0.104045E+03   0.381585E+01  -0.728539E+02
   0.104076E+03   0.485190E+01  -0.730378E+02
   0.103594E+03   0.473152E+01  -0.730961E+02
   0.104291E+03   0.509022E+01  -0.733291E+02
   0.106389E+03   0.581605E+01  -0.761817E+02
   0.104978E+03   0.389113E+01  -0.731521E+02
   0.103865E+03   0.432869E+01  -0.727216E+02
   0.104950E+03   0.470501E+01  -0.731605E+02
   0.104950E+03   0.515799E+01  -0.736628E+02
   0.104045E+03   0.407871E+01  -0.726690E+02
   0.104114E+03   0.372682E+01  -0.729509E+02
   0.104151E+03   0.278450E+01  -0.767361E+02
   0.101661E+03   0.603494E+01  -0.769785E+02
   0.104062E+03   0.440503E+01  -0.726884E+02
   0.102048E+03   0.506814E+01  -0.753611E+02
   0.102936E+03   0.590140E+01  -0.751976E+02
   0.100974E+03   0.567615E+01  -0.779957E+02
   0.103560E+03   0.363892E+01  -0.734524E+02
   0.104910E+03   0.469126E+01  -0.731197E+02
   0.104754E+03   0.401227E+01  -0.728615E+02
   0.104293E+03   0.363427E+01  -0.730896E+02
   0.102412E+03   0.524610E+01  -0.748826E+02
   0.103963E+03   0.405524E+01  -0.727018E+02
   0.104663E+03   0.440861E+01  -0.727906E+02
   0.103798E+03   0.374433E+01  -0.730624E+02
   0.105061E+03   0.445322E+01  -0.731003E+02
   0.105079E+03   0.518047E+01  -0.737828E+02
   0.103823E+03   0.478041E+01  -0.730267E+02
   0.105033E+03   0.578470E+01  -0.747026E+02
   0.103575E+03   0.610307E+01  -0.751764E+02
   0.103505E+03   0.335710E+01  -0.742790E+02
   0.104189E+03   0.392387E+01  -0.727291E+02
   0.103599E+03   0.424356E+01  -0.728692E+02
   0.104764E+03   0.344584E+01  -0.737382E+02
   0.104084E+03   0.406665E+01  -0.726649E+02
   0.101882E+03   0.426020E+01  -0.759690E+02
   0.104097E+03   0.344518E+01  -0.735269E+02
   0.104097E+03   0.437484E+01  -0.726710E+02
   0.104179E+03   0.478572E+01  -0.729593E+02
   0.104541E+03   0.528777E+01  -0.736607E+02
   0.103698E+03   0.462028E+01  -0.729465E+02
   0.103321E+03   0.635152E+01  -0.757702E+02
   0.104838E+03   0.659406E+01  -0.761670E+02
   0.105507E+03   0.535480E+01  -0.744077E+02
   0.104002E+03   0.453353E+01  -0.727691E+02
   0.104102E+03   0.370031E+01  -0.729927E+02
   0.106182E+03   0.544923E+01  -0.754069E+02
   0.104066E+03   0.433257E+01  -0.726625E+02
   0.105715E+03   0.433257E+01  -0.739741E+02
   0.104965E+03   0.413421E+01  -0.729873E+02
   0.104965E+03   0.365730E+01  -0.734652E+02
   0.106058E+03   0.403803E+01  -0.749088E+02
   0.105601E+03   0.337121E+01  -0.753840E+02
   0.104508E+03   0.355842E+01  -0.732938E+02
   0.103880E+03   0.420199E+01  -0.727024E+02
   0.105229E+03   0.574841E+01  -0.747689E+02
   0.103240E+03   0.482829E+01  -0.734585E+02
   0.103888E+03   0.373565E+01  -0.730209E+02
   0.104364E+03   0.372593E+01  -0.729527E+02
   0.105128E+03   0.473077E+01  -0.733315E+02
   0.103982E+03   0.374624E+01  -0.729621E+02
   0.104946E+03   0.406067E+01  -0.729970E+02
   0.103787E+03   0.388057E+01  -0.729056E+02
   0.103660E+03   0.424967E+01  -0.728249E+02
   0.105687E+03   0.403671E+01  -0.740927E+02
   0.103241E+03   0.528541E+01  -0.739858E+02
   0.102431E+03   0.697383E+01  -0.775909E+02
   0.104355E+03   0.540858E+01  -0.738129E+02
   0.104324E+03   0.403177E+01  -0.726710E+02
   0.104226E+03   0.413589E+01  -0.726345E+02
   0.103405E+03   0.391590E+01  -0.732166E+02
   0.105592E+03   0.341843E+01  -0.751898E+02
   0.103576E+03   0.508295E+01  -0.734885E+02
   0.103991E+03   0.370399E+01  -0.730207E+02
   0.104769E+03   0.446330E+01  -0.728749E+02
   0.103555E+03   0.476654E+01  -0.731515E+02
   0.103699E+03   0.403287E+01  -0.728520E+02
   0.105385E+03   0.520413E+01  -0.740832E+02
   0.102318E+03   0.504360E+01  -0.748577E+02
   0.104523E+03   0.407464E+01  -0.727071E+02
   0.103623E+03   0.468669E+01  -0.730408E+02
   0.104190E+03   0.381379E+01  -0.728309E+02
   0.103898E+03   0.381379E+01  -0.729135E+02
   0.103120E+03   0.465642E+01  -0.734546E+02
   0.103243E+03   0.404731E+01  -0.733050E+02
   0.104924E+03   0.380709E+01  -0.731895E+02
   0.103872E+03   0.317707E+01  -0.745793E+02
   0.104482E+03   0.381135E+01  -0.728773E+02
   0.104492E+03   0.464376E+01  -0.728681E+02
   0.104016E+03   0.503234E+01  -0.732638E+02
   0.102539E+03   0.426393E+01  -0.743545E+02
   0.102839E+03   0.404547E+01  -0.739465E+02
   0.103237E+03   0.493380E+01  -0.735615E+02
   0.104092E+03   0.344522E+01  -0.735282E+02
   0.103082E+03   0.587121E+01  -0.750300E+02
   0.104297E+03   0.463292E+01  -0.728218E+02
   0.102979E+03   0.346247E+01  -0.748728E+02
   0.103745E+03   0.476322E+01  -0.730430E+02
   0.104213E+03   0.430346E+01  -0.726412E+02
   0.105682E+03   0.485011E+01  -0.740792E+02
   0.103790E+03   0.440398E+01  -0.727788E+02
   0.105998E+03   0.388678E+01  -0.749936E+02
   0.103448E+03   0.534557E+01  -0.739284E+02
   0.102465E+03   0.534557E+01  -0.749113E+02
   0.103499E+03   0.366532E+01  -0.734710E+02
   0.103615E+03   0.355945E+01  -0.735644E+02
   0.102601E+03   0.399304E+01  -0.744965E+02
   0.103929E+03   0.422637E+01  -0.726831E+02
   0.105086E+03   0.455957E+01  -0.731742E+02
   0.104089E+03   0.385617E+01  -0.728007E+02
   0.104846E+03   0.445751E+01  -0.729232E+02
   0.103636E+03   0.352190E+01  -0.736333E+02
   0.105429E+03   0.406434E+01  -0.736116E+02
   0.103630E+03   0.506096E+01  -0.734320E+02
   0.103685E+03   0.577999E+01  -0.745351E+02
   0.103114E+03   0.538869E+01  -0.742362E+02
   0.103194E+03   0.490400E+01  -0.735722E+02
   0.103076E+03   0.525329E+01  -0.740849E+02
   0.104797E+03   0.620193E+01  -0.753679E+02
   0.103742E+03   0.414229E+01  -0.727824E+02
   0.104075E+03   0.427645E+01  -0.726487E+02
   0.104608E+03   0.429194E+01  -0.727297E+02
   0.104546E+03   0.400254E+01  -0.727472E+02
   0.104546E+03   0.435198E+01  -0.727178E+02
   0.102490E+03   0.642162E+01  -0.765149E+02
   0.104811E+03   0.436429E+01  -0.728646E+02
   0.103357E+03   0.436540E+01  -0.730920E+02
   0.104161E+03   0.363182E+01  -0.730972E+02
   0.103408E+03   0.293001E+01  -0.765798E+02
   0.103678E+03   0.484120E+01  -0.731529E+02
   0.105609E+03   0.434455E+01  -0.737918E+02
   0.104517E+03   0.340269E+01  -0.736879E+02
   0.105099E+03   0.484925E+01  -0.734117E+02
   0.103811E+03   0.435459E+01  -0.727528E+02
   0.102224E+03   0.581411E+01  -0.758424E+02
   0.103548E+03   0.484180E+01  -0.732280E+02
   0.103350E+03   0.405850E+01  -0.731646E+02
   0.103435E+03   0.540623E+01  -0.740274E+02
   0.103756E+03   0.318413E+01  -0.746538E+02
   0.103302E+03   0.477062E+01  -0.733513E+02
   0.105918E+03   0.372520E+01  -0.751211E+02
   0.104701E+03   0.429805E+01  -0.727794E+02
   0.104138E+03   0.377505E+01  -0.728822E+02
   0.104083E+03   0.533173E+01  -0.736856E+02
   0.105219E+03   0.499751E+01  -0.736751E+02
   0.103125E+03   0.468936E+01  -0.734698E+02
   0.105095E+03   0.359592E+01  -0.737548E+02
   0.103968E+03   0.361397E+01  -0.731861E+02
   0.104133E+03   0.372213E+01  -0.729543E+02
   0.104393E+03   0.451123E+01  -0.727481E+02
   0.104061E+03   0.599311E+01  -0.748510E+02
   0.104298E+03   0.492681E+01  -0.731200E+02
   0.104179E+03   0.465791E+01  -0.728392E+02
   0.103656E+03   0.354075E+01  -0.735673E+02
   0.103311E+03   0.394757E+01  -0.733006E+02
   0.104497E+03   0.348086E+01  -0.734681E+02
   0.104254E+03   0.450751E+01  -0.727291E+02
   0.102777E+03   0.665754E+01  -0.767070E+02
   0.104371E+03   0.470679E+01  -0.728954E+02
   0.104231E+03   0.409550E+01  -0.726429E+02
   0.102923E+03   0.501499E+01  -0.739684E+02
   0.102504E+03   0.514155E+01  -0.746440E+02
   0.102275E+03   0.494359E+01  -0.748695E+02
   0.104522E+03   0.485011E+01  -0.730757E+02
   0.105539E+03   0.451402E+01  -0.736982E+02
   0.107059E+03   0.587457E+01  -0.774100E+02
