res1           res2           tau1           Y1_gamma1      LogPost        
   0.973761E+02   0.997763E+02   0.286564E+00   0.399646E-01  -0.907305E+02
   0.980133E+02   0.996776E+02   0.337160E+00   0.115567E-01  -0.950426E+02
   0.996876E+02   0.996776E+02   0.398594E+00   0.609925E+00  -0.950333E+02
   0.992401E+02   0.997254E+02   0.946430E+00   0.312846E+00  -0.939359E+02
   0.100362E+03   0.998688E+02   0.499606E+00   0.955716E-01  -0.951580E+02
   0.979776E+02   0.998688E+02   0.241141E+00   0.383428E+00  -0.938820E+02
   0.994962E+02   0.997783E+02   0.331092E+00   0.721333E-01  -0.938746E+02
   0.978927E+02   0.997783E+02   0.204304E+00   0.513276E+00  -0.940505E+02
   0.969269E+02   0.997790E+02   0.204304E+00   0.428093E+00  -0.939851E+02
   0.993235E+02   0.996566E+02   0.864689E+00   0.338285E+00  -0.942482E+02
   0.991974E+02   0.996566E+02   0.954780E+00   0.117287E+00  -0.951363E+02
   0.983040E+02   0.999110E+02   0.336971E+00   0.215583E+00  -0.943837E+02
   0.991893E+02   0.999110E+02   0.568670E+00   0.222944E+00  -0.944129E+02
   0.991301E+02   0.995273E+02   0.147961E+01   0.724965E+00  -0.981233E+02
   0.997668E+02   0.994164E+02   0.300243E+01   0.179264E+00  -0.954024E+02
   0.994661E+02   0.994723E+02   0.273327E+01   0.492771E+00  -0.959043E+02
   0.995597E+02   0.994444E+02   0.457319E+01   0.415482E+00  -0.955041E+02
   0.998516E+02   0.100244E+03   0.423173E+01   0.263466E+00  -0.947066E+02
   0.998126E+02   0.100169E+03   0.411284E+01   0.356285E-01  -0.941256E+02
   0.997556E+02   0.999202E+02   0.367460E+01   0.160753E-01  -0.938535E+02
   0.994532E+02   0.100003E+03   0.489099E+01   0.779886E+00  -0.960806E+02
   0.998878E+02   0.100029E+03   0.451355E+01   0.314775E+00  -0.944752E+02
   0.995842E+02   0.100352E+03   0.506793E+01   0.108853E-01  -0.938214E+02
   0.995842E+02   0.100349E+03   0.324974E+01   0.104822E+00  -0.964004E+02
   0.996832E+02   0.997064E+02   0.348068E+01   0.589731E+00  -0.949160E+02
   0.996832E+02   0.999658E+02   0.248425E+01   0.385423E+00  -0.947676E+02
   0.995165E+02   0.997033E+02   0.523600E+01   0.679569E+00  -0.955968E+02
   0.997447E+02   0.100067E+03   0.513892E+01   0.154589E+00  -0.934301E+02
   0.996316E+02   0.999089E+02   0.493501E+01   0.586010E-01  -0.938363E+02
   0.997709E+02   0.999932E+02   0.290950E+01   0.187092E+00  -0.942345E+02
   0.995910E+02   0.998451E+02   0.121021E+01   0.427659E+00  -0.950243E+02
   0.997385E+02   0.100076E+03   0.953033E+00   0.664100E+00  -0.964080E+02
   0.988399E+02   0.995924E+02   0.864370E+00   0.232528E+00  -0.955938E+02
   0.100063E+03   0.998091E+02   0.171373E+01   0.333036E-01  -0.944906E+02
   0.994075E+02   0.995830E+02   0.141341E+01   0.163028E+00  -0.956427E+02
   0.990310E+02   0.100143E+03   0.798524E+00   0.156796E+00  -0.951822E+02
   0.993206E+02   0.100065E+03   0.299522E+00   0.343329E+00  -0.939612E+02
   0.985102E+02   0.998378E+02   0.299522E+00   0.354704E+00  -0.916958E+02
   0.968479E+02   0.998378E+02   0.302497E+00   0.440233E+00  -0.916161E+02
   0.979464E+02   0.995356E+02   0.302497E+00   0.685486E-01  -0.928299E+02
   0.969868E+02   0.997983E+02   0.302497E+00   0.366961E+00  -0.912885E+02
   0.981965E+02   0.997983E+02   0.290164E+00   0.595949E+00  -0.924523E+02
   0.957950E+02   0.997983E+02   0.251600E+00   0.162699E+00  -0.943664E+02
   0.995363E+02   0.998971E+02   0.324435E+01   0.162699E+00  -0.944561E+02
   0.100055E+03   0.998971E+02   0.297987E+01   0.457107E+00  -0.956000E+02
   0.990366E+02   0.998849E+02   0.873755E+00   0.812259E+00  -0.959941E+02
   0.997099E+02   0.100683E+03   0.492155E+01   0.564267E+00  -0.958669E+02
   0.996533E+02   0.100445E+03   0.521052E+01   0.121737E+00  -0.930635E+02
   0.997251E+02   0.100133E+03   0.369288E+01   0.157722E+00  -0.939437E+02
   0.997251E+02   0.996869E+02   0.282837E+01   0.535708E+00  -0.947608E+02
   0.999399E+02   0.998192E+02   0.302582E+01   0.196141E+00  -0.944857E+02
   0.999399E+02   0.100171E+03   0.422168E+01   0.147605E+00  -0.949475E+02
   0.998015E+02   0.100121E+03   0.388286E+01   0.433237E+00  -0.945226E+02
   0.100171E+03   0.999462E+02   0.143275E+01   0.519018E+00  -0.955213E+02
   0.100347E+03   0.996638E+02   0.205635E+01   0.209737E+00  -0.967465E+02
   0.998757E+02   0.992278E+02   0.175869E+01   0.484452E+00  -0.963602E+02
   0.999401E+02   0.998081E+02   0.159723E+01   0.198506E-01  -0.942628E+02
   0.998599E+02   0.100034E+03   0.418491E+01   0.529329E+00  -0.948880E+02
   0.998599E+02   0.994834E+02   0.433807E+01   0.826008E-01  -0.960604E+02
   0.997490E+02   0.999433E+02   0.281127E+01   0.147437E-02  -0.940635E+02
   0.998700E+02   0.998801E+02   0.442386E+01   0.303099E+00  -0.944255E+02
   0.998700E+02   0.998862E+02   0.178636E+01   0.594957E+00  -0.951942E+02
   0.991718E+02   0.997591E+02   0.289955E+00   0.396190E-01  -0.926767E+02
   0.981463E+02   0.997591E+02   0.289955E+00   0.453719E+00  -0.917756E+02
   0.976571E+02   0.998914E+02   0.289955E+00   0.648548E+00  -0.926127E+02
   0.981924E+02   0.998914E+02   0.289955E+00   0.519652E+00  -0.920741E+02
   0.970630E+02   0.997533E+02   0.289955E+00   0.396705E+00  -0.914429E+02
   0.961556E+02   0.998260E+02   0.289955E+00   0.298237E+00  -0.920104E+02
   0.976593E+02   0.998451E+02   0.289955E+00   0.998125E-01  -0.906457E+02
   0.970931E+02   0.999756E+02   0.289955E+00   0.177263E-01  -0.909937E+02
   0.972456E+02   0.997941E+02   0.289955E+00   0.102807E+00  -0.907327E+02
   0.995475E+02   0.997941E+02   0.289955E+00   0.418112E+00  -0.937793E+02
   0.972264E+02   0.996619E+02   0.289955E+00   0.222509E+00  -0.914799E+02
   0.959886E+02   0.999053E+02   0.289955E+00   0.222509E+00  -0.922406E+02
   0.967574E+02   0.997577E+02   0.289955E+00   0.400373E+00  -0.916504E+02
   0.979775E+02   0.999115E+02   0.309261E+00   0.163626E+00  -0.909091E+02
   0.966961E+02   0.999115E+02   0.309261E+00   0.234760E+00  -0.912483E+02
   0.968943E+02   0.999616E+02   0.309261E+00   0.223705E+00  -0.912270E+02
   0.986533E+02   0.994751E+02   0.278906E+00   0.623405E+00  -0.958020E+02
   0.989462E+02   0.996104E+02   0.347952E+00   0.378162E+00  -0.944921E+02
   0.972496E+02   0.100059E+03   0.289207E+00   0.169563E+00  -0.915744E+02
   0.980386E+02   0.998098E+02   0.289207E+00   0.395365E+00  -0.913955E+02
   0.981472E+02   0.998098E+02   0.289207E+00   0.302168E+00  -0.912133E+02
   0.986699E+02   0.998302E+02   0.289207E+00   0.214566E+00  -0.916519E+02
   0.980485E+02   0.999625E+02   0.286733E+00   0.741913E-01  -0.910634E+02
   0.980908E+02   0.995344E+02   0.303627E+00   0.331710E+00  -0.929558E+02
   0.950199E+02   0.997984E+02   0.303627E+00   0.317101E+00  -0.947232E+02
   0.996349E+02   0.996603E+02   0.187521E+01   0.345170E+00  -0.945726E+02
   0.992119E+02   0.996603E+02   0.609264E+00   0.586879E+00  -0.951219E+02
   0.995215E+02   0.998979E+02   0.795296E+00   0.840804E-02  -0.935773E+02
   0.100056E+03   0.993774E+02   0.124870E+01   0.733136E+00  -0.960663E+02
   0.995163E+02   0.100575E+03   0.530131E+01   0.305511E+00  -0.934099E+02
   0.995749E+02   0.997504E+02   0.200315E+01   0.275372E-01  -0.945761E+02
   0.997045E+02   0.997504E+02   0.935174E+00   0.665170E+00  -0.951285E+02
   0.997045E+02   0.100412E+03   0.520059E+01   0.287115E+00  -0.932322E+02
   0.992696E+02   0.100158E+03   0.422108E+01   0.225839E+00  -0.963078E+02
   0.996435E+02   0.100210E+03   0.453655E+01   0.519453E+00  -0.946913E+02
   0.998462E+02   0.998470E+02   0.446996E+01   0.191908E+00  -0.943029E+02
   0.982648E+02   0.993698E+02   0.226927E+00   0.773111E+00  -0.972560E+02
   0.991804E+02   0.995638E+02   0.102185E+01   0.281748E+00  -0.961642E+02
   0.997880E+02   0.997978E+02   0.226835E+01   0.975556E+00  -0.973721E+02
   0.996179E+02   0.994313E+02   0.116397E+01   0.320049E+00  -0.957028E+02
   0.985574E+02   0.100036E+03   0.385439E+00   0.316638E-01  -0.948339E+02
   0.996048E+02   0.997496E+02   0.204712E+01   0.419863E+00  -0.946398E+02
   0.993894E+02   0.994616E+02   0.193055E+01   0.306574E+00  -0.965026E+02
   0.995640E+02   0.995904E+02   0.183812E+00   0.146112E+00  -0.949144E+02
   0.964330E+02   0.998370E+02   0.183812E+00   0.308765E+00  -0.940702E+02
   0.945221E+02   0.996308E+02   0.183812E+00   0.308765E+00  -0.960666E+02
   0.964607E+02   0.998348E+02   0.239470E+00   0.278555E+00  -0.940274E+02
   0.978364E+02   0.998348E+02   0.239470E+00   0.474397E+00  -0.939979E+02
   0.998242E+02   0.100264E+03   0.107328E+01   0.750201E-01  -0.980295E+02
   0.995276E+02   0.994628E+02   0.281979E+01   0.439559E+00  -0.957442E+02
   0.997904E+02   0.994628E+02   0.228726E+01   0.225441E+00  -0.951546E+02
   0.967084E+02   0.998428E+02   0.211421E+00   0.550994E+00  -0.944933E+02
   0.994243E+02   0.999004E+02   0.740811E+00   0.179196E+00  -0.939095E+02
   0.993124E+02   0.999004E+02   0.778724E+00   0.237591E+00  -0.935561E+02
   0.990667E+02   0.998292E+02   0.800271E+00   0.154938E+00  -0.937100E+02
   0.998915E+02   0.999803E+02   0.416251E+01   0.462745E-01  -0.943961E+02
   0.995166E+02   0.100086E+03   0.526932E+01   0.126631E+00  -0.937298E+02
   0.100192E+03   0.997264E+02   0.513789E+00   0.996708E-01  -0.948024E+02
   0.987132E+02   0.995570E+02   0.740021E+00   0.375500E+00  -0.964883E+02
   0.100166E+03   0.100187E+03   0.798985E+00   0.203049E+00  -0.975273E+02
   0.100273E+03   0.999682E+02   0.133956E+01   0.244521E+00  -0.958231E+02
   0.992344E+02   0.996876E+02   0.113312E+01   0.815899E+00  -0.972946E+02
   0.992344E+02   0.100022E+03   0.765537E+00   0.101022E+00  -0.939475E+02
   0.973989E+02   0.999244E+02   0.198664E+00   0.445487E+00  -0.942821E+02
   0.985949E+02   0.995021E+02   0.198664E+00   0.613630E+00  -0.955385E+02
   0.993139E+02   0.995021E+02   0.106049E+01   0.272377E+00  -0.961247E+02
   0.995761E+02   0.100830E+03   0.523544E+01   0.589002E-01  -0.936967E+02
   0.998280E+02   0.100868E+03   0.526663E+01   0.597627E+00  -0.945082E+02
   0.997555E+02   0.100412E+03   0.526663E+01   0.646900E+00  -0.943958E+02
   0.996513E+02   0.101401E+03   0.533122E+01   0.606874E+00  -0.955804E+02
   0.996513E+02   0.100609E+03   0.540848E+01   0.252324E+00  -0.941446E+02
   0.998088E+02   0.101036E+03   0.522019E+01   0.252324E+00  -0.943786E+02
   0.996088E+02   0.100310E+03   0.513930E+01   0.685531E+00  -0.948005E+02
   0.999005E+02   0.994146E+02   0.316839E+01   0.308066E+00  -0.960675E+02
   0.995983E+02   0.100813E+03   0.478865E+01   0.776445E-01  -0.962208E+02
   0.989935E+02   0.100001E+03   0.599384E+00   0.134989E+00  -0.952467E+02
   0.997408E+02   0.995916E+02   0.203228E+01   0.383647E+00  -0.945803E+02
   0.998924E+02   0.100107E+03   0.171465E+01   0.425933E+00  -0.962358E+02
   0.996600E+02   0.100041E+03   0.376284E+01   0.577592E+00  -0.947046E+02
   0.995504E+02   0.993386E+02   0.194734E+01   0.541712E+00  -0.962752E+02
   0.995651E+02   0.100162E+03   0.404630E+01   0.107234E+00  -0.939829E+02
   0.997511E+02   0.993247E+02   0.230984E+01   0.112641E-02  -0.965999E+02
   0.998824E+02   0.992517E+02   0.513393E+01   0.350439E+00  -0.971724E+02
   0.998925E+02   0.995299E+02   0.364277E+01   0.254824E+00  -0.953668E+02
   0.998925E+02   0.999537E+02   0.472389E+01   0.555482E+00  -0.950232E+02
   0.998925E+02   0.999537E+02   0.826998E+00   0.636133E+00  -0.955519E+02
   0.998015E+02   0.100792E+03   0.435331E+01   0.806679E+00  -0.989396E+02
   0.997858E+02   0.992945E+02   0.348120E+01   0.583930E+00  -0.961652E+02
   0.997858E+02   0.100039E+03   0.518838E+01   0.248166E+00  -0.936363E+02
   0.999611E+02   0.100028E+03   0.493729E+01   0.347737E+00  -0.949568E+02
   0.990262E+02   0.997053E+02   0.213125E+01   0.689161E+00  -0.988085E+02
   0.100165E+03   0.100053E+03   0.514221E+00   0.690005E+00  -0.968209E+02
   0.991312E+02   0.100438E+03   0.477739E+01   0.493446E-01  -0.993590E+02
   0.997439E+02   0.998791E+02   0.438692E+01   0.134607E+00  -0.938725E+02
   0.997271E+02   0.998791E+02   0.449387E+01   0.471624E+00  -0.942696E+02
   0.995139E+02   0.100495E+03   0.497062E+01   0.577392E-01  -0.949079E+02
   0.995696E+02   0.100519E+03   0.525696E+01   0.198673E+00  -0.930027E+02
   0.998204E+02   0.100455E+03   0.524781E+01   0.221209E+00  -0.934411E+02
   0.998575E+02   0.996658E+02   0.123736E+01   0.245797E+00  -0.941482E+02
   0.100082E+03   0.996658E+02   0.298222E+00   0.598317E-01  -0.957983E+02
   0.985022E+02   0.997274E+02   0.320979E+00   0.885966E-01  -0.940697E+02
   0.952382E+02   0.100021E+03   0.271509E+00   0.324336E-01  -0.959065E+02
   0.991878E+02   0.995922E+02   0.325611E+01   0.409584E+00  -0.975384E+02
   0.100061E+03   0.994305E+02   0.249314E+01   0.944770E+00  -0.978123E+02
   0.100061E+03   0.993892E+02   0.495421E+01   0.628368E+00  -0.977462E+02
   0.100061E+03   0.998489E+02   0.402096E+01   0.670110E+00  -0.966117E+02
   0.993142E+02   0.100512E+03   0.430846E+01   0.537715E+00  -0.976679E+02
   0.998859E+02   0.100260E+03   0.512095E+01   0.623644E+00  -0.950680E+02
   0.997437E+02   0.100583E+03   0.533210E+01   0.593428E+00  -0.947140E+02
   0.997304E+02   0.100707E+03   0.533834E+01   0.106471E+00  -0.940157E+02
   0.998738E+02   0.997620E+02   0.215939E+01   0.981996E-01  -0.942978E+02
   0.998084E+02   0.996666E+02   0.109329E+01   0.307057E+00  -0.943027E+02
   0.100781E+03   0.100028E+03   0.803033E+00   0.382841E+00  -0.100027E+03
   0.100733E+03   0.100028E+03   0.181946E+00   0.382841E+00  -0.961912E+02
   0.974645E+02   0.996507E+02   0.181946E+00   0.225500E+00  -0.940159E+02
   0.975774E+02   0.996507E+02   0.181946E+00   0.410666E+00  -0.940967E+02
   0.991942E+02   0.999902E+02   0.815217E+00   0.305706E+00  -0.939748E+02
   0.994423E+02   0.996130E+02   0.883508E+00   0.462520E+00  -0.946773E+02
   0.100464E+03   0.996130E+02   0.155606E+01   0.551317E+00  -0.958885E+02
   0.990603E+02   0.995938E+02   0.377652E+00   0.541924E+00  -0.948855E+02
   0.100353E+03   0.995148E+02   0.166174E+01   0.768778E+00  -0.959666E+02
   0.100353E+03   0.998529E+02   0.207378E+01   0.218472E+00  -0.967583E+02
   0.996064E+02   0.999232E+02   0.417019E+01   0.166336E+00  -0.938767E+02
   0.998295E+02   0.100071E+03   0.489346E+01   0.356561E-01  -0.939361E+02
   0.998940E+02   0.102001E+03   0.533719E+01   0.507782E+00  -0.968603E+02
   0.998244E+02   0.999000E+02   0.441443E+00   0.522628E+00  -0.948938E+02
   0.100229E+03   0.999826E+02   0.302475E+01   0.841849E+00  -0.980969E+02
   0.997870E+02   0.998619E+02   0.382182E+01   0.941002E+00  -0.970474E+02
   0.100033E+03   0.996160E+02   0.387111E+01   0.109832E-02  -0.965793E+02
   0.994542E+02   0.100491E+03   0.386278E+01   0.570860E+00  -0.967796E+02
   0.994542E+02   0.100093E+03   0.450108E+01   0.121796E+00  -0.943936E+02
   0.997768E+02   0.999896E+02   0.210764E+01   0.440384E+00  -0.951243E+02
   0.100197E+03   0.999333E+02   0.352466E+01   0.317590E+00  -0.967990E+02
   0.998906E+02   0.999251E+02   0.423674E+01   0.396842E+00  -0.946288E+02
   0.999509E+02   0.995233E+02   0.800491E+00   0.642216E-01  -0.967237E+02
   0.996387E+02   0.999580E+02   0.319148E+00   0.126477E+00  -0.944044E+02
   0.979615E+02   0.997858E+02   0.271752E+00   0.212043E+00  -0.935918E+02
   0.999810E+02   0.997068E+02   0.491780E+00   0.340996E+00  -0.945467E+02
   0.992556E+02   0.998492E+02   0.974013E+00   0.547240E+00  -0.952030E+02
   0.100193E+03   0.100304E+03   0.267865E+01   0.536360E+00  -0.985620E+02
   0.997950E+02   0.994705E+02   0.298459E+01   0.576162E+00  -0.951983E+02
   0.997486E+02   0.996378E+02   0.221854E+01   0.462788E+00  -0.945130E+02
   0.997486E+02   0.997589E+02   0.528352E+01   0.590138E+00  -0.948511E+02
   0.998368E+02   0.101154E+03   0.541431E+01   0.298894E+00  -0.946874E+02
   0.998368E+02   0.990087E+02   0.533149E+01   0.121129E+00  -0.957184E+02
   0.998368E+02   0.993483E+02   0.167273E+01   0.267360E+00  -0.955567E+02
   0.998368E+02   0.100295E+03   0.526069E+01   0.472846E+00  -0.939263E+02
   0.994116E+02   0.100427E+03   0.487514E+01   0.806350E+00  -0.969139E+02
   0.996591E+02   0.100084E+03   0.530859E+01   0.387483E+00  -0.935264E+02
   0.993441E+02   0.996336E+02   0.383809E+01   0.271726E+00  -0.959579E+02
   0.994465E+02   0.996420E+02   0.441312E+01   0.245419E-01  -0.953440E+02
   0.994465E+02   0.101289E+03   0.522055E+01   0.728906E-01  -0.960931E+02
   0.998687E+02   0.100310E+03   0.521850E+01   0.648966E-01  -0.936231E+02
   0.998687E+02   0.999251E+02   0.454009E+01   0.336208E+00  -0.944101E+02
   0.996207E+02   0.999020E+02   0.155222E+01   0.659042E+00  -0.959799E+02
   0.993995E+02   0.999020E+02   0.957671E+00   0.787446E+00  -0.963308E+02
   0.993995E+02   0.100388E+03   0.482991E+01   0.446617E+00  -0.955405E+02
   0.995695E+02   0.996800E+02   0.524889E+01   0.195061E+00  -0.946433E+02
   0.996952E+02   0.100494E+03   0.520746E+01   0.862539E-01  -0.930334E+02
   0.997922E+02   0.101087E+03   0.520746E+01   0.360823E+00  -0.946307E+02
   0.996300E+02   0.999510E+02   0.269404E+01   0.886653E-01  -0.940349E+02
   0.996359E+02   0.100371E+03   0.319412E+01   0.117222E-01  -0.964737E+02
   0.995405E+02   0.101259E+03   0.517840E+01   0.414953E+00  -0.954291E+02
   0.997948E+02   0.998142E+02   0.152671E+01   0.492112E+00  -0.946302E+02
   0.994656E+02   0.999151E+02   0.345326E+01   0.539936E+00  -0.955361E+02
   0.994002E+02   0.997023E+02   0.180194E+01   0.215326E+00  -0.957536E+02
   0.999479E+02   0.995436E+02   0.303433E+01   0.680626E+00  -0.955960E+02
   0.999983E+02   0.998168E+02   0.428065E+01   0.358176E+00  -0.954038E+02
   0.998840E+02   0.996774E+02   0.403623E+01   0.515891E+00  -0.952466E+02
   0.994683E+02   0.100109E+03   0.549304E+00   0.726138E+00  -0.968853E+02
   0.993995E+02   0.994181E+02   0.309073E+01   0.129282E+00  -0.970398E+02
   0.986161E+02   0.998566E+02   0.372444E+00   0.637699E+00  -0.949990E+02
   0.995706E+02   0.998101E+02   0.416013E+00   0.548997E+00  -0.945459E+02
   0.988642E+02   0.997041E+02   0.207735E+00   0.350369E+00  -0.939625E+02
   0.994452E+02   0.997041E+02   0.830914E+00   0.381131E+00  -0.940713E+02
   0.992174E+02   0.996557E+02   0.211795E+00   0.355766E+00  -0.942862E+02
   0.980080E+02   0.995228E+02   0.235106E+00   0.597466E+00  -0.952595E+02
   0.978189E+02   0.995404E+02   0.235106E+00   0.173678E-01  -0.949656E+02
   0.986496E+02   0.996885E+02   0.419376E+00   0.871785E+00  -0.964483E+02
   0.998194E+02   0.992722E+02   0.231914E+01   0.277780E+00  -0.966605E+02
   0.101877E+03   0.100099E+03   0.271422E+00   0.430526E+00  -0.982466E+02
   0.995111E+02   0.100564E+03   0.524065E+01   0.340048E+00  -0.939012E+02
   0.995111E+02   0.100097E+03   0.402291E+01   0.312886E+00  -0.942332E+02
   0.999004E+02   0.100146E+03   0.457482E+01   0.242902E+00  -0.948049E+02
   0.996052E+02   0.100171E+03   0.399080E+01   0.274492E+00  -0.943117E+02
   0.997604E+02   0.999630E+02   0.508385E+01   0.210707E+00  -0.937688E+02
   0.100177E+03   0.994756E+02   0.259958E+01   0.386575E+00  -0.969151E+02
   0.997454E+02   0.995191E+02   0.575741E+00   0.428233E+00  -0.955320E+02
   0.997663E+02   0.999464E+02   0.515400E+01   0.119713E+00  -0.936524E+02
   0.997663E+02   0.101296E+03   0.515400E+01   0.185075E+00  -0.949374E+02
   0.994969E+02   0.100478E+03   0.480648E+01   0.693477E+00  -0.960344E+02
   0.995590E+02   0.998981E+02   0.352261E+01   0.546070E+00  -0.951119E+02
   0.995590E+02   0.996231E+02   0.539550E+00   0.599283E+00  -0.951282E+02
   0.997053E+02   0.101209E+03   0.522367E+01   0.819301E+00  -0.967165E+02
   0.997053E+02   0.102195E+03   0.522367E+01   0.354477E+00  -0.100409E+03
   0.997053E+02   0.100607E+03   0.507911E+01   0.429535E+00  -0.946290E+02
   0.100043E+03   0.994717E+02   0.109774E+01   0.285724E+00  -0.954917E+02
   0.979854E+02   0.994717E+02   0.267382E+00   0.570687E+00  -0.956108E+02
   0.960655E+02   0.996967E+02   0.267382E+00   0.258493E+00  -0.943623E+02
   0.992544E+02   0.999172E+02   0.952602E+00   0.639617E+00  -0.948258E+02
   0.992960E+02   0.999172E+02   0.240768E+00   0.106989E+00  -0.942304E+02
   0.972016E+02   0.997209E+02   0.240768E+00   0.434134E+00  -0.939756E+02
   0.949973E+02   0.998093E+02   0.240768E+00   0.210565E+00  -0.950770E+02
   0.967923E+02   0.998553E+02   0.240768E+00   0.243631E+00  -0.939044E+02
   0.980492E+02   0.997052E+02   0.420650E+00   0.538992E+00  -0.952719E+02
   0.999858E+02   0.996692E+02   0.169066E+01   0.742169E+00  -0.952039E+02
   0.996204E+02   0.997481E+02   0.370904E+01   0.793569E+00  -0.959013E+02
   0.996204E+02   0.997666E+02   0.937969E+00   0.212950E+00  -0.938955E+02
   0.995369E+02   0.100591E+03   0.495073E+01   0.450999E+00  -0.954253E+02
   0.100132E+03   0.100031E+03   0.139194E+01   0.338025E+00  -0.958791E+02
   0.994483E+02   0.100008E+03   0.349810E+00   0.131639E+00  -0.945546E+02
   0.994453E+02   0.998080E+02   0.758891E+00   0.487127E-01  -0.935342E+02
   0.993630E+02   0.998080E+02   0.227951E+01   0.859782E+00  -0.976742E+02
   0.996511E+02   0.995073E+02   0.154855E+01   0.495117E+00  -0.950970E+02
   0.996511E+02   0.998050E+02   0.744970E+00   0.800451E-01  -0.939511E+02
   0.994801E+02   0.998015E+02   0.331258E+01   0.517464E+00  -0.950913E+02
   0.100252E+03   0.997742E+02   0.567871E+00   0.341205E+00  -0.953811E+02
   0.996291E+02   0.996283E+02   0.105326E+01   0.297778E+00  -0.946211E+02
   0.997881E+02   0.100269E+03   0.470297E+01   0.482228E+00  -0.945583E+02
   0.992806E+02   0.100823E+03   0.519147E+01   0.523680E+00  -0.966004E+02
   0.995611E+02   0.995834E+02   0.152258E+01   0.362525E+00  -0.949851E+02
   0.999503E+02   0.995834E+02   0.110828E+01   0.213118E+00  -0.946871E+02
   0.996150E+02   0.100100E+03   0.395745E+01   0.447854E-01  -0.939799E+02
   0.997069E+02   0.100614E+03   0.510900E+01   0.117897E+00  -0.937358E+02
   0.995772E+02   0.100183E+03   0.498627E+01   0.588793E+00  -0.947409E+02
   0.998092E+02   0.995593E+02   0.360721E+01   0.948819E+00  -0.972057E+02
   0.994780E+02   0.998170E+02   0.262715E+01   0.285553E+00  -0.947995E+02
   0.998082E+02   0.100018E+03   0.444620E+01   0.999041E-01  -0.939384E+02
   0.995717E+02   0.100018E+03   0.426339E+01   0.262827E+00  -0.940160E+02
   0.999493E+02   0.100057E+03   0.301706E+01   0.491163E+00  -0.956512E+02
   0.999346E+02   0.100311E+03   0.540856E+01   0.457125E+00  -0.948828E+02
   0.999346E+02   0.100043E+03   0.482368E+01   0.299642E+00  -0.946940E+02
   0.998205E+02   0.994815E+02   0.545262E+01   0.765774E-01  -0.946631E+02
   0.993640E+02   0.995627E+02   0.893826E+00   0.870745E+00  -0.967271E+02
   0.998086E+02   0.997550E+02   0.130681E+01   0.404704E-01  -0.941864E+02
   0.100296E+03   0.998643E+02   0.130681E+01   0.836878E+00  -0.968286E+02
   0.997052E+02   0.997480E+02   0.395157E+01   0.255992E+00  -0.941797E+02
   0.995575E+02   0.100239E+03   0.392043E+01   0.597622E+00  -0.953784E+02
   0.995575E+02   0.999714E+02   0.449973E+01   0.987359E-01  -0.938691E+02
   0.995575E+02   0.998296E+02   0.402844E+01   0.263084E+00  -0.940975E+02
   0.996080E+02   0.996993E+02   0.134024E+01   0.198402E+00  -0.945130E+02
   0.997425E+02   0.991320E+02   0.459429E+01   0.511528E+00  -0.968406E+02
   0.997425E+02   0.100228E+03   0.516808E+01   0.227622E+00  -0.931547E+02
   0.992193E+02   0.996272E+02   0.659421E+00   0.659554E-01  -0.947607E+02
   0.995396E+02   0.994829E+02   0.151527E+01   0.659554E-01  -0.958203E+02
   0.993021E+02   0.998861E+02   0.279532E+00   0.311819E+00  -0.941760E+02
   0.960708E+02   0.100084E+03   0.279532E+00   0.161389E+00  -0.958972E+02
   0.981492E+02   0.999504E+02   0.279532E+00   0.227978E+00  -0.941163E+02
   0.100002E+03   0.996945E+02   0.267172E+01   0.350606E+00  -0.953578E+02
   0.100002E+03   0.994624E+02   0.294851E+01   0.666561E-01  -0.970299E+02
   0.995697E+02   0.993422E+02   0.353379E+01   0.995717E+00  -0.981675E+02
   0.999244E+02   0.101638E+03   0.540188E+01   0.688599E+00  -0.968103E+02
   0.999277E+02   0.100353E+03   0.442512E+01   0.317678E+00  -0.954953E+02
   0.999277E+02   0.999720E+02   0.602232E+00   0.795464E-01  -0.948773E+02
   0.996180E+02   0.100043E+03   0.109237E+01   0.378944E+00  -0.958354E+02
   0.993884E+02   0.998610E+02   0.349960E+01   0.416921E+00  -0.957148E+02
   0.993884E+02   0.998795E+02   0.237859E+01   0.144814E+00  -0.958593E+02
   0.996557E+02   0.100309E+03   0.328176E+01   0.601920E+00  -0.965935E+02
   0.995568E+02   0.997015E+02   0.501802E+01   0.367560E+00  -0.946023E+02
   0.995568E+02   0.100527E+03   0.427431E+01   0.722836E+00  -0.972002E+02
   0.994448E+02   0.100485E+03   0.502867E+01   0.399389E+00  -0.954333E+02
   0.986453E+02   0.998717E+02   0.804222E+00   0.274571E+00  -0.949562E+02
   0.994979E+02   0.996482E+02   0.161003E+01   0.301180E+00  -0.950492E+02
   0.100325E+03   0.999851E+02   0.113423E+01   0.301180E+00  -0.961002E+02
   0.994566E+02   0.999851E+02   0.353565E+00   0.387421E+00  -0.946150E+02
   0.997248E+02   0.996466E+02   0.125517E+01   0.543163E+00  -0.947412E+02
   0.990844E+02   0.996748E+02   0.951219E+00   0.949172E-01  -0.943880E+02
   0.990844E+02   0.999951E+02   0.861247E+00   0.375038E+00  -0.943588E+02
   0.996111E+02   0.100130E+03   0.465518E+01   0.245216E+00  -0.937928E+02
   0.996111E+02   0.100875E+03   0.532847E+01   0.850160E-01  -0.945530E+02
   0.998005E+02   0.100659E+03   0.532847E+01   0.152669E+00  -0.940265E+02
   0.995623E+02   0.997713E+02   0.188142E+01   0.293818E+00  -0.948770E+02
   0.971067E+02   0.998345E+02   0.290510E+00   0.415441E-01  -0.906981E+02
   0.982828E+02   0.998345E+02   0.290510E+00   0.525777E+00  -0.921209E+02
   0.975794E+02   0.997197E+02   0.290510E+00   0.929763E-01  -0.909913E+02
   0.983196E+02   0.996439E+02   0.290510E+00   0.325163E+00  -0.921320E+02
   0.988893E+02   0.998809E+02   0.290510E+00   0.201794E+00  -0.920134E+02
   0.968990E+02   0.100456E+03   0.290510E+00   0.668252E+00  -0.984176E+02
   0.979879E+02   0.995424E+02   0.290510E+00   0.339241E+00  -0.928048E+02
   0.979688E+02   0.998086E+02   0.290510E+00   0.574806E+00  -0.921823E+02
   0.962346E+02   0.994608E+02   0.290510E+00   0.214381E+00  -0.946852E+02
   0.971218E+02   0.995548E+02   0.276321E+00   0.297237E+00  -0.947632E+02
   0.960695E+02   0.996214E+02   0.276321E+00   0.432051E+00  -0.948168E+02
   0.971850E+02   0.996214E+02   0.276321E+00   0.610155E+00  -0.948098E+02
   0.982021E+02   0.993724E+02   0.276321E+00   0.220814E+00  -0.970875E+02
   0.981348E+02   0.994233E+02   0.284183E+00   0.856137E+00  -0.971940E+02
   0.101511E+03   0.998614E+02   0.284183E+00   0.162866E+00  -0.959617E+02
   0.993842E+02   0.999555E+02   0.156663E+01   0.192639E+00  -0.963163E+02
   0.995342E+02   0.100154E+03   0.265437E+01   0.469089E+00  -0.954359E+02
   0.995342E+02   0.100315E+03   0.459627E+01   0.385072E+00  -0.945003E+02
   0.995342E+02   0.997919E+02   0.548267E+01   0.292568E+00  -0.950216E+02
   0.995092E+02   0.100184E+03   0.416934E+01   0.405784E+00  -0.947456E+02
   0.999277E+02   0.100190E+03   0.480017E+01   0.182997E+00  -0.946169E+02
   0.999277E+02   0.100647E+03   0.524752E+01   0.418568E+00  -0.946358E+02
   0.979713E+02   0.997378E+02   0.227977E+00   0.325142E+00  -0.937044E+02
   0.100299E+03   0.996074E+02   0.240611E+00   0.485491E+00  -0.953632E+02
   0.996813E+02   0.100735E+03   0.540497E+01   0.388352E+00  -0.942430E+02
   0.995347E+02   0.997492E+02   0.699156E+00   0.937182E-01  -0.939659E+02
   0.997497E+02   0.100848E+03   0.528543E+01   0.236489E-01  -0.928861E+02
   0.996604E+02   0.100648E+03   0.528543E+01   0.236489E-01  -0.926671E+02
   0.100134E+03   0.101012E+03   0.528543E+01   0.397695E+00  -0.969074E+02
   0.995416E+02   0.997598E+02   0.450086E+01   0.421777E+00  -0.944925E+02
   0.998678E+02   0.998475E+02   0.450959E+01   0.125196E-02  -0.944141E+02
   0.998678E+02   0.100160E+03   0.129034E+01   0.160758E+00  -0.966883E+02
   0.998117E+02   0.995550E+02   0.181563E+01   0.586765E+00  -0.947387E+02
   0.998117E+02   0.100026E+03   0.297491E+00   0.457551E+00  -0.951105E+02
   0.970889E+02   0.999045E+02   0.297491E+00   0.108568E+00  -0.907827E+02
   0.960602E+02   0.996257E+02   0.297491E+00   0.152870E+00  -0.930030E+02
   0.966668E+02   0.996257E+02   0.297491E+00   0.260696E+00  -0.921800E+02
   0.980909E+02   0.999588E+02   0.297491E+00   0.162595E+00  -0.911469E+02
   0.982253E+02   0.999588E+02   0.297491E+00   0.114228E+00  -0.912226E+02
   0.100191E+03   0.998005E+02   0.209687E+00   0.389106E+00  -0.946371E+02
   0.998155E+02   0.999395E+02   0.386198E+01   0.489602E+00  -0.945328E+02
   0.995328E+02   0.100114E+03   0.297001E+01   0.158996E+00  -0.947623E+02
   0.995328E+02   0.994581E+02   0.531629E+01   0.611869E+00  -0.958497E+02
   0.996872E+02   0.100130E+03   0.505388E+01   0.101161E+00  -0.936394E+02
   0.996872E+02   0.100694E+03   0.488791E+01   0.377452E+00  -0.954775E+02
   0.994211E+02   0.995273E+02   0.360445E+01   0.253215E+00  -0.960729E+02
   0.991316E+02   0.995273E+02   0.183800E+00   0.316851E+00  -0.951610E+02
   0.989492E+02   0.999553E+02   0.772624E+00   0.153947E+00  -0.941060E+02
   0.998297E+02   0.100602E+03   0.482384E+01   0.420045E+00  -0.954330E+02
   0.996399E+02   0.999693E+02   0.289741E+01   0.122142E+00  -0.940665E+02
   0.996399E+02   0.100314E+03   0.530527E+01   0.125080E+00  -0.928655E+02
   0.997950E+02   0.994399E+02   0.350038E+01   0.384790E+00  -0.952791E+02
   0.997602E+02   0.100169E+03   0.138477E+01   0.355958E+00  -0.965937E+02
   0.997006E+02   0.995785E+02   0.547579E+01   0.355958E+00  -0.945008E+02
   0.996638E+02   0.992371E+02   0.540539E+01   0.259852E+00  -0.951236E+02
   0.995751E+02   0.100541E+03   0.540539E+01   0.426009E+00  -0.945863E+02
   0.997698E+02   0.101067E+03   0.498726E+01   0.712648E+00  -0.984686E+02
   0.997698E+02   0.100061E+03   0.101853E+01   0.778488E+00  -0.969553E+02
   0.998956E+02   0.998057E+02   0.705049E+00   0.975504E+00  -0.974767E+02
   0.996435E+02   0.996475E+02   0.188649E+01   0.538265E+00  -0.948727E+02
   0.100027E+03   0.999843E+02   0.163859E+01   0.560100E-01  -0.951442E+02
   0.997686E+02   0.997681E+02   0.362614E+01   0.519016E+00  -0.946305E+02
   0.996029E+02   0.100325E+03   0.470087E+01   0.139601E+00  -0.940707E+02
   0.994298E+02   0.996114E+02   0.222341E+01   0.199134E+00  -0.956522E+02
   0.996141E+02   0.100349E+03   0.527105E+01   0.158335E+00  -0.929089E+02
   0.997662E+02   0.999949E+02   0.407289E+01   0.102186E+01  -0.977515E+02
   0.998223E+02   0.998199E+02   0.464215E+01   0.436421E+00  -0.944929E+02
   0.998223E+02   0.100257E+03   0.536537E+01   0.126699E+00  -0.939911E+02
   0.993712E+02   0.997718E+02   0.645014E+00   0.126699E+00  -0.938996E+02
   0.100069E+03   0.997066E+02   0.154040E+01   0.488365E+00  -0.944628E+02
   0.992200E+02   0.998295E+02   0.369514E+01   0.106484E+00  -0.967324E+02
   0.993253E+02   0.997639E+02   0.446174E+01   0.793575E-01  -0.958248E+02
   0.996953E+02   0.100063E+03   0.215040E+01   0.160364E+00  -0.952448E+02
   0.996953E+02   0.100063E+03   0.530186E+01   0.590455E-01  -0.932244E+02
   0.988564E+02   0.998586E+02   0.945219E+00   0.342491E+00  -0.944799E+02
   0.987819E+02   0.998586E+02   0.945219E+00   0.250089E+00  -0.946779E+02
   0.988610E+02   0.998586E+02   0.947150E+00   0.185911E+00  -0.943900E+02
   0.993902E+02   0.996930E+02   0.212540E+01   0.207038E+00  -0.955091E+02
   0.998038E+02   0.995350E+02   0.146436E+01   0.411871E+00  -0.946109E+02
   0.995685E+02   0.997049E+02   0.129794E+01   0.538210E+00  -0.950142E+02
   0.997215E+02   0.997773E+02   0.512709E+01   0.292044E+00  -0.941009E+02
   0.997215E+02   0.100122E+03   0.500030E+01   0.374907E+00  -0.939170E+02
   0.994138E+02   0.998962E+02   0.225327E+01   0.763611E+00  -0.970734E+02
   0.998960E+02   0.996748E+02   0.269324E+01   0.515808E+00  -0.950964E+02
   0.998960E+02   0.100128E+03   0.520665E+01   0.484570E+00  -0.945598E+02
   0.995929E+02   0.997500E+02   0.220460E+01   0.121337E+00  -0.944878E+02
   0.998282E+02   0.100059E+03   0.457685E+01   0.954974E-01  -0.942786E+02
   0.996107E+02   0.100129E+03   0.355533E+01   0.108169E+00  -0.950040E+02
   0.100025E+03   0.993651E+02   0.262681E+01   0.592110E+00  -0.966706E+02
   0.994678E+02   0.100210E+03   0.479435E+01   0.193723E-01  -0.945117E+02
   0.995300E+02   0.998053E+02   0.307659E+01   0.122769E+00  -0.945405E+02
   0.972580E+02   0.998053E+02   0.277029E+00   0.595618E-02  -0.936566E+02
   0.996304E+02   0.997122E+02   0.277029E+00   0.404968E+00  -0.943566E+02
   0.996304E+02   0.996318E+02   0.381945E+01   0.751132E+00  -0.958207E+02
   0.100359E+03   0.999120E+02   0.207258E+01   0.698261E+00  -0.973340E+02
   0.987434E+02   0.996408E+02   0.385977E+00   0.307179E+00  -0.943281E+02
   0.100277E+03   0.996408E+02   0.149581E+01   0.521981E+00  -0.950419E+02
   0.992231E+02   0.998077E+02   0.364845E+01   0.521981E+00  -0.971840E+02
   0.997008E+02   0.100755E+03   0.547658E+01   0.308990E+00  -0.939499E+02
   0.997008E+02   0.101459E+03   0.547658E+01   0.744612E+00  -0.957457E+02
   0.997609E+02   0.998131E+02   0.326397E+01   0.745085E+00  -0.956523E+02
   0.998682E+02   0.997121E+02   0.196007E+01   0.185470E+00  -0.941454E+02
   0.998954E+02   0.998570E+02   0.515211E+01   0.539330E+00  -0.950946E+02
   0.998954E+02   0.996679E+02   0.165208E+01   0.314780E+00  -0.939990E+02
   0.996423E+02   0.100023E+03   0.443076E+01   0.748885E-01  -0.936753E+02
   0.997614E+02   0.100295E+03   0.500819E+01   0.399235E+00  -0.942428E+02
   0.997614E+02   0.100765E+03   0.525895E+01   0.487033E+00  -0.936850E+02
   0.998150E+02   0.998831E+02   0.208607E+01   0.439055E+00  -0.946511E+02
   0.998150E+02   0.988957E+02   0.532170E+01   0.352917E+00  -0.958405E+02
   0.998150E+02   0.999730E+02   0.515573E+01   0.319684E+00  -0.939164E+02
   0.996325E+02   0.101237E+03   0.536994E+01   0.146005E+00  -0.949061E+02
   0.996402E+02   0.994814E+02   0.484692E+01   0.771708E-01  -0.954094E+02
   0.993781E+02   0.995637E+02   0.281541E+01   0.181424E-02  -0.959797E+02
   0.100246E+03   0.996413E+02   0.115336E+01   0.686982E+00  -0.956476E+02
   0.997007E+02   0.999199E+02   0.439401E+01   0.496012E+00  -0.942927E+02
   0.999585E+02   0.996107E+02   0.431807E+01   0.714424E+00  -0.964125E+02
   0.999585E+02   0.997956E+02   0.280064E+01   0.103150E+00  -0.948975E+02
   0.100434E+03   0.998272E+02   0.395857E+00   0.399558E-01  -0.955555E+02
   0.986888E+02   0.996229E+02   0.395857E+00   0.640955E+00  -0.952226E+02
   0.995708E+02   0.100172E+03   0.817677E+00   0.618419E+00  -0.962539E+02
   0.100482E+03   0.995360E+02   0.154863E+01   0.760553E+00  -0.966126E+02
   0.996426E+02   0.993416E+02   0.474088E+01   0.794533E+00  -0.967669E+02
   0.100146E+03   0.998051E+02   0.211913E+01   0.236336E+00  -0.951981E+02
   0.997851E+02   0.100355E+03   0.534028E+01   0.145208E+00  -0.939085E+02
   0.988948E+02   0.998977E+02   0.330593E+00   0.251150E+00  -0.938700E+02
   0.973854E+02   0.999885E+02   0.183057E+00   0.176293E+00  -0.944109E+02
   0.997187E+02   0.992563E+02   0.153174E+01   0.574839E+00  -0.967078E+02
   0.994771E+02   0.100482E+03   0.442288E+01   0.302247E+00  -0.957471E+02
   0.997817E+02   0.100923E+03   0.511899E+01   0.330472E-02  -0.951047E+02
   0.997817E+02   0.995653E+02   0.371684E+01   0.492628E+00  -0.951718E+02
   0.100482E+03   0.997350E+02   0.104318E+01   0.228169E+00  -0.968077E+02
   0.999890E+02   0.998772E+02   0.596917E+00   0.222083E+00  -0.946628E+02
   0.996920E+02   0.100789E+03   0.517606E+01   0.750939E+00  -0.954853E+02
   0.996920E+02   0.100817E+03   0.488139E+01   0.470594E+00  -0.962795E+02
   0.100488E+03   0.994140E+02   0.115518E+01   0.157898E+00  -0.981740E+02
   0.995809E+02   0.100101E+03   0.387773E+01   0.239947E-01  -0.939154E+02
   0.997780E+02   0.100513E+03   0.455245E+01   0.329712E+00  -0.956244E+02
   0.995961E+02   0.101094E+03   0.527988E+01   0.329712E+00  -0.936560E+02
   0.994997E+02   0.100847E+03   0.522035E+01   0.339406E+00  -0.943623E+02
   0.998245E+02   0.998867E+02   0.234051E+01   0.921785E+00  -0.971398E+02
   0.100044E+03   0.999553E+02   0.473732E+01   0.738768E+00  -0.968259E+02
   0.998104E+02   0.999078E+02   0.192420E+01   0.499295E+00  -0.950187E+02
   0.996953E+02   0.100979E+03   0.530967E+01   0.295734E+00  -0.932609E+02
   0.996875E+02   0.100131E+03   0.467303E+01   0.261146E+00  -0.937372E+02
   0.993640E+02   0.100579E+03   0.462146E+01   0.455901E+00  -0.965545E+02
   0.100025E+03   0.100519E+03   0.466705E+01   0.121717E+00  -0.964933E+02
   0.100059E+03   0.995933E+02   0.494920E+01   0.244782E-01  -0.970317E+02
   0.995624E+02   0.994624E+02   0.414169E+01   0.326141E+00  -0.955872E+02
   0.997025E+02   0.999008E+02   0.128531E+01   0.608981E+00  -0.954701E+02
   0.981416E+02   0.995475E+02   0.204642E+00   0.268852E+00  -0.947453E+02
   0.994733E+02   0.998936E+02   0.267664E+01   0.608801E+00  -0.952789E+02
   0.994733E+02   0.100017E+03   0.731811E+00   0.397829E+00  -0.947112E+02
   0.996757E+02   0.100037E+03   0.276824E+01   0.597752E+00  -0.952184E+02
   0.999006E+02   0.994951E+02   0.340045E+01   0.385731E+00  -0.952821E+02
   0.999006E+02   0.100492E+03   0.504753E+01   0.452259E+00  -0.953283E+02
   0.994601E+02   0.999350E+02   0.446430E+01   0.211384E+00  -0.943755E+02
   0.992949E+02   0.998521E+02   0.295946E+00   0.118287E+00  -0.927896E+02
   0.967562E+02   0.100142E+03   0.295946E+00   0.105981E+00  -0.926607E+02
   0.985039E+02   0.994764E+02   0.295946E+00   0.516757E+00  -0.942808E+02
   0.977483E+02   0.100075E+03   0.295946E+00   0.434153E+00  -0.923492E+02
   0.956629E+02   0.999553E+02   0.183339E+00   0.383422E+00  -0.951397E+02
   0.988170E+02   0.998179E+02   0.404474E+00   0.113403E+00  -0.936877E+02
   0.100161E+03   0.998179E+02   0.198861E+00   0.492509E+00  -0.948503E+02
   0.100160E+03   0.100049E+03   0.301157E+01   0.319981E+00  -0.964628E+02
   0.987195E+02   0.999259E+02   0.652080E+00   0.690352E+00  -0.964735E+02
   0.101558E+03   0.998058E+02   0.239206E+00   0.233242E+00  -0.959257E+02
