res1           res2           tau1           Y1_gamma1      LogPost        
   0.264620E+03   0.130672E+03   0.889508E+01   0.267042E+03  -0.197127E+02
   0.269811E+03   0.192599E+03   0.940064E+01   0.302636E+03  -0.202373E+02
   0.288235E+03   0.153298E+03   0.921709E+01   0.322958E+03  -0.204259E+02
   0.294485E+03   0.157524E+03   0.916047E+01   0.395636E+03  -0.209389E+02
   0.298796E+03   0.171178E+03   0.950496E+01   0.418928E+03  -0.210987E+02
   0.295986E+03   0.230445E+03   0.936492E+01   0.438093E+03  -0.212378E+02
   0.256684E+03   0.211838E+03   0.912561E+01   0.438767E+03  -0.211302E+02
   0.258902E+03   0.244390E+03   0.945232E+01   0.380839E+03  -0.208176E+02
   0.281564E+03   0.223461E+03   0.914392E+01   0.361549E+03  -0.207239E+02
   0.276853E+03   0.169538E+03   0.925354E+01   0.361208E+03  -0.206704E+02
   0.263361E+03   0.199048E+03   0.913570E+01   0.364237E+03  -0.206757E+02
   0.271436E+03   0.190843E+03   0.916571E+01   0.366774E+03  -0.207074E+02
   0.281841E+03   0.189690E+03   0.913361E+01   0.281186E+03  -0.199688E+02
   0.324259E+03   0.191578E+03   0.950381E+01   0.271812E+03  -0.202801E+02
   0.336904E+03   0.197104E+03   0.894984E+01   0.254453E+03  -0.199304E+02
   0.265753E+03   0.175293E+03   0.965412E+01   0.224632E+03  -0.195686E+02
   0.302790E+03   0.219403E+03   0.914836E+01   0.247012E+03  -0.200418E+02
   0.338927E+03   0.216508E+03   0.927739E+01   0.269743E+03  -0.203943E+02
   0.279433E+03   0.246727E+03   0.911045E+01   0.257440E+03  -0.199502E+02
   0.343987E+03   0.284899E+03   0.943860E+01   0.260137E+03  -0.205337E+02
   0.383740E+03   0.302495E+03   0.942532E+01   0.255315E+03  -0.208873E+02
   0.407504E+03   0.260935E+03   0.949199E+01   0.251831E+03  -0.209892E+02
   0.395544E+03   0.338244E+03   0.969767E+01   0.207284E+03  -0.213768E+02
   0.412034E+03   0.316029E+03   0.969767E+01   0.198105E+03  -0.216139E+02
   0.407223E+03   0.332412E+03   0.907598E+01   0.209500E+03  -0.210312E+02
   0.333567E+03   0.272618E+03   0.890932E+01   0.198581E+03  -0.200232E+02
   0.369050E+03   0.253265E+03   0.894926E+01   0.217921E+03  -0.201225E+02
   0.413081E+03   0.306667E+03   0.894989E+01   0.208515E+03  -0.208250E+02
   0.441793E+03   0.353419E+03   0.949843E+01   0.221084E+03  -0.219238E+02
   0.470384E+03   0.393498E+03   0.897178E+01   0.297237E+03  -0.215510E+02
   0.480644E+03   0.433180E+03   0.881495E+01   0.250578E+03  -0.221863E+02
   0.510678E+03   0.455425E+03   0.920890E+01   0.255366E+03  -0.228692E+02
   0.533650E+03   0.442402E+03   0.910958E+01   0.286135E+03  -0.222551E+02
   0.549583E+03   0.485627E+03   0.897222E+01   0.222721E+03  -0.239160E+02
   0.573543E+03   0.430692E+03   0.883557E+01   0.214196E+03  -0.235929E+02
   0.546399E+03   0.380891E+03   0.920328E+01   0.227143E+03  -0.235697E+02
   0.553881E+03   0.330593E+03   0.883096E+01   0.230385E+03  -0.219571E+02
   0.500344E+03   0.409855E+03   0.883096E+01   0.215289E+03  -0.225904E+02
   0.495243E+03   0.331570E+03   0.900519E+01   0.173251E+03  -0.225061E+02
   0.419122E+03   0.316192E+03   0.956408E+01   0.168126E+03  -0.224406E+02
   0.379915E+03   0.334880E+03   0.969171E+01   0.200366E+03  -0.212186E+02
   0.398281E+03   0.380117E+03   0.886877E+01   0.218432E+03  -0.214241E+02
   0.376981E+03   0.332053E+03   0.955167E+01   0.186031E+03  -0.213405E+02
   0.299270E+03   0.325847E+03   0.891686E+01   0.202920E+03  -0.203544E+02
   0.298190E+03   0.360771E+03   0.893640E+01   0.207654E+03  -0.207307E+02
   0.272330E+03   0.400393E+03   0.913897E+01   0.206039E+03  -0.204473E+02
   0.255241E+03   0.397737E+03   0.895114E+01   0.222325E+03  -0.209442E+02
   0.301180E+03   0.401557E+03   0.956965E+01   0.233463E+03  -0.206444E+02
   0.330380E+03   0.352826E+03   0.908846E+01   0.308443E+03  -0.208721E+02
   0.369048E+03   0.405824E+03   0.959458E+01   0.294711E+03  -0.211495E+02
   0.293273E+03   0.424993E+03   0.944883E+01   0.277181E+03  -0.207701E+02
   0.257045E+03   0.370256E+03   0.901144E+01   0.333656E+03  -0.209286E+02
   0.360130E+03   0.372269E+03   0.890616E+01   0.299094E+03  -0.210311E+02
   0.350878E+03   0.385078E+03   0.932320E+01   0.287062E+03  -0.209563E+02
   0.419844E+03   0.369897E+03   0.902503E+01   0.303320E+03  -0.212135E+02
   0.353826E+03   0.409382E+03   0.933158E+01   0.311610E+03  -0.211065E+02
   0.330359E+03   0.329368E+03   0.945661E+01   0.309360E+03  -0.207619E+02
   0.303016E+03   0.320336E+03   0.934329E+01   0.259551E+03  -0.203702E+02
   0.257710E+03   0.444056E+03   0.960584E+01   0.219714E+03  -0.206256E+02
   0.308523E+03   0.446019E+03   0.892162E+01   0.212453E+03  -0.218863E+02
   0.366695E+03   0.481920E+03   0.899551E+01   0.158411E+03  -0.250171E+02
   0.289196E+03   0.464258E+03   0.944655E+01   0.168544E+03  -0.216379E+02
   0.230509E+03   0.394502E+03   0.925183E+01   0.153472E+03  -0.203366E+02
   0.172446E+03   0.397678E+03   0.928456E+01   0.227402E+03  -0.199660E+02
   0.134389E+03   0.402017E+03   0.929987E+01   0.259488E+03  -0.201101E+02
   0.118617E+03   0.350704E+03   0.919747E+01   0.228099E+03  -0.196395E+02
   0.425181E+02   0.233299E+03   0.958065E+01   0.229164E+03  -0.192944E+02
   0.360687E+02   0.147171E+03   0.951619E+01   0.850080E+02  -0.168644E+02
   0.703557E+02   0.806261E+02   0.891542E+01   0.369106E+02  -0.143865E+02
   0.157511E+03   0.111694E+03   0.907243E+01   0.368909E+02  -0.147275E+02
   0.185347E+03   0.146717E+03   0.925934E+01   0.995624E+02  -0.173183E+02
   0.797471E+02   0.107101E+03   0.946516E+01   0.117318E+02  -0.145452E+02
   0.802150E+02   0.111457E+03   0.923451E+01   0.215408E+02  -0.132983E+02
   0.690700E+02   0.939601E+02   0.923451E+01   0.497100E+02  -0.149964E+02
   0.840439E+02   0.972323E+02   0.905046E+01   0.162071E+02  -0.119878E+02
   0.111495E+03   0.101122E+03   0.929096E+01   0.104330E+02  -0.103310E+02
   0.117276E+03   0.906826E+02   0.951556E+01   0.113970E+02  -0.119615E+02
   0.107834E+03   0.118190E+03   0.966452E+01   0.148271E+02  -0.114453E+02
   0.828200E+02   0.116291E+03   0.881763E+01   0.363126E+02  -0.137910E+02
   0.103769E+03   0.119693E+03   0.931692E+01   0.105193E+02  -0.111011E+02
   0.108468E+03   0.108785E+03   0.961773E+01   0.506007E+01  -0.907492E+01
   0.108641E+03   0.913564E+02   0.953080E+01   0.805692E+01  -0.104212E+02
   0.100851E+03   0.104093E+03   0.887928E+01   0.216760E+01  -0.619744E+01
   0.101190E+03   0.104093E+03   0.882631E+01   0.216760E+01  -0.610983E+01
   0.103609E+03   0.101538E+03   0.969918E+01   0.216760E+01  -0.624929E+01
   0.104376E+03   0.104087E+03   0.946318E+01   0.216760E+01  -0.612290E+01
   0.104376E+03   0.104087E+03   0.966169E+01   0.322458E+01  -0.681486E+01
   0.105145E+03   0.101753E+03   0.923773E+01   0.344787E+01  -0.704355E+01
   0.103196E+03   0.964887E+02   0.888805E+01   0.360711E+02  -0.135670E+02
   0.100050E+03   0.727110E+02   0.955215E+01   0.257300E+02  -0.132308E+02
   0.718394E+02   0.898112E+02   0.957855E+01   0.284504E+02  -0.142150E+02
   0.777963E+02   0.921935E+02   0.901982E+01   0.264214E+02  -0.132448E+02
   0.497444E+02   0.108775E+03   0.942384E+01   0.610962E+02  -0.158969E+02
   0.145318E+03   0.600230E+02   0.921279E+01   0.260332E+02  -0.163820E+02
   0.983226E+02   0.608941E+02   0.936801E+01   0.300757E+02  -0.139958E+02
   0.726987E+02   0.846167E+02   0.935468E+01   0.309188E+02  -0.142770E+02
   0.101028E+03   0.516415E+02   0.914390E+01   0.465184E+02  -0.148949E+02
   0.100350E+03   0.161352E+03   0.907650E+01   0.308071E+02  -0.164426E+02
   0.909890E+02   0.609990E+02   0.886825E+01   0.105311E+03  -0.169049E+02
   0.283703E+02   0.804402E+02   0.950945E+01   0.102980E+03  -0.172287E+02
   0.877649E+02   0.162028E+03   0.958977E+01   0.577868E+02  -0.155308E+02
   0.197828E+02   0.136710E+03   0.899233E+01   0.519879E+02  -0.162641E+02
   0.682344E+02   0.158464E+03   0.928162E+01   0.625006E+02  -0.158891E+02
   0.157365E+03   0.136365E+03   0.913824E+01   0.149573E+03  -0.179311E+02
   0.107881E+03   0.823932E+02   0.897744E+01   0.418227E+02  -0.142476E+02
   0.935360E+02   0.113663E+03   0.900111E+01   0.607675E+02  -0.151133E+02
   0.957053E+02   0.115892E+03   0.898113E+01   0.578159E+02  -0.149761E+02
   0.280966E+02   0.107261E+03   0.947636E+01   0.558142E+02  -0.166902E+02
   0.933269E+02   0.119119E+03   0.967243E+01   0.152266E+02  -0.120160E+02
   0.985935E+02   0.115386E+03   0.964455E+01   0.195340E+02  -0.119714E+02
   0.110534E+03   0.126346E+03   0.971655E+01   0.555476E+02  -0.149108E+02
   0.106257E+03   0.805753E+02   0.957295E+01   0.442258E+02  -0.142591E+02
   0.115093E+03   0.102204E+03   0.916617E+01   0.119161E+02  -0.110435E+02
   0.120376E+03   0.109021E+03   0.944986E+01   0.166329E+02  -0.122029E+02
   0.946583E+02   0.140755E+03   0.936554E+01   0.216797E+02  -0.137000E+02
   0.114586E+03   0.441146E+02   0.964119E+01   0.355449E+02  -0.149316E+02
   0.858784E+02   0.106480E+03   0.939345E+01   0.296845E+02  -0.133261E+02
   0.924775E+02   0.142881E+03   0.935610E+01   0.618115E+02  -0.153745E+02
   0.117399E+03   0.971229E+02   0.918633E+01   0.618524E+02  -0.151821E+02
   0.101488E+03   0.100217E+03   0.955009E+01   0.216125E+02  -0.120151E+02
   0.993334E+02   0.106697E+03   0.890279E+01   0.348104E+01  -0.763712E+01
   0.108468E+03   0.101830E+03   0.958012E+01   0.348104E+01  -0.825118E+01
   0.967468E+02   0.118708E+03   0.910650E+01   0.191523E+02  -0.122210E+02
   0.995159E+02   0.324470E+02   0.889772E+01   0.961099E+02  -0.170166E+02
   0.579057E+02   0.544160E+02   0.969226E+01   0.125593E+03  -0.174678E+02
   0.235238E+02   0.485057E+02   0.889986E+01   0.812940E+02  -0.168999E+02
   0.129175E+03   0.625810E+02   0.960675E+01   0.128811E+03  -0.174189E+02
   0.164881E+03   0.120991E+03   0.897839E+01   0.103606E+03  -0.168848E+02
   0.204888E+03   0.222069E+02   0.936363E+01   0.190381E+03  -0.188734E+02
   0.310006E+03   0.709266E+02   0.925906E+01   0.130859E+03  -0.198804E+02
   0.161607E+03   0.287873E+02   0.944875E+01   0.240048E+03  -0.193043E+02
   0.185382E+02   0.627195E+02   0.895602E+01   0.224852E+03  -0.191078E+02
   0.118980E+03   0.745029E+02   0.890583E+01   0.303480E+03  -0.199141E+02
   0.888307E+00   0.199787E+03   0.881277E+01   0.156271E+03  -0.184954E+02
   0.105737E+03   0.282568E+03   0.930664E+01   0.125060E+03  -0.182735E+02
   0.265941E+02   0.524024E+03   0.969964E+01   0.190936E+03  -0.211085E+02
   0.122437E+03   0.602287E+03   0.917288E+01   0.166754E+03  -0.225992E+02
   0.254658E+03   0.584367E+03   0.928846E+01   0.317430E+03  -0.214114E+02
   0.177722E+03   0.366329E+03   0.896310E+01   0.342968E+03  -0.208764E+02
   0.619358E+01   0.394546E+03   0.886945E+01   0.240606E+03  -0.207396E+02
   0.167850E+03   0.539143E+03   0.942897E+01   0.213905E+03  -0.210197E+02
   0.295952E+03   0.670934E+03   0.916674E+01   0.210181E+03  -0.232818E+02
   0.183465E+03   0.540223E+03   0.947120E+01   0.348304E+03  -0.211553E+02
   0.139442E+03   0.586011E+03   0.943428E+01   0.273369E+03  -0.211663E+02
   0.268916E+02   0.425096E+03   0.938166E+01   0.410742E+03  -0.211536E+02
   0.603682E+02   0.410931E+03   0.933124E+01   0.496851E+03  -0.215815E+02
   0.232744E+03   0.359110E+03   0.954459E+01   0.736474E+03  -0.226533E+02
   0.173321E+03   0.407790E+03   0.949940E+01   0.887058E+03  -0.231856E+02
   0.350579E+03   0.552227E+03   0.912479E+01   0.773673E+03  -0.230965E+02
   0.376392E+03   0.435833E+03   0.916789E+01   0.834196E+03  -0.231222E+02
   0.128072E+03   0.274005E+03   0.971339E+01   0.570143E+03  -0.218412E+02
   0.141661E+03   0.383351E+03   0.966717E+01   0.529119E+03  -0.217158E+02
   0.313225E+03   0.406802E+03   0.940693E+01   0.561779E+03  -0.220346E+02
   0.617694E+03   0.858235E+03   0.940693E+01   0.476012E+03  -0.236748E+02
   0.629510E+03   0.760775E+03   0.926214E+01   0.372039E+03  -0.240693E+02
   0.757240E+03   0.702035E+03   0.892419E+01   0.449370E+03  -0.239094E+02
   0.792639E+03   0.581496E+03   0.905639E+01   0.583468E+03  -0.232313E+02
   0.594684E+03   0.582509E+03   0.902020E+01   0.568011E+03  -0.228666E+02
   0.798446E+03   0.534978E+03   0.913057E+01   0.443298E+03  -0.232143E+02
   0.769594E+03   0.686342E+03   0.947271E+01   0.465166E+03  -0.240157E+02
   0.538277E+03   0.618218E+03   0.919704E+01   0.592202E+03  -0.228237E+02
   0.563263E+03   0.517737E+03   0.936948E+01   0.634526E+03  -0.228522E+02
   0.428124E+03   0.570176E+03   0.892553E+01   0.587728E+03  -0.226667E+02
   0.301921E+03   0.457292E+03   0.964802E+01   0.528777E+03  -0.219326E+02
   0.157068E+03   0.349693E+03   0.940140E+01   0.576914E+03  -0.219296E+02
   0.402449E+02   0.531308E+03   0.914581E+01   0.696355E+03  -0.225920E+02
   0.226358E+02   0.479785E+03   0.967198E+01   0.701547E+03  -0.225744E+02
   0.305107E+03   0.486315E+03   0.925143E+01   0.524752E+03  -0.219587E+02
   0.170036E+03   0.358580E+03   0.904743E+01   0.203904E+03  -0.203169E+02
   0.101239E+03   0.217473E+03   0.962209E+01   0.745975E+02  -0.168713E+02
   0.154387E+03   0.132060E+03   0.882294E+01   0.862430E+02  -0.164110E+02
   0.349555E+02   0.827905E+02   0.900364E+01   0.586427E+02  -0.157757E+02
   0.833455E+02   0.114066E+03   0.904050E+01   0.134884E+02  -0.121003E+02
   0.138627E+03   0.106864E+03   0.881135E+01   0.134884E+02  -0.141514E+02
   0.106264E+03   0.971471E+02   0.959208E+01   0.177907E+02  -0.114794E+02
   0.115447E+03   0.885028E+02   0.905594E+01   0.177429E+02  -0.124693E+02
   0.974570E+02   0.931917E+02   0.880984E+01   0.177429E+02  -0.118484E+02
   0.111469E+03   0.101638E+03   0.964355E+01   0.503414E+01  -0.974762E+01
   0.102217E+03   0.986592E+02   0.924674E+01   0.503414E+01  -0.833863E+01
   0.102217E+03   0.115927E+03   0.971341E+01   0.907330E+01  -0.104775E+02
   0.102217E+03   0.990859E+02   0.950938E+01   0.909869E+00  -0.921384E+01
   0.102217E+03   0.104012E+03   0.902531E+01   0.909869E+00  -0.503426E+01
   0.102217E+03   0.104012E+03   0.902531E+01   0.909869E+00  -0.503426E+01
   0.102217E+03   0.104012E+03   0.902674E+01   0.909869E+00  -0.503426E+01
   0.102217E+03   0.104012E+03   0.892410E+01   0.135024E+01  -0.533472E+01
   0.102217E+03   0.104012E+03   0.897324E+01   0.135024E+01  -0.533472E+01
   0.102217E+03   0.104012E+03   0.900881E+01   0.135024E+01  -0.533472E+01
   0.102217E+03   0.104012E+03   0.904666E+01   0.135024E+01  -0.533472E+01
   0.101157E+03   0.104012E+03   0.913688E+01   0.135024E+01  -0.749714E+01
   0.101157E+03   0.104012E+03   0.908252E+01   0.135024E+01  -0.563369E+01
   0.101157E+03   0.104012E+03   0.952762E+01   0.173831E+01  -0.736328E+01
   0.101157E+03   0.104012E+03   0.890091E+01   0.173831E+01  -0.585025E+01
   0.101157E+03   0.104012E+03   0.883195E+01   0.173831E+01  -0.585025E+01
   0.101157E+03   0.104012E+03   0.888354E+01   0.349391E+01  -0.698968E+01
   0.101157E+03   0.107190E+03   0.883429E+01   0.399905E+01  -0.768557E+01
   0.102165E+03   0.107190E+03   0.900958E+01   0.399905E+01  -0.762952E+01
   0.101528E+03   0.107190E+03   0.971420E+01   0.399905E+01  -0.812768E+01
   0.101528E+03   0.106964E+03   0.883221E+01   0.133320E+01  -0.724089E+01
   0.101528E+03   0.106964E+03   0.909884E+01   0.133320E+01  -0.724089E+01
   0.102227E+03   0.102936E+03   0.955951E+01   0.133320E+01  -0.618844E+01
   0.102227E+03   0.102936E+03   0.905852E+01   0.133320E+01  -0.572155E+01
   0.102469E+03   0.102936E+03   0.919689E+01   0.106697E+01  -0.589359E+01
   0.102469E+03   0.102936E+03   0.945134E+01   0.748515E-01  -0.568579E+01
   0.103724E+03   0.102936E+03   0.940835E+01   0.636799E+00  -0.510446E+01
   0.103724E+03   0.102936E+03   0.940835E+01   0.636799E+00  -0.510446E+01
   0.103724E+03   0.102936E+03   0.964295E+01   0.636799E+00  -0.510446E+01
   0.103724E+03   0.102936E+03   0.946095E+01   0.636799E+00  -0.510446E+01
   0.103724E+03   0.102936E+03   0.968439E+01   0.714842E+00  -0.513483E+01
   0.103111E+03   0.102936E+03   0.914896E+01   0.177982E+01  -0.591201E+01
   0.103111E+03   0.106594E+03   0.941012E+01   0.125722E+01  -0.745315E+01
   0.103111E+03   0.106594E+03   0.971962E+01   0.125722E+01  -0.745315E+01
   0.105203E+03   0.106864E+03   0.941613E+01   0.238795E+01  -0.730260E+01
   0.106470E+03   0.105462E+03   0.892871E+01   0.238795E+01  -0.726180E+01
   0.104622E+03   0.105462E+03   0.894006E+01   0.238795E+01  -0.651937E+01
   0.104622E+03   0.106105E+03   0.930488E+01   0.247118E+01  -0.686412E+01
   0.100634E+03   0.106105E+03   0.901876E+01   0.151994E+01  -0.665358E+01
   0.100480E+03   0.105499E+03   0.881795E+01   0.151994E+01  -0.634452E+01
   0.100772E+03   0.105499E+03   0.903763E+01   0.265032E+01  -0.663291E+01
   0.100772E+03   0.104343E+03   0.926909E+01   0.209365E+01  -0.773965E+01
   0.100772E+03   0.104343E+03   0.906619E+01   0.209365E+01  -0.616768E+01
   0.100772E+03   0.103412E+03   0.904288E+01   0.209365E+01  -0.629677E+01
   0.108144E+03   0.986046E+02   0.969996E+01   0.683685E+01  -0.916072E+01
   0.106602E+03   0.984589E+02   0.889228E+01   0.242746E+02  -0.124096E+02
   0.982156E+02   0.948394E+02   0.917368E+01   0.937125E+01  -0.103244E+02
   0.102073E+03   0.103847E+03   0.963763E+01   0.567821E+01  -0.829139E+01
   0.911689E+02   0.110683E+03   0.881624E+01   0.394950E+02  -0.138552E+02
   0.150593E+03   0.584144E+02   0.969929E+01   0.369954E+02  -0.158846E+02
   0.623462E+02   0.151814E+03   0.933079E+01   0.446317E+02  -0.156333E+02
   0.964562E+02   0.112529E+03   0.933736E+01   0.150428E+02  -0.113805E+02
   0.120014E+03   0.871255E+02   0.954446E+01   0.316288E+02  -0.134983E+02
   0.101843E+03   0.827886E+02   0.969839E+01   0.207543E+02  -0.123590E+02
   0.770843E+02   0.107245E+03   0.892594E+01   0.211100E+02  -0.126647E+02
   0.123436E+03   0.702201E+02   0.964714E+01   0.228172E+02  -0.138847E+02
   0.110283E+03   0.392667E+02   0.933175E+01   0.462644E+02  -0.152299E+02
   0.983923E+02   0.349754E+02   0.962028E+01   0.281393E+02  -0.157422E+02
   0.928470E+02   0.124577E+03   0.908712E+01   0.136418E+02  -0.130141E+02
   0.893427E+02   0.709638E+02   0.929393E+01   0.418074E+02  -0.143820E+02
   0.718308E+02   0.190529E+03   0.886660E+01   0.112415E+03  -0.175466E+02
   0.100850E+03   0.169802E+03   0.927568E+01   0.191418E+03  -0.185814E+02
   0.104061E+02   0.471755E+02   0.937180E+01   0.954813E+02  -0.175724E+02
   0.287347E+02   0.934600E+02   0.887472E+01   0.513687E+02  -0.156565E+02
   0.113020E+03   0.430190E+02   0.920995E+01   0.530308E+02  -0.153395E+02
   0.113947E+03   0.246773E+03   0.969555E+01   0.104851E+03  -0.176624E+02
   0.128241E+03   0.886162E+02   0.923737E+01   0.772673E+02  -0.159131E+02
   0.135308E+03   0.517342E+02   0.928918E+01   0.404824E+02  -0.152524E+02
   0.812732E+02   0.813825E+02   0.959188E+01   0.355774E+02  -0.140805E+02
   0.993736E+02   0.753119E+02   0.968189E+01   0.215230E+02  -0.128584E+02
   0.117148E+03   0.106425E+03   0.881372E+01   0.122615E+02  -0.110288E+02
   0.120765E+03   0.122333E+03   0.883604E+01   0.390941E+02  -0.140729E+02
   0.951027E+02   0.940502E+02   0.938627E+01   0.213907E+02  -0.122314E+02
   0.104606E+03   0.925463E+02   0.899693E+01   0.120122E+02  -0.112400E+02
   0.109551E+03   0.996804E+02   0.904172E+01   0.158228E+02  -0.112499E+02
   0.849589E+02   0.998362E+02   0.891168E+01   0.339445E+02  -0.134901E+02
   0.811747E+01   0.122052E+03   0.883520E+01   0.658392E+02  -0.164207E+02
   0.139069E+03   0.107800E+03   0.938835E+01   0.487214E+02  -0.149312E+02
   0.877989E+02   0.121180E+03   0.937413E+01   0.534494E+02  -0.148477E+02
   0.844034E+02   0.979203E+02   0.905754E+01   0.112798E+02  -0.116932E+02
   0.103683E+03   0.131610E+03   0.949051E+01   0.127750E+02  -0.129064E+02
   0.103683E+03   0.955626E+02   0.948309E+01   0.366066E+01  -0.893575E+01
   0.104550E+03   0.109149E+03   0.924526E+01   0.352098E+01  -0.827606E+01
   0.104550E+03   0.106239E+03   0.953956E+01   0.352098E+01  -0.732471E+01
   0.104550E+03   0.106239E+03   0.935330E+01   0.266843E+01  -0.697188E+01
   0.103800E+03   0.106239E+03   0.885571E+01   0.139270E+01  -0.642817E+01
   0.103800E+03   0.926106E+02   0.925339E+01   0.496273E+01  -0.987927E+01
   0.103800E+03   0.103347E+03   0.922591E+01   0.496273E+01  -0.780141E+01
   0.103800E+03   0.103347E+03   0.889792E+01   0.496273E+01  -0.784011E+01
   0.984899E+02   0.110613E+03   0.940404E+01   0.114477E+02  -0.105815E+02
   0.106871E+03   0.108946E+03   0.949864E+01   0.962807E+01  -0.986782E+01
   0.107927E+03   0.119677E+03   0.946998E+01   0.996128E+01  -0.112082E+02
   0.104530E+03   0.113821E+03   0.883898E+01   0.162414E+02  -0.114716E+02
   0.958972E+02   0.131719E+03   0.919061E+01   0.271305E+02  -0.133185E+02
   0.842488E+02   0.800439E+02   0.920333E+01   0.392453E+02  -0.142029E+02
   0.107164E+03   0.101507E+03   0.912557E+01   0.163614E+02  -0.112332E+02
   0.971848E+02   0.609842E+02   0.967038E+01   0.152397E+02  -0.149564E+02
   0.116215E+03   0.595738E+02   0.923941E+01   0.186005E+02  -0.146733E+02
   0.105417E+03   0.958627E+02   0.966010E+01   0.867553E+01  -0.967194E+01
   0.825405E+02   0.108709E+03   0.950540E+01   0.204158E+02  -0.129871E+02
   0.628515E+02   0.111152E+03   0.902297E+01   0.280969E+02  -0.138267E+02
   0.962926E+02   0.941277E+02   0.911256E+01   0.201723E+02  -0.120958E+02
   0.433654E+02   0.103447E+03   0.928109E+01   0.565507E+02  -0.160243E+02
   0.774231E+02   0.163297E+03   0.921756E+01   0.985013E+02  -0.167889E+02
   0.269347E+01   0.153828E+03   0.893471E+01   0.638013E+02  -0.170488E+02
   0.720420E+02   0.978937E+02   0.960038E+01   0.319848E+02  -0.141863E+02
   0.886098E+02   0.115813E+03   0.884341E+01   0.217873E+02  -0.124860E+02
   0.102025E+03   0.926480E+02   0.890988E+01   0.116682E+02  -0.111828E+02
   0.104829E+03   0.932282E+02   0.970892E+01   0.191314E+02  -0.117600E+02
   0.115612E+03   0.310988E+01   0.937076E+01   0.126676E+03  -0.176014E+02
   0.426636E+02   0.104550E+03   0.970644E+01   0.547690E+02  -0.160340E+02
   0.980179E+02   0.185077E+03   0.967048E+01   0.639451E+02  -0.160639E+02
   0.110126E+03   0.122812E+03   0.971907E+01   0.286728E+02  -0.131096E+02
   0.109213E+03   0.146819E+03   0.913641E+01   0.470536E+02  -0.147561E+02
   0.110490E+03   0.159245E+03   0.905480E+01   0.419323E+02  -0.156863E+02
   0.870986E+02   0.121594E+03   0.956889E+01   0.316145E+02  -0.135902E+02
   0.114521E+03   0.144960E+03   0.961725E+01   0.309230E+02  -0.140822E+02
   0.102548E+03   0.994649E+02   0.970110E+01   0.433363E+01  -0.790346E+01
   0.102548E+03   0.104248E+03   0.967226E+01   0.223777E+01  -0.651101E+01
   0.104135E+03   0.104248E+03   0.882697E+01   0.223777E+01  -0.616038E+01
   0.104135E+03   0.105839E+03   0.929993E+01   0.344140E+01  -0.719272E+01
   0.102772E+03   0.105839E+03   0.949964E+01   0.595138E+01  -0.843201E+01
   0.104961E+03   0.105839E+03   0.932271E+01   0.281854E+00  -0.783862E+01
   0.104961E+03   0.100983E+03   0.931027E+01   0.281854E+00  -0.694189E+01
   0.104961E+03   0.990935E+02   0.930118E+01   0.117098E+01  -0.823357E+01
   0.104961E+03   0.104396E+03   0.937036E+01   0.117098E+01  -0.594682E+01
   0.104961E+03   0.104396E+03   0.892713E+01   0.339164E+01  -0.703651E+01
   0.100788E+03   0.104396E+03   0.885486E+01   0.205658E+01  -0.614157E+01
   0.100788E+03   0.105869E+03   0.884832E+01   0.125956E+01  -0.644789E+01
   0.103220E+03   0.105869E+03   0.884832E+01   0.380173E+01  -0.722596E+01
   0.103220E+03   0.102448E+03   0.892654E+01   0.221803E+01  -0.649544E+01
   0.103220E+03   0.102448E+03   0.890064E+01   0.221803E+01  -0.649544E+01
   0.103220E+03   0.102448E+03   0.895804E+01   0.221803E+01  -0.649544E+01
   0.106433E+03   0.102448E+03   0.918309E+01   0.270310E+01  -0.697715E+01
   0.106433E+03   0.102448E+03   0.966454E+01   0.536828E+01  -0.815571E+01
   0.107938E+03   0.102448E+03   0.966666E+01   0.461336E+01  -0.819409E+01
   0.107639E+03   0.102443E+03   0.884302E+01   0.461336E+01  -0.829926E+01
   0.107639E+03   0.101339E+03   0.913035E+01   0.285685E+01  -0.863146E+01
   0.985692E+02   0.106923E+03   0.913035E+01   0.412463E+01  -0.805226E+01
   0.108834E+03   0.999468E+02   0.894731E+01   0.412463E+01  -0.937454E+01
   0.123777E+03   0.953149E+02   0.901450E+01   0.146097E+02  -0.122583E+02
   0.139855E+03   0.110423E+03   0.967816E+01   0.206269E+02  -0.148688E+02
   0.928442E+02   0.879160E+02   0.933207E+01   0.475488E+02  -0.144535E+02
   0.989021E+02   0.948458E+02   0.917499E+01   0.561299E+01  -0.997909E+01
   0.109254E+03   0.122362E+03   0.925521E+01   0.119277E+02  -0.116971E+02
   0.193860E+03   0.141831E+03   0.912541E+01   0.594818E+02  -0.165840E+02
   0.106392E+03   0.877988E+02   0.970808E+01   0.158869E+02  -0.115538E+02
   0.125785E+03   0.803810E+02   0.963454E+01   0.277173E+02  -0.136645E+02
   0.857710E+02   0.122421E+02   0.927932E+01   0.421493E+02  -0.164968E+02
   0.185374E+03   0.169786E+03   0.947528E+01   0.688765E+02  -0.173087E+02
   0.253001E+03   0.225087E+02   0.902491E+01   0.114340E+03  -0.183537E+02
   0.200920E+03   0.827606E+02   0.890334E+01   0.155266E+03  -0.181124E+02
   0.138254E+03   0.359559E+02   0.937600E+01   0.122707E+03  -0.174128E+02
   0.702388E+02   0.138452E+03   0.945684E+01   0.531613E+02  -0.153103E+02
   0.641781E+02   0.987108E+02   0.905226E+01   0.633422E+02  -0.153965E+02
   0.924420E+02   0.880788E+02   0.896644E+01   0.262289E+02  -0.130320E+02
   0.854285E+02   0.133682E+03   0.889994E+01   0.284633E+02  -0.140382E+02
   0.126495E+03   0.687786E+02   0.944499E+01   0.572813E+02  -0.152318E+02
   0.137814E+03   0.227840E+03   0.903835E+01   0.958099E+02  -0.181681E+02
   0.106230E+03   0.117834E+03   0.928455E+01   0.129724E+02  -0.111434E+02
   0.907872E+02   0.933532E+02   0.919535E+01   0.909372E+01  -0.121508E+02
   0.150945E+03   0.114975E+03   0.929669E+01   0.721310E+02  -0.160250E+02
   0.145501E+03   0.115042E+03   0.946218E+01   0.646136E+02  -0.156870E+02
   0.335874E+01   0.127408E+03   0.905332E+01   0.112256E+03  -0.173522E+02
   0.112538E+03   0.873720E+02   0.925982E+01   0.309734E+02  -0.132615E+02
   0.120029E+03   0.106277E+03   0.932714E+01   0.186687E+02  -0.122746E+02
   0.121462E+03   0.126252E+03   0.888901E+01   0.216381E+02  -0.133723E+02
   0.117043E+03   0.853792E+02   0.909025E+01   0.417632E+02  -0.142251E+02
   0.184074E+03   0.103655E+03   0.912180E+01   0.504114E+02  -0.158239E+02
   0.129156E+03   0.776748E+02   0.933797E+01   0.171543E+02  -0.144773E+02
   0.109918E+03   0.103903E+03   0.909531E+01   0.203714E+02  -0.118767E+02
   0.899255E+02   0.102198E+03   0.881354E+01   0.886546E+01  -0.104441E+02
   0.118446E+03   0.122204E+03   0.918520E+01   0.186992E+02  -0.126487E+02
   0.891430E+02   0.500418E+02   0.938215E+01   0.299486E+02  -0.147825E+02
   0.947331E+02   0.818214E+02   0.924590E+01   0.978417E+01  -0.129090E+02
   0.109582E+03   0.789082E+02   0.943302E+01   0.266137E+02  -0.130603E+02
   0.109255E+03   0.138464E+03   0.940215E+01   0.426269E+02  -0.143753E+02
   0.560092E+02   0.116615E+03   0.907038E+01   0.390023E+02  -0.145611E+02
   0.642986E+02   0.129437E+03   0.926584E+01   0.616421E+02  -0.156347E+02
   0.104594E+03   0.143960E+03   0.910568E+01   0.806943E+02  -0.161687E+02
   0.100395E+03   0.112090E+03   0.935056E+01   0.359052E+02  -0.135474E+02
   0.121828E+03   0.885395E+02   0.929419E+01   0.195293E+02  -0.127651E+02
   0.971475E+02   0.113006E+03   0.895467E+01   0.893710E+01  -0.104553E+02
   0.131285E+03   0.110685E+03   0.905049E+01   0.473676E+02  -0.145327E+02
   0.769677E+02   0.650813E+02   0.954165E+01   0.332597E+02  -0.146007E+02
   0.731932E+02   0.427917E+02   0.917437E+01   0.606996E+02  -0.158317E+02
   0.149274E+03   0.129740E+03   0.938592E+01   0.108954E+03  -0.170304E+02
   0.172357E+03   0.142810E+03   0.942261E+01   0.110293E+03  -0.173123E+02
   0.184318E+03   0.942309E+02   0.947899E+01   0.980045E+02  -0.171830E+02
   0.751424E+02   0.490036E+02   0.939355E+01   0.507199E+02  -0.154362E+02
   0.740596E+02   0.145255E+03   0.906266E+01   0.108737E+03  -0.169989E+02
   0.138734E+03   0.906638E+02   0.923325E+01   0.346474E+02  -0.144474E+02
   0.866623E+02   0.111416E+03   0.917776E+01   0.258217E+02  -0.130363E+02
   0.114746E+03   0.104218E+03   0.919902E+01   0.615264E+01  -0.111059E+02
   0.108902E+03   0.100111E+03   0.943064E+01   0.615264E+01  -0.900634E+01
   0.106881E+03   0.105046E+03   0.945712E+01   0.151536E+02  -0.109750E+02
   0.105174E+03   0.106740E+03   0.967837E+01   0.623071E+01  -0.858037E+01
   0.973373E+02   0.116026E+03   0.897675E+01   0.623071E+01  -0.119438E+02
   0.807410E+02   0.123058E+03   0.958068E+01   0.188778E+02  -0.136914E+02
   0.941062E+02   0.646126E+02   0.957194E+01   0.715556E+02  -0.157341E+02
   0.519357E+02   0.718712E+02   0.909410E+01   0.488038E+02  -0.154088E+02
   0.117321E+03   0.724450E+02   0.945012E+01   0.419766E+02  -0.143337E+02
   0.223004E+03   0.997305E+02   0.930675E+01   0.116273E+03  -0.180676E+02
   0.764836E+02   0.143518E+02   0.890847E+01   0.852158E+02  -0.172594E+02
   0.732125E+02   0.135160E+03   0.889402E+01   0.423901E+02  -0.147630E+02
   0.139402E+03   0.165690E+03   0.909966E+01   0.759054E+02  -0.165126E+02
   0.808303E+02   0.179273E+03   0.898627E+01   0.112808E+03  -0.173920E+02
   0.193718E+03   0.504861E+02   0.941821E+01   0.117457E+03  -0.177352E+02
   0.195197E+03   0.163041E+02   0.892287E+01   0.170127E+03  -0.185835E+02
   0.181164E+03   0.994256E+02   0.896909E+01   0.887093E+02  -0.166086E+02
   0.883359E+02   0.731234E+02   0.933802E+01   0.253028E+02  -0.135543E+02
   0.191228E+02   0.150949E+03   0.888450E+01   0.101949E+03  -0.171736E+02
   0.229640E+03   0.543994E+02   0.931094E+01   0.290959E+03  -0.199760E+02
   0.428404E+03   0.343037E+03   0.957247E+01   0.203711E+03  -0.219320E+02
   0.603074E+02   0.200005E+03   0.969659E+01   0.110509E+03  -0.174156E+02
   0.167159E+03   0.157085E+03   0.936558E+01   0.604374E+02  -0.165434E+02
   0.321840E+02   0.113808E+03   0.890897E+01   0.362782E+02  -0.154835E+02
   0.102313E+03   0.821769E+02   0.926511E+01   0.202548E+02  -0.123365E+02
   0.135196E+03   0.101534E+03   0.968800E+01   0.202548E+02  -0.141132E+02
   0.972891E+02   0.798551E+02   0.927459E+01   0.239639E+02  -0.128503E+02
   0.419928E+02   0.676149E+02   0.896412E+01   0.478236E+02  -0.157600E+02
   0.156222E+03   0.168206E+03   0.967247E+01   0.457228E+02  -0.165292E+02
   0.157965E+03   0.624360E+02   0.912741E+01   0.763767E+02  -0.163306E+02
   0.138960E+03   0.108551E+03   0.951072E+01   0.836141E+02  -0.162102E+02
   0.150690E+03   0.293107E+02   0.884796E+01   0.114983E+03  -0.175067E+02
   0.428812E+02   0.675591E+02   0.886604E+01   0.592259E+02  -0.159004E+02
   0.116645E+03   0.846520E+02   0.955163E+01   0.200259E+02  -0.125624E+02
   0.906133E+02   0.118954E+03   0.953427E+01   0.292325E+02  -0.132554E+02
   0.106922E+03   0.111856E+03   0.953427E+01   0.290410E+01  -0.110526E+02
   0.106922E+03   0.106887E+03   0.953390E+01   0.290410E+01  -0.797314E+01
   0.106922E+03   0.100701E+03   0.927217E+01   0.290410E+01  -0.753710E+01
   0.106922E+03   0.100701E+03   0.904010E+01   0.334454E+01  -0.853843E+01
   0.106922E+03   0.100701E+03   0.966383E+01   0.334454E+01  -0.761797E+01
   0.106922E+03   0.101963E+03   0.918115E+01   0.334454E+01  -0.744730E+01
   0.106922E+03   0.101963E+03   0.944123E+01   0.334454E+01  -0.744730E+01
   0.103194E+03   0.941140E+02   0.970316E+01   0.643382E+01  -0.944030E+01
   0.102455E+03   0.953342E+02   0.968810E+01   0.643382E+01  -0.925242E+01
   0.102455E+03   0.111296E+03   0.941414E+01   0.203570E+02  -0.119010E+02
   0.867304E+02   0.125109E+03   0.905935E+01   0.174254E+02  -0.131476E+02
   0.100789E+03   0.108305E+03   0.963923E+01   0.132718E+02  -0.106934E+02
   0.978002E+02   0.106285E+03   0.942352E+01   0.810683E+01  -0.981676E+01
   0.100766E+03   0.978533E+02   0.955716E+01   0.810683E+01  -0.950818E+01
   0.104447E+03   0.104274E+03   0.955716E+01   0.331129E+01  -0.688847E+01
   0.104447E+03   0.104274E+03   0.961499E+01   0.331129E+01  -0.688847E+01
   0.104447E+03   0.104274E+03   0.942681E+01   0.331129E+01  -0.688847E+01
   0.104447E+03   0.104274E+03   0.934387E+01   0.415695E+01  -0.739035E+01
   0.105980E+03   0.994917E+02   0.916002E+01   0.236203E+01  -0.749337E+01
   0.105980E+03   0.994917E+02   0.953934E+01   0.339603E+01  -0.759738E+01
   0.105980E+03   0.106328E+03   0.962573E+01   0.339603E+01  -0.751053E+01
   0.104550E+03   0.106328E+03   0.948270E+01   0.573420E+01  -0.832644E+01
   0.993763E+02   0.106328E+03   0.894351E+01   0.376844E+01  -0.762446E+01
   0.107884E+03   0.106328E+03   0.908462E+01   0.452205E+01  -0.830351E+01
   0.105637E+03   0.936058E+02   0.968787E+01   0.686966E+01  -0.961708E+01
   0.106909E+03   0.936058E+02   0.959200E+01   0.655164E+01  -0.969069E+01
   0.106909E+03   0.109227E+03   0.905739E+01   0.309818E+01  -0.935650E+01
   0.107582E+03   0.102211E+03   0.880619E+01   0.309818E+01  -0.813076E+01
   0.106922E+03   0.106015E+03   0.884856E+01   0.309818E+01  -0.766114E+01
   0.106922E+03   0.889658E+02   0.889853E+01   0.483858E+02  -0.145039E+02
   0.119805E+03   0.110301E+03   0.913863E+01   0.377232E+02  -0.138389E+02
   0.123261E+03   0.114184E+03   0.949146E+01   0.157760E+02  -0.127340E+02
   0.103263E+03   0.994574E+02   0.953270E+01   0.350162E+01  -0.747864E+01
   0.979489E+02   0.100862E+03   0.963486E+01   0.416495E+01  -0.947700E+01
   0.105500E+03   0.105009E+03   0.887584E+01   0.301233E+01  -0.698277E+01
   0.105500E+03   0.105009E+03   0.897073E+01   0.301233E+01  -0.698277E+01
   0.105500E+03   0.105009E+03   0.964255E+01   0.301233E+01  -0.695476E+01
   0.107774E+03   0.981330E+02   0.901539E+01   0.151786E+02  -0.111715E+02
   0.105416E+03   0.107529E+03   0.926248E+01   0.842889E+01  -0.938891E+01
   0.105416E+03   0.113688E+03   0.951775E+01   0.111376E+02  -0.104936E+02
   0.914993E+02   0.839149E+02   0.927702E+01   0.105561E+02  -0.129393E+02
   0.115022E+03   0.950286E+02   0.899977E+01   0.105561E+02  -0.113424E+02
   0.944894E+02   0.114933E+03   0.934617E+01   0.181983E+02  -0.119783E+02
   0.992420E+02   0.120393E+03   0.962563E+01   0.237112E+02  -0.125765E+02
   0.604419E+02   0.853997E+02   0.889887E+01   0.450974E+02  -0.148028E+02
   0.344893E+01   0.846165E+02   0.906875E+01   0.105529E+03  -0.172115E+02
   0.156062E+03   0.105783E+03   0.904606E+01   0.828470E+02  -0.162167E+02
   0.308735E+03   0.151290E+03   0.904526E+01   0.201234E+03  -0.192488E+02
   0.311810E+03   0.767209E+01   0.902497E+01   0.331410E+03  -0.204515E+02
   0.383082E+03   0.265497E+02   0.916478E+01   0.302335E+03  -0.207738E+02
   0.221306E+03   0.124436E+03   0.883753E+01   0.156067E+03  -0.182132E+02
   0.544791E+02   0.917126E+02   0.939242E+01   0.732577E+02  -0.161142E+02
   0.863340E+02   0.111170E+03   0.931662E+01   0.645500E+02  -0.153459E+02
   0.108660E+03   0.149722E+03   0.960657E+01   0.371819E+02  -0.144083E+02
   0.778415E+02   0.107900E+03   0.891023E+01   0.109578E+02  -0.126045E+02
   0.104389E+03   0.114601E+03   0.911050E+01   0.109578E+02  -0.108262E+02
   0.103505E+03   0.107223E+03   0.894743E+01   0.879760E+01  -0.944549E+01
   0.103505E+03   0.107223E+03   0.891002E+01   0.934822E+01  -0.960908E+01
   0.121444E+03   0.107223E+03   0.887028E+01   0.178719E+02  -0.119971E+02
   0.867035E+02   0.953687E+02   0.906711E+01   0.122871E+02  -0.116947E+02
   0.902040E+02   0.103313E+03   0.962908E+01   0.201173E+02  -0.122643E+02
   0.910607E+02   0.922187E+02   0.928729E+01   0.201173E+02  -0.123518E+02
   0.910607E+02   0.101995E+03   0.897694E+01   0.172217E+02  -0.115594E+02
   0.110952E+03   0.101995E+03   0.931273E+01   0.478275E+01  -0.950338E+01
   0.104345E+03   0.101439E+03   0.922454E+01   0.478275E+01  -0.775338E+01
   0.104345E+03   0.101005E+03   0.903718E+01   0.805367E+01  -0.929968E+01
   0.104345E+03   0.101005E+03   0.918843E+01   0.805367E+01  -0.913868E+01
   0.104345E+03   0.110499E+03   0.907079E+01   0.214778E+02  -0.120498E+02
   0.878620E+02   0.418226E+02   0.931800E+01   0.697184E+02  -0.159329E+02
   0.106879E+03   0.106084E+03   0.943289E+01   0.135730E+02  -0.106739E+02
   0.106879E+03   0.947682E+02   0.915051E+01   0.602879E+01  -0.938962E+01
   0.106879E+03   0.992254E+02   0.961287E+01   0.351709E+01  -0.797388E+01
   0.106879E+03   0.992254E+02   0.953023E+01   0.351709E+01  -0.797388E+01
   0.106879E+03   0.107280E+03   0.970702E+01   0.351709E+01  -0.807365E+01
   0.106879E+03   0.102291E+03   0.898467E+01   0.351709E+01  -0.787134E+01
   0.106879E+03   0.102291E+03   0.965306E+01   0.351709E+01  -0.746914E+01
   0.103175E+03   0.102437E+03   0.951333E+01   0.357028E+01  -0.707762E+01
   0.103175E+03   0.101843E+03   0.919080E+01   0.357028E+01  -0.711619E+01
   0.103175E+03   0.101843E+03   0.906071E+01   0.205480E+01  -0.681018E+01
   0.103175E+03   0.101843E+03   0.931191E+01   0.205480E+01  -0.620278E+01
   0.103175E+03   0.101843E+03   0.881128E+01   0.205480E+01  -0.681018E+01
   0.102211E+03   0.101843E+03   0.891630E+01   0.175277E+01  -0.673495E+01
   0.102211E+03   0.101843E+03   0.948359E+01   0.175277E+01  -0.650950E+01
   0.102211E+03   0.104357E+03   0.918530E+01   0.175277E+01  -0.652089E+01
   0.102315E+03   0.104357E+03   0.917481E+01   0.675157E+00  -0.630914E+01
   0.102315E+03   0.104357E+03   0.935653E+01   0.675157E+00  -0.630914E+01
   0.102500E+03   0.104357E+03   0.920731E+01   0.248508E+01  -0.667301E+01
   0.102500E+03   0.106646E+03   0.901305E+01   0.215732E+01  -0.666374E+01
   0.991905E+02   0.103287E+03   0.931147E+01   0.136665E+02  -0.107715E+02
   0.986858E+02   0.970978E+02   0.902689E+01   0.772931E+01  -0.998720E+01
   0.102288E+03   0.945545E+02   0.945474E+01   0.772931E+01  -0.964513E+01
   0.102288E+03   0.970323E+02   0.970241E+01   0.416998E+01  -0.850348E+01
   0.115678E+03   0.926111E+02   0.894591E+01   0.913013E+01  -0.121041E+02
   0.115678E+03   0.911365E+02   0.882432E+01   0.913013E+01  -0.125379E+02
   0.692190E+02   0.941697E+02   0.958382E+01   0.299268E+02  -0.143743E+02
