res1           res2           tau1           Y1_gamma1      LogPost        
   0.100139E+03   0.997799E+02   0.139764E+01   0.991285E-01  -0.445165E+02
   0.999717E+02   0.995671E+02   0.819992E+01   0.971946E-01  -0.450749E+02
   0.101378E+03   0.998788E+02   0.104905E+01   0.276049E+00  -0.454292E+02
   0.993220E+02   0.100061E+03   0.566828E+00   0.286127E+00  -0.459374E+02
   0.998606E+02   0.100087E+03   0.183724E+00   0.172743E+00  -0.450727E+02
   0.100017E+03   0.994799E+02   0.822511E+01   0.721750E-01  -0.454480E+02
   0.100001E+03   0.994676E+02   0.625845E+01   0.195850E+00  -0.464700E+02
   0.100040E+03   0.100046E+03   0.680334E+01   0.895765E-01  -0.445889E+02
   0.103012E+03   0.995737E+02   0.174156E+00   0.667926E+00  -0.485259E+02
   0.100302E+03   0.999995E+02   0.174156E+00   0.144128E+00  -0.442884E+02
   0.100549E+03   0.997691E+02   0.149476E+01   0.235671E+00  -0.446991E+02
   0.101126E+03   0.997691E+02   0.344185E+00   0.336124E+00  -0.439778E+02
   0.100541E+03   0.998094E+02   0.343356E+01   0.321369E+00  -0.439773E+02
   0.100238E+03   0.998094E+02   0.568837E+01   0.305109E+00  -0.457043E+02
   0.101237E+03   0.100313E+03   0.870215E+00   0.474561E+00  -0.474531E+02
   0.100256E+03   0.100313E+03   0.725634E+01   0.456773E+00  -0.465572E+02
   0.100036E+03   0.994795E+02   0.808559E+01   0.185393E+00  -0.455501E+02
   0.100163E+03   0.998865E+02   0.448267E+01   0.672225E+00  -0.466328E+02
   0.100293E+03   0.996223E+02   0.667835E+01   0.408190E-01  -0.466416E+02
   0.100444E+03   0.996633E+02   0.345482E+01   0.625340E-01  -0.438710E+02
   0.100181E+03   0.998256E+02   0.793099E+00   0.625340E-01  -0.443396E+02
   0.100292E+03   0.999574E+02   0.368025E+01   0.625340E-01  -0.442043E+02
   0.101244E+03   0.999783E+02   0.408820E+00   0.184623E+00  -0.435825E+02
   0.995543E+02   0.996335E+02   0.408820E+00   0.325546E+00  -0.462574E+02
   0.100537E+03   0.999038E+02   0.652813E+00   0.304602E+00  -0.446317E+02
   0.993972E+02   0.999165E+02   0.136958E+01   0.496149E+00  -0.461339E+02
   0.100359E+03   0.995462E+02   0.352903E+01   0.822218E+00  -0.478833E+02
   0.997057E+02   0.100341E+03   0.665874E+01   0.174053E+00  -0.454566E+02
   0.100439E+03   0.999156E+02   0.190329E+01   0.395998E-01  -0.443000E+02
   0.998419E+02   0.100167E+03   0.189135E+01   0.230627E+00  -0.455196E+02
   0.100058E+03   0.100390E+03   0.893895E+01   0.913074E-02  -0.446443E+02
   0.996451E+02   0.993505E+02   0.752670E+01   0.402599E+00  -0.472956E+02
   0.997983E+02   0.100216E+03   0.533276E+01   0.132871E+00  -0.453235E+02
   0.100228E+03   0.100221E+03   0.876861E+00   0.747801E-01  -0.455572E+02
   0.999733E+02   0.999937E+02   0.269928E+01   0.765564E-01  -0.445042E+02
   0.998218E+02   0.997994E+02   0.287148E+01   0.610867E+00  -0.462117E+02
   0.101013E+03   0.997994E+02   0.432524E+00   0.171652E+00  -0.448180E+02
   0.997284E+02   0.100197E+03   0.315443E+01   0.171652E+00  -0.465885E+02
   0.999076E+02   0.997596E+02   0.638497E+01   0.539873E+00  -0.459370E+02
   0.101079E+03   0.999372E+02   0.251128E+01   0.539873E+00  -0.459712E+02
   0.100277E+03   0.993230E+02   0.332058E+01   0.539873E+00  -0.472231E+02
   0.100022E+03   0.995578E+02   0.875794E+01   0.213061E+00  -0.449824E+02
   0.999418E+02   0.996421E+02   0.560044E+01   0.255145E-01  -0.452911E+02
   0.995534E+02   0.999341E+02   0.171161E+01   0.272818E+00  -0.452210E+02
   0.100030E+03   0.100018E+03   0.349615E+01   0.517874E+00  -0.456353E+02
   0.101456E+03   0.100401E+03   0.303188E+01   0.798792E+00  -0.498864E+02
   0.102396E+03   0.100000E+03   0.186465E+00   0.139805E+00  -0.446915E+02
   0.100997E+03   0.100171E+03   0.331771E+01   0.558524E+00  -0.462744E+02
   0.100354E+03   0.998424E+02   0.235377E+01   0.631722E+00  -0.459055E+02
   0.101020E+03   0.999498E+02   0.310120E+01   0.332396E+00  -0.451036E+02
   0.100408E+03   0.100232E+03   0.328883E+01   0.218557E+00  -0.455518E+02
   0.997061E+02   0.999183E+02   0.532290E+01   0.568121E+00  -0.460897E+02
   0.999496E+02   0.997389E+02   0.455997E+01   0.222698E+00  -0.451149E+02
   0.100159E+03   0.100435E+03   0.376800E+01   0.726364E+00  -0.486125E+02
   0.100269E+03   0.997622E+02   0.153628E+01   0.405886E+00  -0.451909E+02
   0.100963E+03   0.997622E+02   0.395159E+00   0.271972E+00  -0.438350E+02
   0.998909E+02   0.101612E+03   0.935266E+01   0.299597E+00  -0.449104E+02
   0.100051E+03   0.100210E+03   0.935266E+01   0.299597E+00  -0.448601E+02
   0.986759E+02   0.998774E+02   0.512147E+00   0.346998E+00  -0.474502E+02
   0.100011E+03   0.998774E+02   0.382373E+01   0.121801E+00  -0.442525E+02
   0.100065E+03   0.100421E+03   0.880445E+01   0.121801E+00  -0.447434E+02
   0.999022E+02   0.999795E+02   0.530164E+01   0.370284E-01  -0.444565E+02
   0.101050E+03   0.100052E+03   0.301672E+01   0.303498E+00  -0.453278E+02
   0.989803E+02   0.996144E+02   0.955924E+00   0.633997E+00  -0.481942E+02
   0.997856E+02   0.997864E+02   0.358718E+01   0.424943E+00  -0.454992E+02
   0.101865E+03   0.997210E+02   0.238194E+00   0.358830E-01  -0.439826E+02
   0.999795E+02   0.997210E+02   0.271110E+01   0.466321E+00  -0.455655E+02
   0.995151E+02   0.102692E+03   0.939481E+01   0.253955E-01  -0.484481E+02
   0.100052E+03   0.101042E+03   0.945246E+01   0.414365E+00  -0.451444E+02
   0.100052E+03   0.102030E+03   0.950723E+01   0.414365E+00  -0.459006E+02
   0.100062E+03   0.999971E+02   0.773345E+01   0.704046E-01  -0.445601E+02
   0.994909E+02   0.999466E+02   0.673361E+01   0.704046E-01  -0.456329E+02
   0.100647E+03   0.100140E+03   0.384647E+01   0.500814E+00  -0.464172E+02
   0.100532E+03   0.998833E+02   0.621181E+00   0.783090E-01  -0.442249E+02
   0.100385E+03   0.998833E+02   0.257516E+00   0.100138E-02  -0.437036E+02
   0.100580E+03   0.996397E+02   0.257516E+00   0.373884E+00  -0.448269E+02
   0.100264E+03   0.996397E+02   0.310671E+01   0.308970E+00  -0.452431E+02
   0.101636E+03   0.995383E+02   0.115213E+01   0.251970E+00  -0.475747E+02
   0.101947E+03   0.100026E+03   0.191436E+00   0.251970E+00  -0.443070E+02
   0.100164E+03   0.998358E+02   0.499044E+01   0.116375E+00  -0.449600E+02
   0.101369E+03   0.100037E+03   0.261730E+01   0.510743E+00  -0.465931E+02
   0.999780E+02   0.994131E+02   0.530653E+01   0.156850E+00  -0.468622E+02
   0.999780E+02   0.999004E+02   0.327487E+01   0.225373E+00  -0.444737E+02
   0.997178E+02   0.999546E+02   0.476252E+01   0.260460E+00  -0.448300E+02
   0.995754E+02   0.999546E+02   0.481052E+01   0.607043E+00  -0.463340E+02
   0.100134E+03   0.994833E+02   0.941104E+01   0.263190E+00  -0.458032E+02
   0.997976E+02   0.997359E+02   0.698371E+01   0.241603E+00  -0.451426E+02
   0.100114E+03   0.100717E+03   0.490562E+01   0.697359E+00  -0.497346E+02
   0.100664E+03   0.100091E+03   0.570876E+01   0.223884E+00  -0.484468E+02
   0.101640E+03   0.999002E+02   0.228878E+00   0.263839E+00  -0.437924E+02
   0.100615E+03   0.996042E+02   0.256961E+01   0.643469E-03  -0.451888E+02
   0.990703E+02   0.998976E+02   0.185812E+01   0.643469E-03  -0.460721E+02
   0.100161E+03   0.999072E+02   0.157083E+00   0.139868E+00  -0.442665E+02
   0.100251E+03   0.998449E+02   0.178019E+01   0.412917E+00  -0.450972E+02
   0.998583E+02   0.997048E+02   0.186872E+01   0.373692E+00  -0.455557E+02
   0.100266E+03   0.100112E+03   0.396498E+00   0.241473E+00  -0.448328E+02
   0.102226E+03   0.997859E+02   0.396498E+00   0.241473E+00  -0.444698E+02
   0.991892E+02   0.995245E+02   0.392501E+01   0.241473E+00  -0.483850E+02
   0.100767E+03   0.100341E+03   0.312205E+00   0.243368E-01  -0.463536E+02
   0.100477E+03   0.997921E+02   0.312205E+00   0.162145E+00  -0.438330E+02
   0.995144E+02   0.997908E+02   0.444072E+00   0.379199E+00  -0.456999E+02
   0.101069E+03   0.997908E+02   0.337982E+01   0.674365E-01  -0.438605E+02
   0.100049E+03   0.998200E+02   0.381471E+01   0.674365E-01  -0.442808E+02
   0.100252E+03   0.994910E+02   0.577653E+00   0.574332E-01  -0.465658E+02
   0.101749E+03   0.100010E+03   0.107365E+01   0.574332E-01  -0.460892E+02
   0.100688E+03   0.995229E+02   0.305184E+01   0.908292E-01  -0.459502E+02
   0.100609E+03   0.995353E+02   0.263201E+01   0.320149E+00  -0.459888E+02
   0.100754E+03   0.995591E+02   0.344842E+01   0.166972E+00  -0.445324E+02
   0.100796E+03   0.995591E+02   0.327381E+01   0.133124E+00  -0.445230E+02
   0.100742E+03   0.100052E+03   0.214776E+01   0.350706E+00  -0.453070E+02
   0.100161E+03   0.999301E+02   0.171449E+01   0.532859E+00  -0.455347E+02
   0.100351E+03   0.100141E+03   0.828294E+01   0.327150E+00  -0.463180E+02
   0.998406E+02   0.100075E+03   0.244817E+01   0.327150E+00  -0.453782E+02
   0.100402E+03   0.995356E+02   0.213149E+01   0.327150E+00  -0.463793E+02
   0.100183E+03   0.999133E+02   0.282294E+01   0.386437E-01  -0.441485E+02
   0.996436E+02   0.100585E+03   0.702776E+01   0.780870E+00  -0.484997E+02
   0.993809E+02   0.100281E+03   0.954512E+00   0.670441E+00  -0.480734E+02
   0.100144E+03   0.996511E+02   0.822996E+01   0.330116E+00  -0.454669E+02
   0.993697E+02   0.100058E+03   0.487952E+01   0.240856E+00  -0.459053E+02
   0.100193E+03   0.100520E+03   0.722611E+01   0.100533E-02  -0.469936E+02
   0.997312E+02   0.100465E+03   0.893861E+01   0.328753E+00  -0.454392E+02
   0.999138E+02   0.999913E+02   0.941847E+01   0.264879E+00  -0.446785E+02
   0.994573E+02   0.100050E+03   0.200990E+01   0.302928E+00  -0.456626E+02
   0.999402E+02   0.100050E+03   0.474676E+01   0.188250E+00  -0.446274E+02
   0.996444E+02   0.997607E+02   0.424181E+01   0.683469E+00  -0.468698E+02
   0.999745E+02   0.995564E+02   0.808829E+01   0.132885E+00  -0.451427E+02
   0.100563E+03   0.998753E+02   0.327324E+01   0.140608E+00  -0.435362E+02
   0.101168E+03   0.998753E+02   0.129886E+01   0.138731E+00  -0.448361E+02
   0.101009E+03   0.996459E+02   0.137455E+01   0.138731E+00  -0.455157E+02
   0.100273E+03   0.999252E+02   0.997065E+00   0.138731E+00  -0.442907E+02
   0.996504E+02   0.995935E+02   0.933438E+01   0.138731E+00  -0.457801E+02
   0.100454E+03   0.100227E+03   0.105001E+01   0.292549E+00  -0.457808E+02
   0.995104E+02   0.101149E+03   0.912102E+01   0.173571E+00  -0.465685E+02
   0.100126E+03   0.100442E+03   0.637558E+01   0.576480E+00  -0.469228E+02
   0.100126E+03   0.995722E+02   0.135828E+01   0.459699E+00  -0.463607E+02
   0.997744E+02   0.999208E+02   0.242562E+01   0.334428E+00  -0.451354E+02
   0.995108E+02   0.997069E+02   0.621554E+01   0.501160E-02  -0.460798E+02
   0.100188E+03   0.100064E+03   0.362361E+01   0.328147E+00  -0.449968E+02
   0.100170E+03   0.100101E+03   0.887041E+01   0.665019E-01  -0.451813E+02
   0.998220E+02   0.100463E+03   0.887041E+01   0.263947E+00  -0.449324E+02
   0.100116E+03   0.994154E+02   0.887041E+01   0.173960E+00  -0.453652E+02
   0.100159E+03   0.998466E+02   0.828969E+01   0.173960E+00  -0.449094E+02
   0.100478E+03   0.100192E+03   0.309111E+01   0.846767E-01  -0.452698E+02
   0.100603E+03   0.998847E+02   0.270214E+01   0.144626E+00  -0.442023E+02
   0.999695E+02   0.999611E+02   0.373995E+01   0.172730E+00  -0.445408E+02
   0.100109E+03   0.998114E+02   0.903915E+01   0.541361E-02  -0.449090E+02
   0.998701E+02   0.100990E+03   0.923683E+01   0.462784E+00  -0.451307E+02
   0.996817E+02   0.100047E+03   0.854364E+01   0.150098E+00  -0.454281E+02
   0.998864E+02   0.100609E+03   0.929003E+01   0.388062E+00  -0.447979E+02
   0.998864E+02   0.100242E+03   0.125618E+01   0.173702E+00  -0.460269E+02
   0.993062E+02   0.100190E+03   0.185622E+01   0.246472E+00  -0.465702E+02
   0.100248E+03   0.998319E+02   0.112290E+01   0.261618E+00  -0.445969E+02
   0.995923E+02   0.100365E+03   0.583831E+01   0.917969E-01  -0.461834E+02
   0.100241E+03   0.999251E+02   0.469345E+01   0.118429E+00  -0.450302E+02
   0.998587E+02   0.999570E+02   0.932736E+01   0.452117E+00  -0.453258E+02
   0.101461E+03   0.994567E+02   0.510175E+00   0.346825E+00  -0.480572E+02
   0.997151E+02   0.998514E+02   0.590540E+01   0.640463E+00  -0.464392E+02
   0.100029E+03   0.999988E+02   0.846957E+01   0.659357E-01  -0.445067E+02
   0.997105E+02   0.100921E+03   0.905745E+01   0.298004E+00  -0.458431E+02
   0.100855E+03   0.998775E+02   0.116369E+01   0.457400E+00  -0.453429E+02
   0.992519E+02   0.100264E+03   0.222143E+01   0.235377E+00  -0.472515E+02
   0.999290E+02   0.100264E+03   0.926589E+01   0.585288E+00  -0.457462E+02
   0.999236E+02   0.100196E+03   0.414665E+01   0.878376E-01  -0.449546E+02
   0.999568E+02   0.100141E+03   0.874088E+01   0.254570E+00  -0.447038E+02
   0.999568E+02   0.995265E+02   0.904227E+01   0.377605E+00  -0.452649E+02
   0.999744E+02   0.996848E+02   0.911078E+01   0.318694E-01  -0.447395E+02
   0.997415E+02   0.100331E+03   0.532343E+01   0.648632E-01  -0.461119E+02
   0.999967E+02   0.100392E+03   0.891229E+01   0.648632E-01  -0.445009E+02
   0.993125E+02   0.100138E+03   0.169545E+01   0.648632E-01  -0.461175E+02
   0.994111E+02   0.995061E+02   0.105740E+01   0.648632E-01  -0.473771E+02
   0.100446E+03   0.995974E+02   0.315255E+01   0.411621E+00  -0.448774E+02
   0.101018E+03   0.999043E+02   0.168231E+00   0.147454E+00  -0.439515E+02
   0.101116E+03   0.999450E+02   0.114780E+01   0.345989E-02  -0.446779E+02
   0.100722E+03   0.996810E+02   0.126206E+01   0.949333E-01  -0.449990E+02
   0.998094E+02   0.995722E+02   0.315996E+01   0.106471E+00  -0.455913E+02
   0.998094E+02   0.100471E+03   0.922728E+01   0.949067E-01  -0.442919E+02
   0.998094E+02   0.100279E+03   0.673374E+01   0.577611E+00  -0.461934E+02
   0.998479E+02   0.100323E+03   0.950744E+01   0.355190E+00  -0.447951E+02
   0.100042E+03   0.100771E+03   0.950744E+01   0.510612E+00  -0.454589E+02
   0.993265E+02   0.100495E+03   0.455618E+00   0.556745E+00  -0.496419E+02
   0.100173E+03   0.100121E+03   0.331281E+01   0.154562E+00  -0.448714E+02
   0.996504E+02   0.999795E+02   0.553744E+01   0.179543E+00  -0.449457E+02
   0.998111E+02   0.100198E+03   0.660613E+01   0.105514E+00  -0.447039E+02
   0.998737E+02   0.100022E+03   0.480314E+01   0.105514E+00  -0.444806E+02
   0.999591E+02   0.997078E+02   0.731242E+00   0.244795E+00  -0.451485E+02
   0.100004E+03   0.100050E+03   0.658524E+01   0.499158E+00  -0.455513E+02
   0.100076E+03   0.998151E+02   0.344961E+01   0.310601E+00  -0.444352E+02
   0.100047E+03   0.100717E+03   0.946913E+01   0.720457E-01  -0.443457E+02
   0.100213E+03   0.982829E+02   0.946913E+01   0.437082E+00  -0.486542E+02
   0.998249E+02   0.100210E+03   0.738394E+01   0.704101E-01  -0.450667E+02
   0.998249E+02   0.100173E+03   0.378853E+01   0.717802E-01  -0.456632E+02
   0.997542E+02   0.100065E+03   0.425874E+01   0.122786E+00  -0.446472E+02
   0.996634E+02   0.101663E+03   0.928058E+01   0.125596E+00  -0.454794E+02
   0.998436E+02   0.100365E+03   0.874687E+01   0.854940E-01  -0.446363E+02
   0.100309E+03   0.101302E+03   0.877248E+01   0.322735E-01  -0.480999E+02
   0.999018E+02   0.999160E+02   0.878477E+01   0.756426E-01  -0.444600E+02
   0.100085E+03   0.101041E+03   0.905906E+01   0.748513E+00  -0.475843E+02
   0.998115E+02   0.994325E+02   0.613492E+01   0.476945E+00  -0.470990E+02
   0.100033E+03   0.100475E+03   0.536707E+01   0.359631E+00  -0.471029E+02
   0.100092E+03   0.100730E+03   0.902657E+01   0.768845E+00  -0.474235E+02
   0.997831E+02   0.101662E+03   0.934245E+01   0.186554E+00  -0.449380E+02
   0.100063E+03   0.100528E+03   0.910634E+01   0.186554E+00  -0.445816E+02
   0.100227E+03   0.997029E+02   0.845273E+01   0.603069E-01  -0.451863E+02
   0.100682E+03   0.993358E+02   0.128948E+01   0.764055E+00  -0.492365E+02
   0.100981E+03   0.998409E+02   0.314308E+01   0.112039E-01  -0.445289E+02
   0.100936E+03   0.100021E+03   0.126090E+01   0.112039E-01  -0.446144E+02
   0.100617E+03   0.996146E+02   0.113099E+01   0.433901E+00  -0.459928E+02
   0.998572E+02   0.100009E+03   0.207465E+01   0.656344E+00  -0.464096E+02
   0.100917E+03   0.994216E+02   0.353517E+01   0.247391E+00  -0.476965E+02
   0.100443E+03   0.100098E+03   0.270493E+00   0.483982E+00  -0.453038E+02
   0.100816E+03   0.997335E+02   0.161791E+01   0.378763E+00  -0.453401E+02
   0.998305E+02   0.997525E+02   0.260069E+01   0.378763E+00  -0.453646E+02
   0.100417E+03   0.100026E+03   0.287875E+01   0.199498E+00  -0.444697E+02
   0.100968E+03   0.100248E+03   0.346722E+01   0.167579E+00  -0.458152E+02
   0.997256E+02   0.999180E+02   0.581075E+00   0.568799E+00  -0.460065E+02
   0.100092E+03   0.100382E+03   0.897879E+01   0.159942E+00  -0.448759E+02
   0.100760E+03   0.100244E+03   0.316290E+00   0.250850E+00  -0.453958E+02
   0.102220E+03   0.997690E+02   0.295217E+00   0.303878E+00  -0.446372E+02
   0.102753E+03   0.999526E+02   0.295217E+00   0.175039E+00  -0.453405E+02
   0.101740E+03   0.100027E+03   0.341403E+00   0.107771E+00  -0.438786E+02
   0.100326E+03   0.100293E+03   0.864466E+01   0.107771E+00  -0.465420E+02
   0.998277E+02   0.998989E+02   0.853104E+01   0.393383E+00  -0.452493E+02
   0.100401E+03   0.993993E+02   0.293911E+01   0.421800E+00  -0.472997E+02
   0.998491E+02   0.998850E+02   0.685715E+01   0.259865E+00  -0.447735E+02
   0.996656E+02   0.100164E+03   0.364119E+01   0.162809E-01  -0.459944E+02
   0.999918E+02   0.100085E+03   0.639193E+01   0.248813E-01  -0.444958E+02
   0.100225E+03   0.987687E+02   0.949897E+01   0.265779E+00  -0.475854E+02
   0.100070E+03   0.100270E+03   0.630926E+01   0.391433E-01  -0.451034E+02
   0.999359E+02   0.100188E+03   0.657654E+01   0.507145E-01  -0.446199E+02
   0.100113E+03   0.100621E+03   0.570899E+01   0.569991E-01  -0.478518E+02
   0.999487E+02   0.995698E+02   0.767072E+00   0.569991E-01  -0.459530E+02
   0.100291E+03   0.992541E+02   0.623416E+01   0.230445E+00  -0.492600E+02
   0.100478E+03   0.100358E+03   0.757775E+01   0.499029E+00  -0.480463E+02
   0.100021E+03   0.995822E+02   0.883163E+01   0.401822E-01  -0.447546E+02
   0.100677E+03   0.998959E+02   0.241653E+01   0.141854E+00  -0.442432E+02
   0.992633E+02   0.993153E+02   0.690202E+00   0.114084E+00  -0.502100E+02
   0.997339E+02   0.100433E+03   0.928194E+01   0.112011E+00  -0.446108E+02
   0.100194E+03   0.997619E+02   0.621299E+01   0.906585E-01  -0.453827E+02
   0.997969E+02   0.997112E+02   0.425907E+01   0.471554E+00  -0.459019E+02
   0.999780E+02   0.995693E+02   0.379084E+01   0.381278E+00  -0.458645E+02
   0.100371E+03   0.996180E+02   0.530640E+01   0.190395E-01  -0.462528E+02
   0.998470E+02   0.995915E+02   0.353545E+01   0.162310E+00  -0.456497E+02
   0.999324E+02   0.998687E+02   0.626203E+01   0.562879E-01  -0.445212E+02
   0.996553E+02   0.997108E+02   0.128675E+01   0.192427E-01  -0.452821E+02
   0.100140E+03   0.995007E+02   0.787211E+01   0.383132E-01  -0.456064E+02
   0.995338E+02   0.100195E+03   0.218992E+01   0.957209E-01  -0.460394E+02
   0.101004E+03   0.997130E+02   0.417066E+00   0.130838E+00  -0.450988E+02
   0.100064E+03   0.995653E+02   0.783709E+01   0.211035E+00  -0.452925E+02
   0.999457E+02   0.999705E+02   0.575000E+01   0.326278E+00  -0.448775E+02
   0.999150E+02   0.101086E+03   0.881153E+01   0.258078E-01  -0.450589E+02
   0.999150E+02   0.100617E+03   0.881153E+01   0.213919E+00  -0.447644E+02
   0.100135E+03   0.101347E+03   0.881153E+01   0.518000E-01  -0.460677E+02
   0.100276E+03   0.100575E+03   0.881153E+01   0.164248E+00  -0.461997E+02
   0.101666E+03   0.997618E+02   0.255363E+00   0.170177E+00  -0.437757E+02
   0.999990E+02   0.100245E+03   0.787463E+01   0.590247E+00  -0.462993E+02
   0.998271E+02   0.100903E+03   0.876864E+01   0.480025E-01  -0.453742E+02
   0.995604E+02   0.100379E+03   0.938033E+01   0.430210E-01  -0.458703E+02
   0.999427E+02   0.101079E+03   0.938033E+01   0.197025E-01  -0.441567E+02
   0.100536E+03   0.100244E+03   0.296713E+01   0.407083E+00  -0.461545E+02
   0.996107E+02   0.100347E+03   0.398847E+01   0.530955E+00  -0.465091E+02
   0.101257E+03   0.996610E+02   0.484474E+00   0.243125E+00  -0.458909E+02
   0.101365E+03   0.100105E+03   0.354247E+01   0.307771E-02  -0.473740E+02
   0.100973E+03   0.100041E+03   0.352052E+01   0.419637E+00  -0.462374E+02
   0.101085E+03   0.100209E+03   0.330373E+01   0.352374E+00  -0.459441E+02
   0.100266E+03   0.103083E+03   0.940254E+01   0.434924E+00  -0.488723E+02
   0.100266E+03   0.995961E+02   0.139521E+01   0.537282E+00  -0.464257E+02
   0.100864E+03   0.100072E+03   0.322857E+01   0.537282E+00  -0.455359E+02
   0.100191E+03   0.998544E+02   0.121359E+01   0.654164E-01  -0.442842E+02
   0.100173E+03   0.997757E+02   0.715509E+00   0.674945E+00  -0.464122E+02
   0.100152E+03   0.999146E+02   0.358979E+01   0.400227E+00  -0.449295E+02
   0.999487E+02   0.999699E+02   0.781430E+01   0.400227E+00  -0.451290E+02
   0.980465E+02   0.998735E+02   0.154856E+01   0.770306E+00  -0.504759E+02
   0.983239E+02   0.997467E+02   0.154856E+01   0.413317E+00  -0.489981E+02
   0.990236E+02   0.999042E+02   0.106863E+01   0.575629E+00  -0.471461E+02
   0.100080E+03   0.100060E+03   0.124214E+01   0.490964E+00  -0.456006E+02
   0.100706E+03   0.100088E+03   0.315659E+01   0.379607E+00  -0.448557E+02
   0.101514E+03   0.100202E+03   0.316070E+01   0.242225E+00  -0.467731E+02
   0.102930E+03   0.999865E+02   0.321129E+00   0.332175E+00  -0.460729E+02
   0.101544E+03   0.100040E+03   0.321129E+00   0.588402E+00  -0.453260E+02
   0.100942E+03   0.998309E+02   0.309491E+01   0.464593E+00  -0.454495E+02
   0.100549E+03   0.998305E+02   0.205479E+01   0.151581E+00  -0.445453E+02
   0.998603E+02   0.100144E+03   0.348206E+01   0.597510E+00  -0.465733E+02
   0.998603E+02   0.996263E+02   0.570237E+01   0.320204E+00  -0.456870E+02
   0.100297E+03   0.997932E+02   0.403794E+00   0.102946E+00  -0.439582E+02
   0.996188E+02   0.100248E+03   0.634264E+01   0.607327E-01  -0.453428E+02
   0.100023E+03   0.992416E+02   0.862008E+01   0.607327E-01  -0.458881E+02
   0.100082E+03   0.999225E+02   0.839405E+01   0.996830E-02  -0.443760E+02
   0.990082E+02   0.100010E+03   0.170511E+01   0.630222E-01  -0.463035E+02
   0.100074E+03   0.100050E+03   0.446279E+01   0.429398E+00  -0.453803E+02
   0.100865E+03   0.999836E+02   0.228018E+01   0.184402E-01  -0.444446E+02
   0.101145E+03   0.997753E+02   0.295957E+00   0.739092E+00  -0.459788E+02
   0.100131E+03   0.100887E+03   0.630538E+01   0.293285E+00  -0.495590E+02
   0.996035E+02   0.100328E+03   0.493343E+01   0.496843E-01  -0.461033E+02
   0.100110E+03   0.999921E+02   0.110926E+01   0.496843E-01  -0.443760E+02
   0.100013E+03   0.997850E+02   0.786232E+01   0.342883E+00  -0.450263E+02
   0.996823E+02   0.100190E+03   0.691896E+01   0.112277E+00  -0.449695E+02
   0.997765E+02   0.995453E+02   0.864198E+01   0.456837E+00  -0.458151E+02
   0.999004E+02   0.100101E+03   0.499665E+01   0.891505E+00  -0.478534E+02
   0.999004E+02   0.997835E+02   0.794791E+01   0.307297E+00  -0.449367E+02
   0.999665E+02   0.100045E+03   0.869623E+01   0.151750E-01  -0.444131E+02
   0.998783E+02   0.999924E+02   0.516371E+01   0.287949E-01  -0.444361E+02
   0.992821E+02   0.100013E+03   0.684911E+00   0.750753E-02  -0.456090E+02
   0.100479E+03   0.999822E+02   0.226307E+01   0.116602E+00  -0.442315E+02
   0.100037E+03   0.999512E+02   0.303251E+01   0.157224E+00  -0.444246E+02
   0.994431E+02   0.999984E+02   0.129376E+01   0.742148E-01  -0.452512E+02
   0.999498E+02   0.997880E+02   0.296687E+01   0.141669E+00  -0.445958E+02
   0.997654E+02   0.100057E+03   0.190884E+01   0.419392E-01  -0.448791E+02
   0.101327E+03   0.999964E+02   0.321878E+01   0.556207E+00  -0.461014E+02
   0.100145E+03   0.100037E+03   0.147680E+01   0.224643E-01  -0.444755E+02
   0.100145E+03   0.101295E+03   0.895215E+01   0.758577E+00  -0.481228E+02
   0.997327E+02   0.101376E+03   0.913581E+01   0.593737E-01  -0.449722E+02
   0.997844E+02   0.100312E+03   0.913581E+01   0.593737E-01  -0.443982E+02
   0.101929E+03   0.997717E+02   0.274853E+01   0.352125E-01  -0.474583E+02
   0.100415E+03   0.998148E+02   0.287549E+01   0.352125E-01  -0.441357E+02
   0.100268E+03   0.100103E+03   0.315819E+01   0.364276E+00  -0.450549E+02
   0.992675E+02   0.100085E+03   0.180734E+01   0.823149E+00  -0.481966E+02
   0.992401E+02   0.998582E+02   0.183446E+00   0.823149E+00  -0.479154E+02
   0.100770E+03   0.100060E+03   0.281096E+01   0.385040E+00  -0.452279E+02
   0.101317E+03   0.100288E+03   0.268735E+01   0.482060E+00  -0.476773E+02
   0.100655E+03   0.100143E+03   0.504229E+00   0.228501E+00  -0.451663E+02
   0.998687E+02   0.998712E+02   0.828905E+01   0.340295E+00  -0.449986E+02
   0.996182E+02   0.998980E+02   0.113891E+01   0.646067E+00  -0.465072E+02
   0.996912E+02   0.998980E+02   0.205460E+01   0.581823E+00  -0.460972E+02
   0.999971E+02   0.102039E+03   0.922841E+01   0.267757E-01  -0.451444E+02
   0.999971E+02   0.101941E+03   0.888253E+01   0.140946E+00  -0.469921E+02
   0.999998E+02   0.993323E+02   0.874411E+01   0.271527E+00  -0.453527E+02
   0.100011E+03   0.998010E+02   0.525732E+01   0.914574E-01  -0.446212E+02
   0.993893E+02   0.997221E+02   0.898637E+01   0.347747E+00  -0.484444E+02
   0.101042E+03   0.997759E+02   0.945500E+00   0.325252E+00  -0.452505E+02
   0.996349E+02   0.997145E+02   0.580505E+01   0.351072E+00  -0.458206E+02
   0.995363E+02   0.996176E+02   0.279539E+01   0.509843E+00  -0.468365E+02
   0.994095E+02   0.998737E+02   0.239086E+01   0.255633E+00  -0.457468E+02
   0.100289E+03   0.993161E+02   0.761853E+01   0.622139E-01  -0.472941E+02
   0.998939E+02   0.100052E+03   0.219486E+01   0.329272E+00  -0.451406E+02
   0.100671E+03   0.999085E+02   0.732742E+00   0.329272E+00  -0.447535E+02
   0.100456E+03   0.996785E+02   0.494994E+01   0.171159E+00  -0.467407E+02
   0.100954E+03   0.999464E+02   0.150838E+01   0.171159E+00  -0.446176E+02
   0.100284E+03   0.999464E+02   0.172010E+01   0.284798E+00  -0.445918E+02
   0.101545E+03   0.999464E+02   0.204386E+01   0.203325E+00  -0.464036E+02
   0.100044E+03   0.998403E+02   0.317804E+01   0.371059E+00  -0.446851E+02
   0.100245E+03   0.999022E+02   0.691988E+01   0.398594E+00  -0.459388E+02
   0.100245E+03   0.997744E+02   0.531970E+01   0.246754E+00  -0.453180E+02
   0.998812E+02   0.997744E+02   0.290637E+01   0.252177E-01  -0.446506E+02
   0.101091E+03   0.998892E+02   0.327294E+01   0.374849E-01  -0.438850E+02
   0.100268E+03   0.999540E+02   0.384428E+01   0.107156E+00  -0.441742E+02
   0.998588E+02   0.100309E+03   0.638418E+01   0.107156E+00  -0.450322E+02
   0.998588E+02   0.100155E+03   0.748647E+01   0.340828E+00  -0.452375E+02
   0.999302E+02   0.994611E+02   0.376033E+01   0.537668E+00  -0.470304E+02
   0.100639E+03   0.996023E+02   0.271217E+01   0.170104E+00  -0.452998E+02
   0.100418E+03   0.998101E+02   0.240320E+01   0.169825E+00  -0.442752E+02
   0.100003E+03   0.998647E+02   0.598541E+01   0.125066E+00  -0.446356E+02
   0.994559E+02   0.997859E+02   0.176188E+01   0.478920E+00  -0.461343E+02
   0.996470E+02   0.100082E+03   0.280420E+01   0.718992E+00  -0.472931E+02
   0.996470E+02   0.997611E+02   0.747904E+01   0.509134E-02  -0.454015E+02
   0.100110E+03   0.995951E+02   0.116965E+01   0.105249E+00  -0.456245E+02
   0.100259E+03   0.994976E+02   0.246607E+01   0.552686E+00  -0.468144E+02
   0.993104E+02   0.998630E+02   0.520243E+00   0.550731E+00  -0.465131E+02
   0.101120E+03   0.997072E+02   0.171948E+01   0.139794E+00  -0.452849E+02
   0.101142E+03   0.997256E+02   0.298279E+00   0.619882E+00  -0.453452E+02
   0.100747E+03   0.997228E+02   0.298279E+00   0.254165E+00  -0.440133E+02
   0.992722E+02   0.999089E+02   0.483462E+01   0.449719E+00  -0.467432E+02
   0.100822E+03   0.997190E+02   0.308857E+01   0.474850E+00  -0.455901E+02
   0.102383E+03   0.997190E+02   0.245226E+00   0.388584E+00  -0.452549E+02
   0.100928E+03   0.999058E+02   0.985648E+00   0.401030E+00  -0.451780E+02
   0.101343E+03   0.995202E+02   0.632849E+00   0.479889E+00  -0.474932E+02
   0.100820E+03   0.994894E+02   0.101062E+01   0.113426E+01  -0.504909E+02
   0.100993E+03   0.100051E+03   0.280478E+01   0.358822E-01  -0.448563E+02
   0.998881E+02   0.100032E+03   0.689271E+01   0.180797E+00  -0.445155E+02
   0.998881E+02   0.994745E+02   0.712547E+01   0.597334E+00  -0.467286E+02
   0.998872E+02   0.999982E+02   0.872527E+01   0.597334E+00  -0.459940E+02
   0.100347E+03   0.996295E+02   0.220197E+01   0.162413E+00  -0.454085E+02
   0.999819E+02   0.995791E+02   0.533755E+01   0.145741E+00  -0.456028E+02
   0.999887E+02   0.999277E+02   0.792427E+00   0.272223E+00  -0.446969E+02
   0.999887E+02   0.100389E+03   0.885226E+01   0.410007E-01  -0.444745E+02
   0.999874E+02   0.100181E+03   0.396795E+01   0.331397E+00  -0.451955E+02
   0.100093E+03   0.996389E+02   0.634418E+01   0.331397E+00  -0.459082E+02
   0.100506E+03   0.998630E+02   0.323507E+01   0.658034E+00  -0.456157E+02
   0.998122E+02   0.997676E+02   0.440479E+01   0.440219E+00  -0.455883E+02
   0.101578E+03   0.998249E+02   0.315463E+01   0.174741E+00  -0.453483E+02
   0.100319E+03   0.999527E+02   0.611471E+00   0.174741E+00  -0.443553E+02
   0.100321E+03   0.995940E+02   0.595356E+00   0.174741E+00  -0.456014E+02
   0.999247E+02   0.100114E+03   0.886017E+01   0.174741E+00  -0.445208E+02
   0.998023E+02   0.100187E+03   0.902594E+01   0.240907E+00  -0.448614E+02
   0.997903E+02   0.999757E+02   0.914177E+01   0.208753E+00  -0.447567E+02
   0.998784E+02   0.997355E+02   0.592165E+01   0.556542E+00  -0.460650E+02
   0.100009E+03   0.100040E+03   0.761548E+01   0.385056E+00  -0.451444E+02
   0.998456E+02   0.100214E+03   0.723040E+01   0.646327E+00  -0.465831E+02
   0.100259E+03   0.100722E+03   0.918263E+01   0.878573E+00  -0.483793E+02
   0.994798E+02   0.999501E+02   0.676712E+01   0.182679E+00  -0.457811E+02
   0.100098E+03   0.999501E+02   0.540605E+00   0.182679E+00  -0.444536E+02
   0.100961E+03   0.998300E+02   0.270338E+01   0.585573E-01  -0.445283E+02
   0.996877E+02   0.100053E+03   0.540412E+01   0.636586E+00  -0.465434E+02
   0.100074E+03   0.100037E+03   0.127687E+01   0.589713E+00  -0.459960E+02
   0.100017E+03   0.100584E+03   0.873258E+01   0.148474E+00  -0.449015E+02
   0.100454E+03   0.997250E+02   0.968312E+00   0.148474E+00  -0.447204E+02
   0.994900E+02   0.995516E+02   0.968312E+00   0.154188E-01  -0.467568E+02
   0.100082E+03   0.995516E+02   0.479329E+01   0.280878E+00  -0.464209E+02
   0.103479E+03   0.997184E+02   0.377550E+00   0.280878E+00  -0.476842E+02
   0.101543E+03   0.997835E+02   0.328448E+01   0.280878E+00  -0.454679E+02
   0.101160E+03   0.100007E+03   0.550092E+00   0.100853E-01  -0.448547E+02
   0.100557E+03   0.999856E+02   0.113278E+01   0.561222E+00  -0.457075E+02
   0.998059E+02   0.999613E+02   0.874979E+01   0.361163E+00  -0.451746E+02
   0.998163E+02   0.998663E+02   0.839480E+01   0.603931E+00  -0.461910E+02
   0.999704E+02   0.997055E+02   0.773655E+01   0.817248E+00  -0.473591E+02
   0.100314E+03   0.996928E+02   0.616783E+01   0.962036E-01  -0.462277E+02
   0.100514E+03   0.100045E+03   0.385888E+01   0.479616E+00  -0.456925E+02
   0.998882E+02   0.996105E+02   0.572220E+01   0.805018E-01  -0.454691E+02
   0.100159E+03   0.999464E+02   0.360010E+00   0.138325E+00  -0.441577E+02
   0.996019E+02   0.996212E+02   0.748775E+01   0.275230E+00  -0.462095E+02
   0.100740E+03   0.999251E+02   0.259247E+01   0.275230E+00  -0.445722E+02
   0.100328E+03   0.999839E+02   0.161238E+01   0.418520E+00  -0.450601E+02
   0.994073E+02   0.100012E+03   0.346771E+01   0.506030E-01  -0.466147E+02
   0.993471E+02   0.100012E+03   0.220600E+01   0.573407E-01  -0.454817E+02
   0.100256E+03   0.998442E+02   0.365101E+01   0.638494E+00  -0.460135E+02
   0.999140E+02   0.997399E+02   0.762736E+01   0.142322E+00  -0.446707E+02
   0.100131E+03   0.994793E+02   0.714015E+01   0.727772E-01  -0.458272E+02
   0.999104E+02   0.101543E+03   0.906400E+01   0.187421E-01  -0.458851E+02
   0.999104E+02   0.100202E+03   0.121911E+01   0.529480E+00  -0.464708E+02
   0.996570E+02   0.100188E+03   0.538433E+01   0.442103E+00  -0.461017E+02
   0.999551E+02   0.100374E+03   0.872245E+01   0.450516E+00  -0.454294E+02
   0.999574E+02   0.100052E+03   0.176298E+01   0.449544E+00  -0.454798E+02
   0.100373E+03   0.995776E+02   0.820497E+01   0.168287E+00  -0.465993E+02
   0.100133E+03   0.100101E+03   0.444157E+01   0.360220E-01  -0.448527E+02
   0.100133E+03   0.100284E+03   0.855863E+01   0.227949E+00  -0.454130E+02
   0.997433E+02   0.997348E+02   0.140390E+01   0.291804E-02  -0.450340E+02
   0.999430E+02   0.100036E+03   0.766775E+01   0.140050E+00  -0.445783E+02
   0.999430E+02   0.996492E+02   0.443667E+01   0.651295E-01  -0.454149E+02
   0.999430E+02   0.101459E+03   0.932125E+01   0.113078E+00  -0.444458E+02
   0.999430E+02   0.997054E+02   0.338344E+01   0.113078E+00  -0.445584E+02
   0.100471E+03   0.100084E+03   0.768299E+01   0.113078E+00  -0.469600E+02
   0.996212E+02   0.999627E+02   0.154306E+01   0.468807E+00  -0.457292E+02
   0.100008E+03   0.100247E+03   0.459552E+01   0.287887E+00  -0.454696E+02
   0.100713E+03   0.100168E+03   0.345522E+01   0.392510E-01  -0.447965E+02
   0.100650E+03   0.995412E+02   0.150476E+01   0.400452E+00  -0.464285E+02
   0.101473E+03   0.100291E+03   0.165523E+01   0.373272E+00  -0.474661E+02
   0.101011E+03   0.100098E+03   0.273776E+01   0.558523E-01  -0.451173E+02
   0.100020E+03   0.998927E+02   0.336961E+00   0.375787E+00  -0.448682E+02
   0.100270E+03   0.992381E+02   0.650444E+01   0.564007E+00  -0.491059E+02
   0.100270E+03   0.996728E+02   0.779875E+01   0.214257E-01  -0.455786E+02
   0.100166E+03   0.100032E+03   0.647087E+01   0.524146E-01  -0.449817E+02
   0.100096E+03   0.100370E+03   0.279485E+01   0.290570E+00  -0.472308E+02
   0.995863E+02   0.997575E+02   0.185458E+01   0.552195E+00  -0.462987E+02
   0.999287E+02   0.101178E+03   0.915821E+01   0.295620E-01  -0.443446E+02
   0.100681E+03   0.998551E+02   0.134805E+01   0.444201E+00  -0.451971E+02
   0.100991E+03   0.997060E+02   0.226071E+01   0.950918E-01  -0.449956E+02
   0.999867E+02   0.999671E+02   0.329350E+01   0.162836E-01  -0.443766E+02
   0.100741E+03   0.100097E+03   0.112817E+01   0.162836E-01  -0.447653E+02
   0.100290E+03   0.998800E+02   0.133517E+01   0.263909E+00  -0.445301E+02
   0.999126E+02   0.100007E+03   0.607540E+01   0.510748E+00  -0.455448E+02
   0.999580E+02   0.100007E+03   0.532254E+01   0.210685E+00  -0.446542E+02
   0.100458E+03   0.996594E+02   0.342592E+00   0.874014E-01  -0.443104E+02
   0.101192E+03   0.999131E+02   0.337342E+01   0.139013E+00  -0.442237E+02
   0.998796E+02   0.996681E+02   0.885416E+01   0.323127E+00  -0.450358E+02
   0.998796E+02   0.100157E+03   0.743465E+01   0.138178E+00  -0.448530E+02
   0.999830E+02   0.996435E+02   0.780968E+01   0.376440E+00  -0.453508E+02
   0.100386E+03   0.996435E+02   0.297986E+01   0.622655E-01  -0.448750E+02
   0.100263E+03   0.999820E+02   0.334368E+01   0.331186E+00  -0.444356E+02
   0.101098E+03   0.997913E+02   0.197295E+01   0.245696E+00  -0.455278E+02
   0.993460E+02   0.994264E+02   0.853147E+01   0.439189E+00  -0.490917E+02
   0.100068E+03   0.999212E+02   0.752206E+01   0.473561E+00  -0.454842E+02
   0.995950E+02   0.100371E+03   0.771519E+01   0.386569E+00  -0.469340E+02
   0.100458E+03   0.997911E+02   0.508466E+01   0.386569E+00  -0.466040E+02
   0.100186E+03   0.100396E+03   0.919966E+01   0.200601E+00  -0.453071E+02
   0.994222E+02   0.100082E+03   0.685838E+00   0.754787E+00  -0.475765E+02
   0.100443E+03   0.996953E+02   0.297259E+01   0.197902E+00  -0.447123E+02
   0.996786E+02   0.996291E+02   0.938853E+01   0.260200E+00  -0.456958E+02
   0.994222E+02   0.100044E+03   0.705569E+01   0.211845E+00  -0.461706E+02
   0.100753E+03   0.998748E+02   0.248202E+01   0.607957E+00  -0.459001E+02
   0.999626E+02   0.997147E+02   0.798705E+01   0.393372E-02  -0.446119E+02
   0.100633E+03   0.997147E+02   0.136455E+01   0.251656E+00  -0.449835E+02
   0.996975E+02   0.998366E+02   0.343411E+01   0.343408E+00  -0.454937E+02
   0.997955E+02   0.100094E+03   0.871804E+01   0.424726E+00  -0.454144E+02
   0.999982E+02   0.998972E+02   0.656397E+00   0.304041E+00  -0.447687E+02
   0.998424E+02   0.997443E+02   0.662211E+01   0.458148E+00  -0.456633E+02
   0.994439E+02   0.100024E+03   0.600579E+01   0.301933E+00  -0.460884E+02
   0.100059E+03   0.100028E+03   0.283136E+01   0.527861E+00  -0.456784E+02
   0.101134E+03   0.993208E+02   0.287279E+01   0.944510E-01  -0.490197E+02
   0.100355E+03   0.100275E+03   0.365008E+01   0.223641E+00  -0.461303E+02
   0.100418E+03   0.998651E+02   0.353943E+01   0.362109E+00  -0.448221E+02
   0.100418E+03   0.101309E+03   0.665031E+01   0.628553E+00  -0.543106E+02
   0.100153E+03   0.999150E+02   0.812448E+01   0.674858E-01  -0.447605E+02
   0.101064E+03   0.998252E+02   0.326277E+01   0.674858E-01  -0.438251E+02
   0.100690E+03   0.998252E+02   0.147774E+01   0.144775E+00  -0.444398E+02
   0.100493E+03   0.100125E+03   0.360074E+01   0.144775E+00  -0.450362E+02
   0.100247E+03   0.998751E+02   0.249660E+01   0.146699E-02  -0.441004E+02
   0.998147E+02   0.998108E+02   0.610451E+01   0.288232E+00  -0.450098E+02
   0.999352E+02   0.100839E+03   0.927668E+01   0.307826E+00  -0.445366E+02
   0.999352E+02   0.996836E+02   0.674810E+01   0.270244E+00  -0.453393E+02
   0.999352E+02   0.100251E+03   0.269556E+01   0.298951E+00  -0.462669E+02
   0.999352E+02   0.100043E+03   0.720068E+01   0.247656E+00  -0.447584E+02
   0.100335E+03   0.100178E+03   0.548094E+01   0.221744E+00  -0.458560E+02
   0.100373E+03   0.995148E+02   0.536488E+01   0.221744E+00  -0.469881E+02
   0.995959E+02   0.100267E+03   0.503056E+01   0.211019E-01  -0.457216E+02
   0.995398E+02   0.998112E+02   0.382094E+01   0.350976E+00  -0.461586E+02
   0.995398E+02   0.997317E+02   0.921371E+01   0.528566E-04  -0.465522E+02
   0.995398E+02   0.100296E+03   0.887831E+01   0.528566E-04  -0.465025E+02
   0.993159E+02   0.100250E+03   0.226208E+00   0.823230E+00  -0.492625E+02
   0.100643E+03   0.998529E+02   0.152995E+01   0.928965E+00  -0.480015E+02
   0.100275E+03   0.999267E+02   0.704224E+01   0.722974E+00  -0.473318E+02
   0.997243E+02   0.997393E+02   0.896330E+01   0.585551E+00  -0.463772E+02
