"res1"	"Y1_gamma1"	"LogPost"
99.9546	0.0458013	-44.4267
100.277	0.0973456	-46.0596
100.079	0.334285	-45.1288
99.8865	0.452539	-45.3547
99.8853	0.303302	-44.8683
100.096	0.230561	-44.9577
99.8266	0.450366	-45.4642
99.889	0.219586	-44.6713
100.217	0.0419243	-45.5187
100.033	0.012016	-44.5343
99.5668	0.180847	-46.5224
100.222	0.403183	-46.0114
99.7938	0.455645	-45.5819
99.8796	0.764217	-46.9608
100.084	0.75303	-47.0157
100.002	0.244717	-44.7262
99.7291	0.0928356	-45.1111
99.6467	0.266271	-45.8854
99.7882	0.258369	-45.0325
99.4654	0.349318	-47.7504
99.9153	0.248492	-44.7014
99.9153	0.664024	-46.3376
100.012	0.74992	-46.8757
100.051	0.50078	-45.631
100.026	0.550356	-45.8046
99.9825	0.975145	-48.3966
99.6498	0.506928	-46.4561
100.056	0.643328	-46.326
99.7487	0.354099	-45.4373
99.9955	0.0242481	-44.4586
100.284	0.577946	-46.9884
99.805	0.466162	-45.5857
99.805	0.603755	-46.1911
99.3847	0.301631	-48.7878
99.9212	0.37542	-45.0447
100.015	0.0896709	-44.5269
99.8442	0.542195	-45.8057
99.9897	0.168082	-44.571
100.355	0.286288	-46.9259
99.9052	0.286872	-44.8008
99.8169	0.294198	-45.008
99.9941	0.643859	-46.2399
99.631	0.762245	-47.7008
100.014	0.538693	-45.7326
99.5975	1.11241	-50.1083
99.9367	0.104188	-44.4646
99.9505	0.207886	-44.6086
99.6835	0.33624	-45.7571
100.053	0.614153	-46.1672
100.141	0.243773	-45.1917
99.7796	0.215797	-44.9883
99.828	0.152907	-44.7071
100.159	0.211994	-45.237
99.5964	0.421122	-46.5819
100.41	0.617144	-48.0905
99.8793	0.402245	-45.1796
100.253	0.186979	-45.8847
99.6997	0.0436262	-45.2824
100.03	0.0939414	-44.5644
100.03	0.133064	-44.6016
99.9491	0.150938	-44.5177
99.9739	0.599683	-45.9918
100.092	0.331371	-45.1651
100.205	0.262325	-45.6035
100.107	0.151176	-44.8941
99.9127	0.26095	-44.7314
100.268	0.784959	-47.8824
100.159	0.783617	-47.4153
100.207	0.186538	-45.524
100.137	0.500775	-45.8975
100.036	0.22887	-44.7617
99.8799	0.41788	-45.234
99.7698	0.129931	-44.9172
100.065	0.00197692	-44.6325
99.758	0.379341	-45.4662
100.008	0.252641	-44.7523
99.8399	0.363255	-45.132
99.7564	0.158615	-45.0172
100.167	0.553324	-46.2436
100.334	0.367576	-46.8168
99.7727	0.151792	-44.9272
100.126	0.539479	-46.0172
99.8137	0.314399	-45.0695
99.9881	0.03301	-44.4502
99.9042	0.206223	-44.6267
100.437	0.452042	-47.972
99.7722	0.10832	-44.8854
100.17	0.392067	-45.6801
99.9808	0.396717	-45.1238
100.242	0.0347276	-45.7248
99.8968	0.0347276	-44.4514
99.8968	0.138553	-44.5319
99.7494	0.0543536	-44.9714
100.124	0.268257	-45.1529
99.4286	0.264566	-48.1959
100.087	0.149055	-44.8044
99.9142	0.321061	-44.8838
100.174	0.647573	-46.7104
99.7607	0.17494	-45.0159
100.154	0.361262	-45.5161
99.6298	0.402645	-46.2831
99.5792	0.412146	-46.7017
99.9094	0.0292287	-44.4352
99.4549	0.464082	-47.9854
100.166	0.127265	-45.1926
100.156	0.0312498	-45.084
100.033	0.0369817	-44.5392
99.7935	0.43134	-45.4949
99.9834	0.0762068	-44.4651
99.7891	0.342906	-45.2334
99.7046	0.28937	-45.5244
99.9646	0.11207	-44.4782
99.7768	0.275025	-45.1159
99.9514	0.481646	-45.4344
99.6262	0.160828	-45.9368
99.7713	0.532728	-45.9672
99.8307	0.698773	-46.6404
99.6688	0.0764863	-45.5265
100.076	0.00320686	-44.6756
99.7529	0.194693	-45.0839
99.7529	0.221446	-45.1261
99.9123	0.156996	-44.5393
99.9485	0.795476	-47.128
100.361	0.417895	-47.1493
99.7919	0.417895	-45.4542
100.16	0.691199	-46.8866
100.244	0.442258	-46.2656
99.4655	0.0641373	-47.7332
99.826	0.219101	-44.8174
99.6649	0.0357999	-45.5447
100.104	0.0572092	-44.8056
99.9928	0.30091	-44.8456
99.9928	0.666355	-46.3633
100.081	0.622816	-46.2749
100.056	0.0805567	-44.6282
100.121	0.115196	-44.9237
99.76	0.235131	-45.1145
99.9071	0.118121	-44.4964
99.7716	0.0328621	-44.8463
99.8641	0.310051	-44.9238
99.873	0.235458	-44.7302
99.9727	0.0727236	-44.4519
100.127	0.356233	-45.3724
99.8626	0.222263	-44.725
99.8224	0.17378	-44.7543
99.4482	0.178208	-47.9506
99.8203	0.0049629	-44.6336
99.7421	0.278926	-45.2905
100.243	0.402029	-46.1496
99.398	0.231156	-48.6377
99.6521	0.321642	-45.9419
100.167	0.1599	-45.223
100.274	0.193717	-46.0709
100.052	0.117501	-44.6456
99.8892	0.0654849	-44.4761
99.9375	0.0642508	-44.4342
99.8907	0.25158	-44.735
100.234	0.367692	-46.005
100.176	0.330158	-45.5553
99.9703	0.107475	-44.4776
100.486	0.637705	-48.8531
100.001	0.0346191	-44.4702
100.001	0.280022	-44.8039
99.6166	0.280022	-46.1499
100.12	0.280022	-45.1581
99.945	0.212768	-44.6172
100.077	0.132263	-44.746
99.8515	0.592283	-46.0306
99.7415	0.327028	-45.4026
99.4578	0.362101	-47.847
100.272	0.617258	-47.0702
99.7864	0.0135507	-44.7722
99.8941	0.231274	-44.6872
99.6766	0.14624	-45.5116
99.7907	0.905068	-48.0346
99.7343	0.662904	-46.7178
99.9588	0.208666	-44.6124
100.053	0.129004	-44.659
99.8198	0.738688	-46.8961
99.7448	0.190457	-45.1212
99.8876	0.583652	-45.935
99.9372	0.179246	-44.5595
99.9372	0.0543767	-44.429
100.161	0.206428	-45.2462
100.15	0.284988	-45.3156
100.065	0.252198	-44.8902
100.065	0.223513	-44.8349
99.7772	0.201861	-44.9764
99.9153	0.692495	-46.5001
99.9923	0.335788	-44.9413
99.9448	0.429741	-45.2284
99.7074	0.346955	-45.6363
99.956	0.00143448	-44.4179
99.956	0.579911	-45.8852
99.956	0.129223	-44.4924
99.6585	0.0709042	-45.6069
99.9824	0.0711483	-44.4607
100.161	0.792639	-47.4761
99.9357	0.235102	-44.6624
99.8388	0.672657	-46.4775
99.8887	0.468782	-45.4163
100.02	0.76726	-46.9934
99.5624	0.406036	-46.8335
99.9647	0.549959	-45.7423
100.045	0.295959	-44.932
99.8512	0.287041	-44.8933
99.8032	0.195531	-44.8569
100.186	0.0929126	-45.299
100.186	0.116982	-45.3127
100.165	0.178736	-45.2312
99.8583	0.0504686	-44.5302
99.8121	0.211368	-44.8506
99.7933	0.192977	-44.8925
100.031	0.125554	-44.5943
99.7099	0.438458	-45.8826
99.7811	0.509177	-45.8343
100.087	0.29616	-45.0589
99.8368	0.362482	-45.1376
100.303	0.125189	-46.3258
100.343	0.249993	-46.7829
99.9754	0.183374	-44.5792
100.123	0.434979	-45.5998
100.043	0.165967	-44.6755
99.9685	0.306161	-44.8377
100.022	0.204246	-44.684
100.095	0.152106	-44.8397
100.301	0.403005	-46.59
100.089	0.158961	-44.8226
99.6129	0.547206	-46.834
99.9193	0.310822	-44.8518
99.9193	0.122545	-44.4907
99.9014	0.526233	-45.6486
100.035	0.37245	-45.1222
100.226	0.447697	-46.1648
100.213	0.000831702	-45.4819
99.8046	0.0247968	-44.696
99.9269	0.378148	-45.0507
100.13	0.50007	-45.8702
100.063	0.196955	-44.783
99.9072	0.0461149	-44.4432
99.5398	0.00159324	-46.7834
99.8138	0.0303025	-44.6614
99.8907	0.23077	-44.691
100.106	0.0700366	-44.8229
100.013	0.0700366	-44.509
100.013	0.058732	-44.5028
99.9447	0.115348	-44.475
100.385	0.00720726	-47.272
100.213	0.211082	-45.5941
100.078	0.219289	-44.87
100.425	0.89162	-49.4172
100.004	0.0946343	-44.5082
100.098	0.120699	-44.8192
100.669	0.110571	-51.9988
99.762	0.182058	-45.0192
99.762	0.671799	-46.6682
100.05	0.190593	-44.7303
100.185	0.176604	-45.362
99.7636	0.385259	-45.4595
99.4863	0.285929	-47.4719
99.6115	0.277251	-46.1899
100.158	0.0503588	-45.098
100.187	0.0396917	-45.2896
100.015	0.243651	-44.7458
100.003	0.11235	-44.523
99.9469	0.396687	-45.1094
99.9582	0.383082	-45.0649
99.7917	0.492231	-45.7301
100.084	0.0568451	-44.7197
99.8866	0.112733	-44.5178
99.9843	0.336445	-44.9348
100.012	0.600514	-46.0304
100.108	0.158932	-44.9035
99.9805	0.0855047	-44.4684
99.3396	0.722243	-49.7265
100.121	0.43669	-45.597
100.121	0.176198	-44.9872
99.6965	0.180221	-45.4046
99.9201	0.266315	-44.7384
99.6417	0.531409	-46.5924
100.002	0.0698371	-44.4886
100.112	0.352769	-45.3019
99.6185	0.0716965	-45.9592
100.207	0.0214025	-45.437
99.8916	0.00524407	-44.4533
100.296	0.18977	-46.2722
99.8904	0.0786696	-44.4828
100.011	0.00134947	-44.4841
99.8173	0.070663	-44.6657
99.9853	0.467639	-45.3932
99.9252	0.190064	-44.5814
99.9806	0.506109	-45.5514
100.303	0.45238	-46.7213
99.9682	0.221853	-44.6423
99.9682	0.376794	-45.0482
100.295	0.187475	-46.2622
100.365	0.124016	-47.0072
99.5651	0.124016	-46.5143
99.7547	1.08934	-49.4614
99.9567	1.21507	-50.2809
99.8242	0.439541	-45.4302
100.332	0.129015	-46.6296
100.07	0.0521656	-44.662
99.9358	0.222779	-44.6374
100.058	0.387058	-45.224
99.6276	0.40288	-46.2991
99.7752	0.24085	-45.0534
99.8771	0.740454	-46.8167
99.9612	0.653431	-46.2732
99.6215	0.606129	-47.0055
100.257	0.335524	-46.1053
100.315	0.31082	-46.5576
100.05	0.650924	-46.3553
100.036	0.776077	-47.0703
99.889	0.125669	-44.5279
100.461	0.635511	-48.6097
99.819	0.897698	-47.9292
100.426	0.00738217	-47.8187
100.556	0.247457	-49.611
99.7654	0.488434	-45.8084
99.8909	0.379332	-45.0859
100.717	1.05086	-52.5754
99.8966	0.556389	-45.7931
99.829	0.0542796	-44.6163
99.8184	0.579535	-46.0387
100.079	0.168835	-44.7955
100.079	0.174836	-44.8036
100.079	0.417017	-45.3827
99.8835	0.00672177	-44.4665
100.04	0.479667	-45.5203
99.7531	0.687115	-46.7796
100.009	0.181508	-44.6211
100.003	0.183005	-44.6138
100.003	0.490825	-45.508
99.8882	0.58243	-45.9283
99.8846	0.139722	-44.5515
99.8846	0.201098	-44.6439
99.828	0.140603	-44.6916
100.072	0.0717072	-44.6783
100.072	0.0717072	-44.6783
100.217	0.341644	-45.8335
99.6807	0.0266437	-45.4187
99.8452	0.0183593	-44.5552
99.9476	0.0183593	-44.4171
100.109	0.050994	-44.8267
100.109	0.0605308	-44.8305
100.012	0.539553	-45.7339
99.8418	0.363991	-45.1296
100.038	0.253508	-44.8155
100.038	0.239345	-44.7863
100.085	0.239345	-44.9339
99.9194	0.48097	-45.4387
100.044	0.374513	-45.1504
99.9426	0.123955	-44.4842
100.077	0.0244128	-44.6818
99.9747	0.1186	-44.4925
99.9827	0.1186	-44.5006
99.8324	0.267611	-44.8976
99.852	0.419984	-45.2921
100.278	0.0957508	-46.0651
99.9513	0.0852793	-44.4489
99.8557	0.005979	-44.5256
99.7047	0.110961	-45.2817
100.187	0.413544	-45.8369
99.6152	0.337181	-46.2548
100.197	0.148048	-45.4131
99.9265	0.27682	-44.76
99.759	0.343349	-45.3603
100.453	0.280864	-48.0794
99.6096	0.0651041	-46.0422
99.9009	0.212732	-44.6424
100.07	0.386082	-45.2543
99.9847	0.136396	-44.5227
100.041	0.208525	-44.7374
100.109	0.693476	-46.7302
99.9379	0.269599	-44.7388
100.101	0.200861	-44.9324
99.8779	0.336162	-44.9712
99.9842	0.197731	-44.6118
99.9863	0.135737	-44.5239
99.9684	0.0204448	-44.4268
100.03	0.0653511	-44.5438
99.9868	0.169242	-44.5692
100.014	0.50462	-45.5813
99.7854	0.203687	-44.9427
100.183	0.119041	-45.2986
99.9314	0.0989993	-44.4612
100.022	0.032062	-44.5113
99.7551	0.0562547	-44.9403
99.9848	0.209828	-44.634
99.7276	0.100236	-45.1254
99.7207	0.129715	-45.1924
100.352	0.0229951	-46.8666
99.7189	0.103383	-45.1828
100.054	0.00087343	-44.5962
99.7437	0.165375	-45.094
99.9664	0.254931	-44.7105
100.194	0.228136	-45.4809
99.8085	0.290751	-45.0282
99.93	0.148173	-44.5161
99.93	0.0928203	-44.4564
100.056	0.0521823	-44.6142
100.047	0.0165721	-44.5758
100.159	0.589798	-46.3695
99.8163	0.611426	-46.2008
99.991	0.128946	-44.522
99.9636	0.06222	-44.4389
100.076	0.214573	-44.856
99.6788	0.225892	-45.5873
99.9942	0.0394365	-44.4609
100.158	0.0718227	-45.1052
100.252	0.498116	-46.4932
99.7364	0.188555	-45.1655
99.7364	0.169015	-45.14
100.051	0.124066	-44.6477
99.7306	0.0207867	-45.0729
99.8241	0.305939	-45.0146
100.135	0.225552	-45.131
99.8248	0.31912	-45.0471
100.153	0.250803	-45.2654
99.9199	0.159094	-44.5364
99.3286	0.0892874	-49.8805
100.171	0.378259	-45.6454
99.9702	0.264956	-44.7357
99.8645	0.573328	-45.9155
99.7864	0.266923	-45.0578
100.005	0.87787	-47.7115
100.043	0.123144	-44.6237
99.8244	0.142795	-44.7062
99.7573	0.142795	-44.9943
99.8883	0.375272	-45.0761
99.8883	0.544014	-45.7437
99.8505	0.950491	-48.2586
99.8388	0.0245793	-44.5751
100.304	0.0245793	-46.3164
99.9462	0.00460757	-44.4155
99.5595	0.545934	-47.2146
99.3322	0.792674	-50.0168
99.8556	0.680055	-46.4902
100.042	0.209	-44.7405
99.9567	0.246539	-44.6877
99.8943	0.246539	-44.7191
100.015	0.33513	-44.9713
99.5409	0.483113	-47.1915
99.5409	0.469099	-47.1582
99.907	0.3459	-44.9624
100.196	0.397394	-45.8386
100.32	0.469872	-46.9026
99.8869	0.336531	-44.9583
99.6799	0.0871129	-45.4452
99.8723	0.648326	-46.2903
100.042	0.256639	-44.8317
99.887	0.271456	-44.7859
99.634	0.35445	-46.1419
99.7922	0.372152	-45.3064
99.9125	8.36802e-05	-44.4285
99.6877	0.630574	-46.7555
100.157	0.016216	-45.0889
100.076	0.312584	-45.0621
99.9714	0.14913	-44.5258
99.9008	0.265873	-44.7546
100.215	0.19175	-45.586
100.106	0.291709	-45.1234
99.8447	0.116925	-44.6148
100.006	0.408639	-45.1936
99.8362	0.534138	-45.7862
99.9682	0.427221	-45.2247
99.7944	0.363881	-45.2739
99.9414	0.030437	-44.4195
99.9414	0.475995	-45.4108
99.888	0.033978	-44.4641
100.173	0.204461	-45.3151
100.045	0.96278	-48.3633
99.7818	0.108779	-44.8401
99.7797	0.290764	-45.139
100.198	0.682216	-46.9943
99.8842	0.144834	-44.5587
99.6842	0.455926	-46.0802
99.6737	0.0549563	-45.4796
99.9048	0.113008	-44.4935
99.6664	0.550962	-46.5212
100.263	0.369198	-46.218
99.8179	0.598876	-46.1343
99.8477	0.400729	-45.2346
100.104	0.0899398	-44.8223
99.6965	0.176754	-45.4004
99.7649	0.176754	-44.9974
99.9307	0.344395	-44.9425
99.6261	0.571943	-46.8409
100.194	0.57383	-46.4539
99.851	0.365488	-45.1123
100.188	0.626218	-46.6653
100.232	0.121912	-45.6691
100.057	0.542263	-45.8262
99.6892	0.52643	-46.302
100.017	0.38428	-45.1271
99.8853	0.381468	-45.1005
100.004	0.641978	-46.2394
100.004	0.24047	-44.7196
99.8556	0.0667387	-44.5454
