"loglikelihood"	"logprio"	"logposterior"
-24.0115298140119	-4.60517018598809	-28.6167
-21.4507298140119	-4.60517018598809	-26.0559
-21.3151298140119	-4.60517018598809	-25.9203
-23.2181298140119	-4.60517018598809	-27.8233
-21.4300298140119	-4.60517018598809	-26.0352
-23.8252298140119	-4.60517018598809	-28.4304
-22.9800298140119	-4.60517018598809	-27.5852
-22.5010298140119	-4.60517018598809	-27.1062
-23.6206298140119	-4.60517018598809	-28.2258
-21.4371298140119	-4.60517018598809	-26.0423
-22.5789298140119	-4.60517018598809	-27.1841
-22.3617298140119	-4.60517018598809	-26.9669
-22.1025298140119	-4.60517018598809	-26.7077
-21.1800298140119	-4.60517018598809	-25.7852
-21.3053298140119	-4.60517018598809	-25.9105
-22.4418298140119	-4.60517018598809	-27.047
-22.8848298140119	-4.60517018598809	-27.49
-21.1261298140119	-4.60517018598809	-25.7313
-22.3833298140119	-4.60517018598809	-26.9885
-22.5916298140119	-4.60517018598809	-27.1968
-21.1633298140119	-4.60517018598809	-25.7685
-22.5156298140119	-4.60517018598809	-27.1208
-21.6466298140119	-4.60517018598809	-26.2518
-24.0617298140119	-4.60517018598809	-28.6669
-22.0231298140119	-4.60517018598809	-26.6283
-21.1204298140119	-4.60517018598809	-25.7256
-21.4848298140119	-4.60517018598809	-26.09
-22.0625298140119	-4.60517018598809	-26.6677
-21.3812298140119	-4.60517018598809	-25.9864
-22.7192298140119	-4.60517018598809	-27.3244
-22.3320298140119	-4.60517018598809	-26.9372
-22.9203298140119	-4.60517018598809	-27.5255
-21.9279298140119	-4.60517018598809	-26.5331
-22.3325298140119	-4.60517018598809	-26.9377
-21.2474298140119	-4.60517018598809	-25.8526
-21.8112298140119	-4.60517018598809	-26.4164
-21.3053298140119	-4.60517018598809	-25.9105
-21.6145298140119	-4.60517018598809	-26.2197
-22.8335298140119	-4.60517018598809	-27.4387
-25.4996298140119	-4.60517018598809	-30.1048
-22.0191298140119	-4.60517018598809	-26.6243
-22.8755298140119	-4.60517018598809	-27.4807
-22.1125298140119	-4.60517018598809	-26.7177
-21.1650298140119	-4.60517018598809	-25.7702
-21.1103298140119	-4.60517018598809	-25.7155
-22.7955298140119	-4.60517018598809	-27.4007
-21.2719298140119	-4.60517018598809	-25.8771
-21.8418298140119	-4.60517018598809	-26.447
-25.6623298140119	-4.60517018598809	-30.2675
-22.0587298140119	-4.60517018598809	-26.6639
-23.9497298140119	-4.60517018598809	-28.5549
-21.9718298140119	-4.60517018598809	-26.577
-22.6017298140119	-4.60517018598809	-27.2069
-24.0275298140119	-4.60517018598809	-28.6327
-22.6475298140119	-4.60517018598809	-27.2527
-22.9564298140119	-4.60517018598809	-27.5616
-21.9737298140119	-4.60517018598809	-26.5789
-21.4524298140119	-4.60517018598809	-26.0576
-21.1997298140119	-4.60517018598809	-25.8049
-23.3576298140119	-4.60517018598809	-27.9628
-21.6497298140119	-4.60517018598809	-26.2549
-21.3981298140119	-4.60517018598809	-26.0033
-21.1272298140119	-4.60517018598809	-25.7324
-21.1092298140119	-4.60517018598809	-25.7144
-23.4028298140119	-4.60517018598809	-28.008
-22.2385298140119	-4.60517018598809	-26.8437
-23.1752298140119	-4.60517018598809	-27.7804
-21.6256298140119	-4.60517018598809	-26.2308
-21.6048298140119	-4.60517018598809	-26.21
-21.5315298140119	-4.60517018598809	-26.1367
-21.7384298140119	-4.60517018598809	-26.3436
-22.5444298140119	-4.60517018598809	-27.1496
-22.1828298140119	-4.60517018598809	-26.788
-22.6660298140119	-4.60517018598809	-27.2712
-25.6397298140119	-4.60517018598809	-30.2449
-22.0484298140119	-4.60517018598809	-26.6536
-22.4617298140119	-4.60517018598809	-27.0669
-22.0082298140119	-4.60517018598809	-26.6134
-21.6978298140119	-4.60517018598809	-26.303
-21.3155298140119	-4.60517018598809	-25.9207
-21.9234298140119	-4.60517018598809	-26.5286
-21.2997298140119	-4.60517018598809	-25.9049
-22.5957298140119	-4.60517018598809	-27.2009
-21.9354298140119	-4.60517018598809	-26.5406
-25.1445298140119	-4.60517018598809	-29.7497
-27.5695298140119	-4.60517018598809	-32.1747
-21.3442298140119	-4.60517018598809	-25.9494
-21.4868298140119	-4.60517018598809	-26.092
-21.1168298140119	-4.60517018598809	-25.722
-22.2918298140119	-4.60517018598809	-26.897
-21.9580298140119	-4.60517018598809	-26.5632
-22.7615298140119	-4.60517018598809	-27.3667
-21.5052298140119	-4.60517018598809	-26.1104
-22.2365298140119	-4.60517018598809	-26.8417
-21.1239298140119	-4.60517018598809	-25.7291
-21.6123298140119	-4.60517018598809	-26.2175
-21.3489298140119	-4.60517018598809	-25.9541
-21.7598298140119	-4.60517018598809	-26.365
-21.7975298140119	-4.60517018598809	-26.4027
-21.2908298140119	-4.60517018598809	-25.896
-21.1573298140119	-4.60517018598809	-25.7625
-21.2550298140119	-4.60517018598809	-25.8602
-21.5925298140119	-4.60517018598809	-26.1977
-22.4976298140119	-4.60517018598809	-27.1028
-22.6186298140119	-4.60517018598809	-27.2238
-21.1570298140119	-4.60517018598809	-25.7622
-21.3807298140119	-4.60517018598809	-25.9859
-22.4263298140119	-4.60517018598809	-27.0315
-22.9780298140119	-4.60517018598809	-27.5832
-23.5520298140119	-4.60517018598809	-28.1572
-22.1469298140119	-4.60517018598809	-26.7521
-21.2064298140119	-4.60517018598809	-25.8116
-21.3542298140119	-4.60517018598809	-25.9594
-24.0435298140119	-4.60517018598809	-28.6487
-23.1958298140119	-4.60517018598809	-27.801
-21.6227298140119	-4.60517018598809	-26.2279
-21.5188298140119	-4.60517018598809	-26.124
-21.7791298140119	-4.60517018598809	-26.3843
-21.7565298140119	-4.60517018598809	-26.3617
-21.8498298140119	-4.60517018598809	-26.455
-23.3559298140119	-4.60517018598809	-27.9611
-22.5476298140119	-4.60517018598809	-27.1528
-25.0963298140119	-4.60517018598809	-29.7015
-21.1871298140119	-4.60517018598809	-25.7923
-22.8769298140119	-4.60517018598809	-27.4821
-21.5582298140119	-4.60517018598809	-26.1634
-21.5456298140119	-4.60517018598809	-26.1508
-22.3958298140119	-4.60517018598809	-27.001
-21.6619298140119	-4.60517018598809	-26.2671
-21.2136298140119	-4.60517018598809	-25.8188
-22.9978298140119	-4.60517018598809	-27.603
-21.8375298140119	-4.60517018598809	-26.4427
-21.1173298140119	-4.60517018598809	-25.7225
-21.1151298140119	-4.60517018598809	-25.7203
-23.1090298140119	-4.60517018598809	-27.7142
-21.7970298140119	-4.60517018598809	-26.4022
-21.1995298140119	-4.60517018598809	-25.8047
-21.3438298140119	-4.60517018598809	-25.949
-21.3226298140119	-4.60517018598809	-25.9278
-22.1506298140119	-4.60517018598809	-26.7558
-22.9758298140119	-4.60517018598809	-27.581
-21.7932298140119	-4.60517018598809	-26.3984
-21.1984298140119	-4.60517018598809	-25.8036
-23.8282298140119	-4.60517018598809	-28.4334
-21.2095298140119	-4.60517018598809	-25.8147
-21.7731298140119	-4.60517018598809	-26.3783
-22.8967298140119	-4.60517018598809	-27.5019
-21.5196298140119	-4.60517018598809	-26.1248
-21.1627298140119	-4.60517018598809	-25.7679
-22.5700298140119	-4.60517018598809	-27.1752
-21.1417298140119	-4.60517018598809	-25.7469
-21.5622298140119	-4.60517018598809	-26.1674
-22.0850298140119	-4.60517018598809	-26.6902
-21.2746298140119	-4.60517018598809	-25.8798
-22.1920298140119	-4.60517018598809	-26.7972
-23.5733298140119	-4.60517018598809	-28.1785
-21.1537298140119	-4.60517018598809	-25.7589
-21.5930298140119	-4.60517018598809	-26.1982
-24.0789298140119	-4.60517018598809	-28.6841
-23.3067298140119	-4.60517018598809	-27.9119
-23.8897298140119	-4.60517018598809	-28.4949
-23.4047298140119	-4.60517018598809	-28.0099
-21.5442298140119	-4.60517018598809	-26.1494
-22.7613298140119	-4.60517018598809	-27.3665
-21.1538298140119	-4.60517018598809	-25.759
-23.4375298140119	-4.60517018598809	-28.0427
-22.7831298140119	-4.60517018598809	-27.3883
-24.3495298140119	-4.60517018598809	-28.9547
-22.6215298140119	-4.60517018598809	-27.2267
-22.1915298140119	-4.60517018598809	-26.7967
-21.1654298140119	-4.60517018598809	-25.7706
-21.1645298140119	-4.60517018598809	-25.7697
-21.1533298140119	-4.60517018598809	-25.7585
-22.6740298140119	-4.60517018598809	-27.2792
-21.3830298140119	-4.60517018598809	-25.9882
-21.2268298140119	-4.60517018598809	-25.832
-21.2126298140119	-4.60517018598809	-25.8178
-22.2579298140119	-4.60517018598809	-26.8631
-21.3010298140119	-4.60517018598809	-25.9062
-22.7938298140119	-4.60517018598809	-27.399
-21.4644298140119	-4.60517018598809	-26.0696
-22.3386298140119	-4.60517018598809	-26.9438
-21.4626298140119	-4.60517018598809	-26.0678
-21.2850298140119	-4.60517018598809	-25.8902
-21.5310298140119	-4.60517018598809	-26.1362
-21.1528298140119	-4.60517018598809	-25.758
-21.4137298140119	-4.60517018598809	-26.0189
-22.1910298140119	-4.60517018598809	-26.7962
-22.5968298140119	-4.60517018598809	-27.202
-21.2665298140119	-4.60517018598809	-25.8717
-21.1689298140119	-4.60517018598809	-25.7741
-22.5400298140119	-4.60517018598809	-27.1452
-22.2063298140119	-4.60517018598809	-26.8115
-22.2845298140119	-4.60517018598809	-26.8897
-22.0532298140119	-4.60517018598809	-26.6584
-21.7875298140119	-4.60517018598809	-26.3927
-21.6890298140119	-4.60517018598809	-26.2942
-22.3867298140119	-4.60517018598809	-26.9919
-22.2339298140119	-4.60517018598809	-26.8391
-24.7635298140119	-4.60517018598809	-29.3687
-21.5359298140119	-4.60517018598809	-26.1411
-26.0015298140119	-4.60517018598809	-30.6067
-22.5452298140119	-4.60517018598809	-27.1504
-21.1150298140119	-4.60517018598809	-25.7202
-25.1651298140119	-4.60517018598809	-29.7703
-24.5331298140119	-4.60517018598809	-29.1383
-21.7102298140119	-4.60517018598809	-26.3154
-21.6996298140119	-4.60517018598809	-26.3048
-22.7250298140119	-4.60517018598809	-27.3302
-22.5334298140119	-4.60517018598809	-27.1386
-23.0774298140119	-4.60517018598809	-27.6826
-21.3413298140119	-4.60517018598809	-25.9465
-21.5028298140119	-4.60517018598809	-26.108
-21.2641298140119	-4.60517018598809	-25.8693
-21.9380298140119	-4.60517018598809	-26.5432
-21.1091298140119	-4.60517018598809	-25.7143
-21.1776298140119	-4.60517018598809	-25.7828
-23.4602298140119	-4.60517018598809	-28.0654
-21.6905298140119	-4.60517018598809	-26.2957
-23.6423298140119	-4.60517018598809	-28.2475
-23.2067298140119	-4.60517018598809	-27.8119
-22.9137298140119	-4.60517018598809	-27.5189
-22.6008298140119	-4.60517018598809	-27.206
-22.2298298140119	-4.60517018598809	-26.835
-21.9819298140119	-4.60517018598809	-26.5871
-21.2762298140119	-4.60517018598809	-25.8814
-21.6666298140119	-4.60517018598809	-26.2718
-23.6116298140119	-4.60517018598809	-28.2168
-22.9532298140119	-4.60517018598809	-27.5584
-21.9067298140119	-4.60517018598809	-26.5119
-21.1512298140119	-4.60517018598809	-25.7564
-22.1251298140119	-4.60517018598809	-26.7303
-21.0972298140119	-4.60517018598809	-25.7024
-21.7234298140119	-4.60517018598809	-26.3286
-22.5968298140119	-4.60517018598809	-27.202
-21.5870298140119	-4.60517018598809	-26.1922
-21.4579298140119	-4.60517018598809	-26.0631
-23.3129298140119	-4.60517018598809	-27.9181
-22.0533298140119	-4.60517018598809	-26.6585
-22.0338298140119	-4.60517018598809	-26.639
-22.1470298140119	-4.60517018598809	-26.7522
-21.4582298140119	-4.60517018598809	-26.0634
-21.7740298140119	-4.60517018598809	-26.3792
-22.2497298140119	-4.60517018598809	-26.8549
-23.6188298140119	-4.60517018598809	-28.224
-21.4765298140119	-4.60517018598809	-26.0817
-21.2862298140119	-4.60517018598809	-25.8914
-21.7592298140119	-4.60517018598809	-26.3644
-21.4398298140119	-4.60517018598809	-26.045
-24.1712298140119	-4.60517018598809	-28.7764
-21.4079298140119	-4.60517018598809	-26.0131
-28.1381298140119	-4.60517018598809	-32.7433
-21.1745298140119	-4.60517018598809	-25.7797
-21.2944298140119	-4.60517018598809	-25.8996
-23.1768298140119	-4.60517018598809	-27.782
-24.1459298140119	-4.60517018598809	-28.7511
-21.2406298140119	-4.60517018598809	-25.8458
-24.9340298140119	-4.60517018598809	-29.5392
-21.1761298140119	-4.60517018598809	-25.7813
-21.2235298140119	-4.60517018598809	-25.8287
-21.9953298140119	-4.60517018598809	-26.6005
-22.5775298140119	-4.60517018598809	-27.1827
-21.1023298140119	-4.60517018598809	-25.7075
-22.3501298140119	-4.60517018598809	-26.9553
-24.3541298140119	-4.60517018598809	-28.9593
-24.3550298140119	-4.60517018598809	-28.9602
-21.4976298140119	-4.60517018598809	-26.1028
-21.1354298140119	-4.60517018598809	-25.7406
-21.2216298140119	-4.60517018598809	-25.8268
-23.1400298140119	-4.60517018598809	-27.7452
-22.2026298140119	-4.60517018598809	-26.8078
-21.5030298140119	-4.60517018598809	-26.1082
-21.9779298140119	-4.60517018598809	-26.5831
-21.3363298140119	-4.60517018598809	-25.9415
-21.2902298140119	-4.60517018598809	-25.8954
-22.1874298140119	-4.60517018598809	-26.7926
-21.3018298140119	-4.60517018598809	-25.907
-24.0456298140119	-4.60517018598809	-28.6508
-21.5870298140119	-4.60517018598809	-26.1922
-22.0181298140119	-4.60517018598809	-26.6233
-23.1261298140119	-4.60517018598809	-27.7313
-21.3602298140119	-4.60517018598809	-25.9654
-22.1371298140119	-4.60517018598809	-26.7423
-21.1855298140119	-4.60517018598809	-25.7907
-21.2550298140119	-4.60517018598809	-25.8602
-23.8144298140119	-4.60517018598809	-28.4196
-24.6047298140119	-4.60517018598809	-29.2099
-23.7036298140119	-4.60517018598809	-28.3088
-23.4566298140119	-4.60517018598809	-28.0618
-24.9316298140119	-4.60517018598809	-29.5368
-21.4724298140119	-4.60517018598809	-26.0776
-23.8295298140119	-4.60517018598809	-28.4347
-22.0411298140119	-4.60517018598809	-26.6463
-22.6811298140119	-4.60517018598809	-27.2863
-21.4365298140119	-4.60517018598809	-26.0417
-21.6916298140119	-4.60517018598809	-26.2968
-22.3798298140119	-4.60517018598809	-26.985
-22.7607298140119	-4.60517018598809	-27.3659
-22.6416298140119	-4.60517018598809	-27.2468
-21.2904298140119	-4.60517018598809	-25.8956
-21.6710298140119	-4.60517018598809	-26.2762
-22.3674298140119	-4.60517018598809	-26.9726
-22.7401298140119	-4.60517018598809	-27.3453
-23.3364298140119	-4.60517018598809	-27.9416
-23.7407298140119	-4.60517018598809	-28.3459
-21.5017298140119	-4.60517018598809	-26.1069
-21.2324298140119	-4.60517018598809	-25.8376
-21.1294298140119	-4.60517018598809	-25.7346
-22.7288298140119	-4.60517018598809	-27.334
-21.4396298140119	-4.60517018598809	-26.0448
-23.4044298140119	-4.60517018598809	-28.0096
-21.4531298140119	-4.60517018598809	-26.0583
-22.9965298140119	-4.60517018598809	-27.6017
-21.2457298140119	-4.60517018598809	-25.8509
-21.7615298140119	-4.60517018598809	-26.3667
-21.3464298140119	-4.60517018598809	-25.9516
-21.6189298140119	-4.60517018598809	-26.2241
-21.1619298140119	-4.60517018598809	-25.7671
-21.6964298140119	-4.60517018598809	-26.3016
-21.1273298140119	-4.60517018598809	-25.7325
-21.2142298140119	-4.60517018598809	-25.8194
-21.2569298140119	-4.60517018598809	-25.8621
-21.4302298140119	-4.60517018598809	-26.0354
-21.9324298140119	-4.60517018598809	-26.5376
-21.4275298140119	-4.60517018598809	-26.0327
-22.1188298140119	-4.60517018598809	-26.724
-21.5962298140119	-4.60517018598809	-26.2014
-21.9793298140119	-4.60517018598809	-26.5845
-21.3094298140119	-4.60517018598809	-25.9146
-21.1672298140119	-4.60517018598809	-25.7724
-22.2192298140119	-4.60517018598809	-26.8244
-21.2147298140119	-4.60517018598809	-25.8199
-21.9636298140119	-4.60517018598809	-26.5688
-21.3205298140119	-4.60517018598809	-25.9257
-22.6495298140119	-4.60517018598809	-27.2547
-21.3219298140119	-4.60517018598809	-25.9271
-21.6950298140119	-4.60517018598809	-26.3002
-21.6924298140119	-4.60517018598809	-26.2976
-23.6911298140119	-4.60517018598809	-28.2963
-21.1148298140119	-4.60517018598809	-25.72
-21.2401298140119	-4.60517018598809	-25.8453
-23.0390298140119	-4.60517018598809	-27.6442
-21.3551298140119	-4.60517018598809	-25.9603
-22.3788298140119	-4.60517018598809	-26.984
-21.4331298140119	-4.60517018598809	-26.0383
-23.5623298140119	-4.60517018598809	-28.1675
-21.4555298140119	-4.60517018598809	-26.0607
-22.7854298140119	-4.60517018598809	-27.3906
-21.1516298140119	-4.60517018598809	-25.7568
-21.4041298140119	-4.60517018598809	-26.0093
-22.1971298140119	-4.60517018598809	-26.8023
-21.1531298140119	-4.60517018598809	-25.7583
-21.7298298140119	-4.60517018598809	-26.335
-22.6013298140119	-4.60517018598809	-27.2065
-22.2528298140119	-4.60517018598809	-26.858
-21.6706298140119	-4.60517018598809	-26.2758
-21.1621298140119	-4.60517018598809	-25.7673
-21.3853298140119	-4.60517018598809	-25.9905
-21.5682298140119	-4.60517018598809	-26.1734
-21.4894298140119	-4.60517018598809	-26.0946
-23.9870298140119	-4.60517018598809	-28.5922
-21.1285298140119	-4.60517018598809	-25.7337
-22.3595298140119	-4.60517018598809	-26.9647
-22.7910298140119	-4.60517018598809	-27.3962
-24.5468298140119	-4.60517018598809	-29.152
-22.0931298140119	-4.60517018598809	-26.6983
-21.6937298140119	-4.60517018598809	-26.2989
-21.2732298140119	-4.60517018598809	-25.8784
-21.6421298140119	-4.60517018598809	-26.2473
-21.9585298140119	-4.60517018598809	-26.5637
-21.1405298140119	-4.60517018598809	-25.7457
-21.7813298140119	-4.60517018598809	-26.3865
-24.7492298140119	-4.60517018598809	-29.3544
-21.2407298140119	-4.60517018598809	-25.8459
-23.2666298140119	-4.60517018598809	-27.8718
-22.0649298140119	-4.60517018598809	-26.6701
-21.1336298140119	-4.60517018598809	-25.7388
-24.7959298140119	-4.60517018598809	-29.4011
-22.4019298140119	-4.60517018598809	-27.0071
-24.2844298140119	-4.60517018598809	-28.8896
-21.3987298140119	-4.60517018598809	-26.0039
-23.6060298140119	-4.60517018598809	-28.2112
-23.4402298140119	-4.60517018598809	-28.0454
-21.8783298140119	-4.60517018598809	-26.4835
-21.2831298140119	-4.60517018598809	-25.8883
-22.3847298140119	-4.60517018598809	-26.9899
-22.6682298140119	-4.60517018598809	-27.2734
-22.5615298140119	-4.60517018598809	-27.1667
-21.7444298140119	-4.60517018598809	-26.3496
-21.4722298140119	-4.60517018598809	-26.0774
-21.1470298140119	-4.60517018598809	-25.7522
-21.5284298140119	-4.60517018598809	-26.1336
-21.6248298140119	-4.60517018598809	-26.23
-21.4467298140119	-4.60517018598809	-26.0519
-21.8416298140119	-4.60517018598809	-26.4468
-21.4995298140119	-4.60517018598809	-26.1047
-21.2360298140119	-4.60517018598809	-25.8412
-22.4606298140119	-4.60517018598809	-27.0658
-22.5903298140119	-4.60517018598809	-27.1955
-22.3423298140119	-4.60517018598809	-26.9475
-22.8865298140119	-4.60517018598809	-27.4917
-21.4744298140119	-4.60517018598809	-26.0796
-22.7161298140119	-4.60517018598809	-27.3213
-22.9200298140119	-4.60517018598809	-27.5252
-21.2178298140119	-4.60517018598809	-25.823
-21.4523298140119	-4.60517018598809	-26.0575
-22.3052298140119	-4.60517018598809	-26.9104
-21.1476298140119	-4.60517018598809	-25.7528
-22.0979298140119	-4.60517018598809	-26.7031
-23.3469298140119	-4.60517018598809	-27.9521
-21.9982298140119	-4.60517018598809	-26.6034
-23.2939298140119	-4.60517018598809	-27.8991
-21.6558298140119	-4.60517018598809	-26.261
-21.8566298140119	-4.60517018598809	-26.4618
-21.3693298140119	-4.60517018598809	-25.9745
-21.8031298140119	-4.60517018598809	-26.4083
-21.1440298140119	-4.60517018598809	-25.7492
-22.0950298140119	-4.60517018598809	-26.7002
-21.2995298140119	-4.60517018598809	-25.9047
-21.3828298140119	-4.60517018598809	-25.988
-21.1661298140119	-4.60517018598809	-25.7713
-26.3494298140119	-4.60517018598809	-30.9546
-22.2623298140119	-4.60517018598809	-26.8675
-21.2424298140119	-4.60517018598809	-25.8476
-21.2655298140119	-4.60517018598809	-25.8707
-21.5011298140119	-4.60517018598809	-26.1063
-23.6047298140119	-4.60517018598809	-28.2099
-21.3301298140119	-4.60517018598809	-25.9353
-21.3053298140119	-4.60517018598809	-25.9105
-21.5392298140119	-4.60517018598809	-26.1444
-22.0775298140119	-4.60517018598809	-26.6827
-21.7041298140119	-4.60517018598809	-26.3093
-23.1494298140119	-4.60517018598809	-27.7546
-23.6041298140119	-4.60517018598809	-28.2093
-21.1721298140119	-4.60517018598809	-25.7773
-21.1712298140119	-4.60517018598809	-25.7764
-22.0747298140119	-4.60517018598809	-26.6799
-21.1397298140119	-4.60517018598809	-25.7449
-21.5192298140119	-4.60517018598809	-26.1244
-22.8652298140119	-4.60517018598809	-27.4704
-22.0563298140119	-4.60517018598809	-26.6615
-22.3435298140119	-4.60517018598809	-26.9487
-21.1266298140119	-4.60517018598809	-25.7318
-21.5358298140119	-4.60517018598809	-26.141
-21.7752298140119	-4.60517018598809	-26.3804
-21.5617298140119	-4.60517018598809	-26.1669
-21.7648298140119	-4.60517018598809	-26.37
-22.4117298140119	-4.60517018598809	-27.0169
-22.9151298140119	-4.60517018598809	-27.5203
-21.2046298140119	-4.60517018598809	-25.8098
-22.2741298140119	-4.60517018598809	-26.8793
-21.5372298140119	-4.60517018598809	-26.1424
-21.2780298140119	-4.60517018598809	-25.8832
-21.3261298140119	-4.60517018598809	-25.9313
-21.3448298140119	-4.60517018598809	-25.95
-21.5363298140119	-4.60517018598809	-26.1415
-21.6074298140119	-4.60517018598809	-26.2126
-21.2864298140119	-4.60517018598809	-25.8916
-22.4119298140119	-4.60517018598809	-27.0171
-21.5268298140119	-4.60517018598809	-26.132
-24.1449298140119	-4.60517018598809	-28.7501
-23.1742298140119	-4.60517018598809	-27.7794
-21.2998298140119	-4.60517018598809	-25.905
-22.4311298140119	-4.60517018598809	-27.0363
-21.8233298140119	-4.60517018598809	-26.4285
-21.3018298140119	-4.60517018598809	-25.907
-21.7310298140119	-4.60517018598809	-26.3362
-26.7346298140119	-4.60517018598809	-31.3398
-21.4600298140119	-4.60517018598809	-26.0652
-21.2662298140119	-4.60517018598809	-25.8714
-21.1759298140119	-4.60517018598809	-25.7811
-21.8034298140119	-4.60517018598809	-26.4086
-21.1904298140119	-4.60517018598809	-25.7956
-21.3296298140119	-4.60517018598809	-25.9348
-21.2390298140119	-4.60517018598809	-25.8442
-21.3551298140119	-4.60517018598809	-25.9603
-21.5156298140119	-4.60517018598809	-26.1208
-22.3031298140119	-4.60517018598809	-26.9083
-22.0904298140119	-4.60517018598809	-26.6956
-21.7910298140119	-4.60517018598809	-26.3962
-21.4699298140119	-4.60517018598809	-26.0751
-21.0967298140119	-4.60517018598809	-25.7019
-21.7879298140119	-4.60517018598809	-26.3931
-21.1635298140119	-4.60517018598809	-25.7687
-22.0113298140119	-4.60517018598809	-26.6165
-22.8345298140119	-4.60517018598809	-27.4397
-21.4600298140119	-4.60517018598809	-26.0652
-23.7106298140119	-4.60517018598809	-28.3158
-23.4692298140119	-4.60517018598809	-28.0744
-21.1670298140119	-4.60517018598809	-25.7722
-24.4107298140119	-4.60517018598809	-29.0159
-24.4626298140119	-4.60517018598809	-29.0678
-21.3485298140119	-4.60517018598809	-25.9537
-22.1190298140119	-4.60517018598809	-26.7242
-25.1950298140119	-4.60517018598809	-29.8002
-22.7080298140119	-4.60517018598809	-27.3132
-21.1935298140119	-4.60517018598809	-25.7987
-23.3172298140119	-4.60517018598809	-27.9224
-21.6389298140119	-4.60517018598809	-26.2441
-22.3578298140119	-4.60517018598809	-26.963
