"res1"	"res2"	"tau1"	"Y1_gamma1"	"LogPost"
100.617	114.069	5.67411	3.36529	-85.4908
101.527	111.924	5.78991	3.89443	-86.1148
100.523	115.603	5.80004	3.4374	-86.8683
100.582	115.647	5.47237	3.68323	-86.4607
100.301	113.316	5.57492	4.03546	-85.1566
101.024	113.533	6.18824	3.599	-85.0571
101.045	115.289	6.341	4.26516	-85.9414
101.119	114.923	6.28979	4.60042	-86.0579
100.455	110.329	5.76591	4.41424	-88.1657
100.847	110.956	5.86004	4.22919	-87.0791
101.747	112.397	6.33541	3.85413	-85.886
100.338	113.476	6.13485	5.2013	-86.8897
101.362	114.358	5.82192	4.14705	-85.3457
102.446	107.138	5.36021	6.35399	-95.9209
100.515	113.943	5.80273	4.35647	-85.3402
99.6961	113.521	5.65761	4.8198	-86.4988
101.961	114.533	6.22817	4.24922	-85.9852
100.42	114.528	5.54114	3.80848	-85.3068
100.437	114.13	5.79908	4.43036	-85.4987
99.6898	113.147	5.76186	2.93905	-88.2044
100.549	114.218	5.78465	3.40702	-85.4976
99.8986	113.605	5.67648	3.21783	-86.4582
100.256	114.085	6.30196	3.9789	-85.2025
97.7895	113.106	6.27037	5.85934	-90.8822
102.264	114.11	6.0943	3.91889	-86.1426
101.34	114.58	5.48528	4.13225	-85.433
100.195	112.351	5.59706	4.5273	-86.0662
100.362	112.305	5.83446	3.94393	-85.606
101.422	113.859	6.1654	3.93829	-85.1424
98.6749	112.646	5.37434	4.92031	-89.3086
99.5072	112.45	5.77037	4.37509	-86.4476
101.037	111.59	6.07382	4.10775	-86.2379
100.326	112.259	5.92453	3.5488	-85.9698
101.207	112.193	6.12863	3.67414	-85.7834
96.9958	114.564	6.34206	5.10812	-91.8012
101.058	113.524	6.07456	2.90991	-86.9796
100.304	116.507	5.51678	4.00933	-87.6499
100.791	114.859	5.48384	4.42228	-85.745
101.022	117.127	5.53933	4.16993	-88.5737
98.4089	115.016	6.28498	4.76185	-88.6244
100.267	115.156	5.55054	4.19559	-85.9148
101.688	114.18	5.60726	4.0195	-85.448
102.883	114.18	5.48295	3.4408	-88.2763
101.918	116.812	5.51723	3.41807	-90.1604
101.007	116.609	6.29689	4.13825	-87.6255
102.305	113.165	6.26384	4.41069	-86.3642
100.816	111.675	5.54825	3.43324	-86.7636
100.279	114.685	5.85516	3.88965	-85.4699
99.6414	115.229	6.34393	3.87426	-86.585
99.8679	114.081	5.63058	3.97499	-85.5298
99.6378	112.746	5.77392	4.92981	-86.8989
99.9357	113.403	5.91288	4.01468	-85.417
100.455	112.992	5.82333	3.05552	-86.6217
102.359	112.047	5.94054	5.62806	-88.9053
100.975	113.805	6.30702	3.82365	-84.9472
102.059	114.052	6.19192	3.72199	-85.9228
99.5876	112.714	5.76206	4.8109	-86.7574
100.928	113.079	6.35769	3.28446	-85.6831
100.827	111.702	6.33608	2.95172	-88.6565
101.575	108.756	5.51533	4.44713	-91.5834
101.37	112.316	6.29342	3.59823	-85.8416
100.5	113.952	6.27816	3.73953	-85.0546
100.092	114.133	6.11181	3.98022	-85.3361
100.678	113.74	6.11379	3.53878	-85.1208
100.533	113.841	5.67085	3.51087	-85.2166
100.14	115.624	5.86126	4.20736	-86.4632
101.122	114.158	6.37821	3.91632	-85.0673
100.025	112.766	6.21047	3.36008	-86.1925
103.156	113.113	5.74148	5.36072	-88.9269
102.685	113.448	5.54486	4.33465	-86.8416
100.338	112.995	6.02943	4.11129	-85.2636
97.3912	114.21	6.11427	4.82607	-90.5999
98.228	111.274	6.25456	4.03669	-90.2454
101.675	113.361	6.37019	3.85026	-85.3483
100.309	113.771	5.73719	3.69929	-85.1492
100.621	112.34	5.87714	4.73148	-86.2258
102.242	115.1	5.99725	3.60785	-87.0896
101.849	114.077	5.70429	2.9868	-87.5468
100.457	115.2	5.88605	4.3616	-85.9917
99.8796	112.292	5.30883	4.48532	-87.7813
100.421	111.605	6.15952	4.48965	-86.5214
98.0665	114.762	6.37894	5.22904	-89.6102
100.587	112.905	5.62615	4.48367	-85.5886
101.703	113.815	5.86651	3.86621	-85.3632
102.928	111.298	5.93225	3.88263	-89.1415
95.9587	114.868	4.31598	8.01122	-101.902
100.621	112.305	6.38515	5.51897	-87.8601
101.505	114.703	6.01339	4.06285	-85.5727
99.4073	112.147	6.16481	5.04194	-87.5943
102.055	111.479	6.05093	4.44675	-87.2
98.6324	112.459	6.05418	4.76939	-88.0885
99.8885	114.676	6.01009	4.78247	-86.5279
100.325	111.479	5.57263	3.39919	-87.3766
99.6205	116.446	5.86019	5.10709	-88.6647
100.417	114.448	5.49829	3.96416	-85.2554
101.198	114.338	5.47187	4.64146	-85.8631
102.574	116.489	6.02053	4.76197	-88.9299
101.232	113.718	5.65794	4.13058	-85.1193
100.821	112.409	5.52476	4.13058	-85.4588
100.712	113.054	5.79465	4.58191	-85.6688
100.813	114.424	6.14302	3.90834	-85.1354
101.081	113.483	5.51462	2.90083	-87.0412
99.3718	114.115	5.73865	3.76884	-86.3214
101.555	115.469	5.6098	3.85257	-86.3319
101.221	112.721	6.31276	3.97932	-85.2774
100.883	113.883	6.32627	3.36263	-85.402
100.266	115.108	5.76379	4.43837	-86.0792
100.389	114.438	5.57854	3.74423	-85.2976
100.389	114.488	6.0085	4.54634	-85.7991
101.356	112.769	5.93835	3.56837	-85.5075
101.937	111.922	5.90215	3.69001	-86.7288
102.889	112.661	6.33328	4.10053	-87.4537
99.9295	112.992	5.75296	4.10053	-85.5555
101.351	113.727	6.1022	4.02838	-85.1151
101.436	114.556	5.81507	3.89487	-85.4079
100.296	114.028	5.88374	3.67975	-85.2216
102.211	112.533	5.44769	3.86048	-86.3885
100.195	114.425	6.26655	4.68513	-86.0733
101.124	114.568	5.76263	3.17426	-86.3141
101.838	112.494	5.91988	4.03458	-85.8855
98.8885	114.027	6.32954	4.3596	-87.0569
102.04	114.241	5.63965	3.77669	-85.9209
101.151	114.241	6.28216	3.30786	-85.7195
101.588	112.736	6.36587	3.97797	-85.495
100.173	111.933	5.99171	3.05492	-88.0985
100.052	114.146	6.25406	3.95085	-85.3694
100.187	112.348	6.16453	3.95085	-85.6809
101.529	114.525	5.51581	3.73709	-85.5121
100.263	111.737	6.17437	3.88197	-86.2581
100.66	111.421	6.03197	5.351	-88.0233
100.695	113.54	5.9042	3.57371	-85.0761
100.9	112.515	6.31286	3.99277	-85.3307
100.108	112.278	5.5319	5.18025	-87.271
101.311	114.095	5.5319	3.09301	-86.4081
100.833	110.149	5.79395	4.54798	-88.4415
100.817	114.943	5.8166	4.42424	-85.8012
99.7329	114.271	5.52382	3.73092	-85.8506
100.864	114.468	6.11021	4.29951	-85.3924
101.301	114.38	6.33553	3.63959	-85.3389
101.177	111.789	6.16853	3.6729	-86.2399
101.177	115.318	6.2763	3.74881	-85.9934
101.237	111.4	5.80425	3.8091	-86.6598
100.988	112.683	5.96337	4.70808	-86.0086
102.121	114.928	6.30646	3.73694	-86.5281
100.795	114.462	5.6304	4.44621	-85.5645
100.351	113.127	5.81367	4.29295	-85.3658
98.992	114.345	5.81445	4.61135	-87.1638
101.432	113.805	6.03853	4.81071	-86.1382
101.165	116.626	5.56228	5.71689	-89.5264
100.252	113.719	5.75449	5.77567	-88.2941
99.4298	114.487	6.0552	4.73305	-86.791
102.762	114.872	6.23014	3.82411	-87.6008
101.311	111.635	5.64085	4.0848	-86.2777
101.302	114.133	5.73806	3.9875	-85.1497
99.1596	112.866	5.92181	3.93854	-86.6838
101.695	112.214	5.93033	3.65614	-86.1555
99.963	111.951	6.04311	4.90533	-87.0328
98.4868	114.399	5.96024	4.70503	-88.1294
99.9633	112.626	5.91858	3.70758	-85.7866
100.991	111.389	5.17265	5.74392	-89.7356
101.031	111.976	5.36607	4.91921	-88.0791
101.986	112.892	6.2757	4.34857	-86.0083
100.53	113.028	5.71099	4.63879	-85.7986
99.9283	114.788	6.02372	5.25687	-87.4506
100.989	112.644	6.04061	3.11762	-86.517
100.008	111.512	6.16941	3.72972	-86.9147
99.7847	113.422	5.93865	4.58264	-86.0571
100.427	115.137	5.84279	3.92891	-85.754
98.6063	114.703	5.97783	3.85427	-88.1934
100.056	112.188	5.78844	3.86844	-85.9446
100.557	111.959	5.49262	4.47526	-86.1424
101.968	114.871	5.94979	2.87475	-89.1114
101.735	113.877	6.30512	3.52881	-85.6635
100.522	112.56	6.33582	3.53092	-85.6084
99.904	113.059	6.20492	3.41717	-86.0453
100.323	115.445	6.19715	4.4259	-86.3224
99.538	111.132	5.47947	4.78874	-87.9494
100.039	111.109	5.85993	4.2973	-87.1821
100.853	111.863	5.78663	4.97066	-86.9379
101.373	113.298	5.78564	4.26155	-85.3237
101.107	111.839	5.78564	4.25653	-86.0501
101.079	111.237	6.02152	5.41604	-88.3183
101.482	110.842	5.92401	3.76035	-87.8126
102.063	115.195	5.99001	3.51653	-87.0701
102.935	113.675	6.19037	5.07379	-88.0721
100.245	114.013	5.64287	5.82708	-88.4501
100.838	114.151	5.75491	3.81627	-85.0194
99.9744	113.323	6.24754	3.9353	-85.3806
100.962	112.41	5.62335	4.71228	-86.1447
98.9471	113.763	5.51921	5.8402	-89.3054
101.529	112.365	5.32003	3.16981	-90.1929
100.957	113.544	5.62003	3.85241	-84.9341
102.053	112.543	5.99275	4.15891	-86.1327
98.5071	115.767	6.34112	5.4628	-89.839
98.4586	111.148	6.03227	4.61441	-89.4067
99.549	113.58	6.33735	4.19805	-85.913
100.101	113.802	5.57676	4.99697	-86.5572
100.434	113.808	5.55629	5.73779	-88.155
101.072	111.359	5.32448	3.5778	-88.961
100.098	116.378	5.74191	3.16302	-89.824
101.288	116.272	5.47393	4.47038	-87.2716
101.996	112.972	5.463	3.66658	-85.9679
100.101	112.096	5.56477	4.0973	-85.9716
100.21	113.948	5.52531	4.37407	-85.4939
100.246	115.209	6.33661	4.02668	-85.9208
101.703	113.773	5.19233	3.93135	-88.3742
101.72	114.437	5.77278	4.21108	-85.6768
101.003	115.172	5.45716	3.35168	-86.4044
99.9484	113.236	5.56996	3.0373	-87.1643
101.926	113.236	6.09573	3.27746	-86.5178
102.364	113.34	5.57916	4.11827	-86.2436
102.574	114.868	5.54262	4.64992	-87.3086
101.255	113.957	5.54213	3.94737	-85.0694
100.518	115.121	5.53215	3.86918	-85.7138
98.3811	115.417	5.98577	4.81783	-89.0015
102.7	114.155	6.03022	3.85163	-87.0139
101.334	113.737	6.23892	3.88533	-85.0689
100.465	114.393	5.52909	4.85426	-86.2535
100.436	110.971	6.36685	4.74921	-87.4986
102.076	112.873	5.98371	4.58491	-86.3749
99.4299	113.24	5.81176	5.65819	-88.4735
102.177	110.202	5.80487	5.05442	-89.4426
100.598	112.396	6.03935	5.24798	-87.206
101.471	112.652	6.21139	3.96792	-85.453
96.8557	114.936	5.35376	6.41064	-94.6442
100.65	112.228	6.03168	5.03168	-86.8322
101.572	114.496	6.26995	3.70279	-85.5556
100.923	113.299	5.83034	3.54665	-85.1308
100.383	113.248	5.23181	4.60237	-87.6372
99.855	113.039	6.01341	5.22099	-87.2227
100.914	113.541	5.48487	3.47363	-85.1873
101.328	112.856	6.06601	5.00219	-86.5802
100.796	111.004	4.78159	3.61904	-92.3728
101.07	113.358	5.66278	3.45778	-85.2674
99.9117	110.922	5.22211	5.33749	-89.4143
101.206	111.418	5.76358	4.24302	-86.5321
101.317	110.84	6.30299	4.42225	-87.4192
103.173	113.09	5.5717	3.75828	-88.3141
99.794	115.131	5.64453	4.0906	-86.244
99.0841	113.229	5.80645	4.98836	-87.4619
101.263	113.528	5.45903	4.48145	-85.517
101.332	114.606	6.09947	4.02696	-85.3942
101.265	111.949	5.57742	3.76804	-85.9914
100.403	113.269	5.57544	4.40145	-85.4377
100.122	116.715	6.24377	4.6719	-88.1546
101.583	111.806	5.98689	4.19492	-86.2864
101.349	115.126	6.25206	4.54906	-86.2015
101.15	114.717	5.7827	3.796	-85.3872
100.793	112.086	5.71301	3.40136	-86.2647
101.889	113.089	6.24066	3.44731	-86.0966
99.2535	113.344	6.33299	3.96869	-86.3478
101.516	114.421	6.1722	4.45141	-85.7613
99.2593	116.171	5.98523	4.57985	-88.1831
99.8231	112.689	5.58066	4.63788	-86.2962
100.997	115.118	6.16613	3.24121	-86.6502
101.213	113.226	5.73387	4.42266	-85.4549
100.557	112.249	5.57433	5.11579	-87.0047
102.424	111.946	6.10204	4.76539	-87.5182
99.9957	113.645	6.19032	3.72335	-85.3947
100.276	114.397	6.01844	4.77539	-86.1777
100.25	114.372	6.25434	4.99118	-86.5866
100.111	113.843	5.97594	4.74065	-86.0748
100.984	113.894	6.29118	3.92895	-84.9692
100.579	114.808	5.50362	4.2957	-85.6053
100.595	112.185	6.35001	4.13216	-85.6596
99.8984	113.677	5.83488	5.27385	-87.2505
102.12	111.116	4.84184	4.41232	-91.2564
101.451	115.669	6.25421	3.72997	-86.6203
101.132	110.82	5.46425	5.22759	-88.3587
101.154	112.645	5.60324	3.86012	-85.29
99.8174	112.295	6.3582	3.50729	-86.5445
100.743	114.172	6.09509	4.9972	-86.4292
101.103	114.21	6.21924	4.58728	-85.7117
101.791	111.38	5.93559	4.0761	-86.9512
102.427	115.54	5.50734	3.98166	-87.4575
101.275	113.649	5.52591	3.64168	-85.1162
99.4916	114.183	6.26808	3.70994	-86.2005
100.107	112.735	5.63763	3.71591	-85.564
100.616	113.018	6.35532	3.77771	-85.087
100.636	114.07	5.66593	4.25671	-85.2266
100.281	111.629	5.87547	3.61851	-86.6717
100.507	114.245	5.76293	3.82231	-85.121
99.6829	113.331	5.78449	4.42327	-85.9657
99.7427	112.733	5.92457	4.58533	-86.2751
101.375	114.388	6.06809	3.07986	-86.6827
99.7081	113.867	5.81392	5.29665	-87.4363
99.6824	112.832	6.23727	4.01472	-85.8702
100.231	111.738	6.27381	3.02674	-88.5227
100.887	113.281	5.97383	2.77573	-87.7852
100.049	111.623	5.16442	3.82619	-88.3135
99.899	115.229	6.19014	4.0305	-86.2233
100.59	114.765	5.93395	3.99422	-85.391
100.607	113.523	5.49705	4.25617	-85.1785
101.111	113.373	6.11093	3.96722	-85.0045
101.9	114.126	6.05502	4.24071	-85.756
101.684	114.248	5.64231	4.39847	-85.7499
100.891	114.436	5.71192	3.65728	-85.2249
101.243	112.413	5.89223	4.45765	-85.8379
101.024	112.413	5.59495	3.11185	-86.7884
102.643	116.004	5.68929	4.24065	-88.2859
101.823	112.712	6.25736	3.85792	-85.7479
99.504	116.611	6.02308	4.15684	-88.5035
100.513	113.393	6.26304	4.09046	-85.0782
102.231	111.404	5.87757	4.26177	-87.4267
100.743	111.166	6.35418	5.09004	-87.7416
100.023	114.034	6.2393	4.55716	-85.8673
101.005	115.173	6.10369	4.44436	-86.0058
102.049	113.437	6.26591	3.89176	-85.7655
99.2935	113.942	5.99637	6.10727	-89.6551
101.851	114.725	5.76974	3.45024	-86.399
99.6523	111.038	6.3614	4.4335	-87.6726
102.634	115.478	6.17796	5.62479	-89.3304
100.733	114.292	6.39886	2.75244	-88.1261
100.465	112.639	6.06833	4.99842	-86.6051
100.878	112.589	6.04417	4.2745	-85.4576
101.838	114.898	5.75618	3.91026	-86.0082
99.5455	114.757	6.094	3.51587	-86.7728
99.4267	113.623	5.94674	5.01878	-87.1016
99.5	112.526	6.32015	4.64919	-86.6976
100.546	113.187	5.67455	4.50797	-85.5532
100.71	112.031	5.79805	4.28993	-85.8716
100.488	112.543	5.59466	4.52188	-85.8259
101.573	113.109	5.93231	3.44228	-85.7041
101.093	114.234	5.91191	5.69744	-88.0881
100.481	114.621	5.81944	3.88989	-85.3217
101.41	114.286	5.98071	3.87652	-85.2529
100.46	113.264	5.92058	5.20474	-86.8825
102.07	112.072	5.2582	4.37832	-88.3524
99.6456	114.522	6.23817	4.24764	-86.0508
101.388	112.552	5.60386	4.36418	-85.7121
98.7928	115.839	5.71097	5.17088	-89.0674
100.601	113.168	5.73284	4.22128	-85.1991
101.318	112.477	5.57278	4.76395	-86.2842
99.9357	113.483	5.79791	4.1744	-85.4832
100.139	114.214	5.50915	4.69175	-86.0461
99.3934	111.713	5.80826	3.25563	-88.8956
99.631	111.723	5.49816	4.54081	-87.0078
99.1722	113.631	5.94948	3.6571	-86.7674
101.685	114.124	6.07581	3.55529	-85.6384
99.5524	113.266	5.65039	3.47339	-86.4057
98.7989	113.922	5.96567	4.26544	-87.1752
101.685	112.78	6.0612	3.8522	-85.5655
102.044	114.064	5.95946	3.88178	-85.813
100.708	111.569	6.14519	3.90736	-86.2773
100.736	113.654	5.85018	4.90541	-86.1785
101.796	114.143	5.90398	3.61637	-85.7008
101.741	112.699	5.79885	4.20489	-85.7397
103.449	112.446	4.98337	5.09221	-92.8081
102.494	113.399	6.03417	3.84194	-86.5251
98.5199	113.333	6.33959	4.03014	-87.8608
101.337	114.8	5.62036	3.90324	-85.5112
100.797	110.955	6.33056	4.6229	-87.3174
99.23	114.483	6.19487	5.30156	-87.9868
101.111	114.483	5.90736	4.06838	-85.2543
101.22	114.561	5.16289	4.36053	-88.4364
100.39	112.006	6.30306	4.51024	-86.1971
100.032	113.928	5.52249	3.47694	-85.6778
100.189	115.598	6.06023	2.96379	-89.0593
101.072	114.064	5.61531	3.20947	-85.8714
101.826	114.059	5.49642	4.02898	-85.5492
102.423	113.235	5.85654	3.31331	-87.4085
101.849	113.858	5.71831	4.38443	-85.7868
99.437	114.543	6.10053	3.82554	-86.363
101.263	112.293	6.23244	3.69006	-85.6985
100.673	111.887	5.6304	3.94114	-85.8929
101.505	115.333	5.46643	3.93099	-86.1044
100.237	114.592	6.17406	4.21542	-85.5499
101.276	111.545	5.6546	4.6317	-86.7542
99.3516	111.596	5.35069	3.92737	-88.9244
101.171	113.746	5.46246	4.15894	-85.1207
100.874	114.117	5.94793	3.49759	-85.2419
100.712	113.312	6.27037	3.88761	-84.9669
100.132	111.593	5.72608	5.30085	-87.9326
100.446	113.293	5.75501	4.21458	-85.2134
100.24	113.486	5.66364	4.16527	-85.2487
101.008	112.699	5.38179	4.15699	-87.4172
100.611	112.504	5.90116	3.19458	-86.415
99.576	109.815	5.18303	5.51522	-90.8574
99.89	112.106	6.18713	3.75443	-86.2749
103.316	114.164	6.19845	4.53632	-88.2325
102.14	114.214	6.12164	4.29143	-86.0932
99.6687	113.386	5.62208	3.43397	-86.2604
102.851	114.597	5.96619	4.61832	-87.5655
99.1926	112.729	6.38024	4.61832	-86.9417
101.183	115.147	5.71481	3.71785	-85.8311
102.456	114.901	5.48459	3.88989	-86.9335
101.103	112.521	5.58421	3.4186	-85.8057
100.427	115.405	5.63784	5.18337	-87.431
100.129	115.34	6.1795	4.18677	-86.166
101.733	116.842	5.90922	5.12586	-88.9457
101.67	113.511	5.5396	3.74768	-85.3599
98.6454	113.428	6.08865	3.16496	-89.9233
99.9525	112.149	5.77632	3.89692	-86.0671
100.849	114.661	5.96599	3.81087	-85.2865
101.729	112.828	5.68881	4.33089	-85.7723
101.391	114.188	6.28664	4.57355	-85.7854
100.623	111.731	5.47102	4.02137	-86.0705
99.8613	113.982	5.65044	4.92291	-86.5809
101.424	114.019	5.71233	3.9222	-85.1734
99.7103	112.672	5.52375	4.28181	-86.022
100.618	114.438	5.89652	4.44942	-85.5787
100.115	111.926	5.47148	3.93464	-86.129
101.402	113.736	5.79799	3.93464	-85.115
98.687	113.8	5.75187	5.01341	-88.0277
101.442	111.689	5.80656	4.88758	-87.0658
100.769	113.669	6.1759	3.37601	-85.3537
100.893	113.893	5.55805	3.55257	-85.1089
100.537	111.104	5.60327	4.49638	-87.0523
100.987	113.88	6.34657	4.38603	-85.3316
101.821	113.066	5.80713	3.84087	-85.5824
101.328	112.345	5.60371	4.70073	-86.2553
101.328	111.538	5.71512	4.55241	-86.6884
99.8096	113.86	5.57376	4.81881	-86.415
100.249	114.217	5.88979	3.57616	-85.4236
99.5732	115.128	5.65293	4.42412	-86.6461
101.496	113.861	6.31736	2.95138	-87.126
99.5032	113.254	5.98896	4.69055	-86.5072
101.447	114.309	6.11866	4.53892	-85.7992
99.9687	116.961	5.5762	5.4278	-89.517
99.8088	112.315	5.36876	5.00652	-88.3234
101.907	116.005	5.90588	4.28716	-87.2671
101.433	113.23	5.45868	5.24091	-87.0469
102.26	114.211	6.33388	4.08017	-86.1581
101.194	114.208	6.16319	4.90042	-86.2899
99.8662	116.269	6.24294	3.27557	-89.337
99.9279	112.448	5.72026	5.18331	-87.2929
100.979	112.666	5.50405	4.16824	-85.3346
101.591	115.44	6.19356	4.76186	-86.8682
99.5377	115.471	5.98689	3.94282	-86.9508
102.954	112.072	6.14394	4.08105	-88.0361
99.7277	112.652	5.50127	3.73275	-86.035
101.395	113.529	6.229	3.73275	-85.1353
98.9016	114.506	5.56915	4.00516	-87.2222
101.137	112.418	6.23831	3.72504	-85.5045
101.455	113.5	5.62269	3.19012	-86.1034
99.7561	113.436	6.30707	3.55199	-85.8931
100.445	111.684	6.21963	2.74819	-90.2985
100.665	113.565	5.50784	4.62018	-85.662
100.385	112.608	5.91984	3.81078	-85.392
99.9023	112.449	5.66449	3.30677	-86.7765
100.853	112.394	5.70785	4.64134	-86.0334
100.675	112.304	6.08225	4.10867	-85.537
103.323	113.888	6.24658	4.94655	-88.5434
100.087	113.107	6.07039	4.73982	-86.1331
100.744	116.408	6.1275	5.04993	-88.0365
100.985	111.84	5.91894	3.4997	-86.3868
100.158	113.698	5.86477	4.23023	-85.3502
99.069	109.097	5.49993	4.7816	-91.6421
101.299	112.956	4.61572	4.74959	-90.5846
101.287	114.388	6.39443	4.69796	-86.0037
99.9434	115.374	5.73758	4.15871	-86.3377
101.973	115.085	5.67029	4.19236	-86.3326
101.418	113.936	6.03271	3.85091	-85.1489
101.101	114.889	5.62781	3.56561	-85.7057
100.078	112.26	6.38686	4.43116	-86.0843
100.078	113.35	5.65978	3.83712	-85.2897
100.29	112.601	5.59701	3.7672	-85.4738
100.872	112.266	5.65804	3.8732	-85.519
102.639	114.04	6.11073	5.07775	-87.7122
99.9879	113.858	5.90886	4.668	-86.0321
100.373	112.217	5.9607	4.35582	-85.8755
102.881	114.904	5.67356	5.43292	-88.9354
100.419	113.332	6.29472	3.88458	-85.0549
100.608	113.974	5.94874	4.0498	-85.049
102.172	115.659	5.94874	3.50476	-87.929
101.635	113.708	6.00982	5.15381	-86.9252
102.127	113.933	5.7519	4.50334	-86.2196
101.022	112.305	6.35987	4.85886	-86.4646
101.746	114.844	5.78823	3.9413	-85.8619
101.465	113.138	5.82978	3.70329	-85.2812
100.706	115.73	5.37288	3.70329	-91.1661
99.8407	113.213	6.13237	3.86574	-85.5547
101.325	113.284	5.86719	4.25415	-85.2949
101.029	112.921	5.60041	4.12653	-85.1931
99.999	116.798	5.97758	3.92043	-88.5223
101.274	112.836	4.6912	4.77941	-90.5065
101.109	113.681	6.37749	3.86072	-84.9671
101.737	113.176	5.88845	3.37427	-86.0081
99.5219	113.176	6.1115	4.26151	-86.0384
100.594	113.173	5.60504	4.11215	-85.1118
99.9351	113.795	5.55283	3.82093	-85.4195
101.697	115.057	6.08512	4.03809	-85.9878
99.6028	113.757	6.30527	3.7188	-85.9103
101.583	113.737	5.92651	4.0236	-85.2687
101.851	115.434	5.48377	3.82332	-86.6073
100.792	116.588	5.85912	4.78764	-87.8956
101.203	112.131	5.61933	4.78764	-86.486
99.0191	115.223	5.98038	4.11533	-87.4668
100.065	113.68	6.05164	3.74459	-85.3138
99.9817	114.502	6.2236	4.29867	-85.751
100.051	111.477	5.77627	5.28827	-88.0344
102.556	113.905	5.83677	3.94232	-86.5948
101.13	115.418	5.89405	3.94232	-85.9962
101.536	113.139	5.3186	4.65564	-87.9021
101.942	113.128	5.15271	3.9495	-88.3296
101.501	115.105	5.87551	3.75964	-85.9471
100.473	112.451	5.45359	5.30871	-87.3394
101.164	113.413	6.1685	3.47768	-85.2616
102.969	110.481	6.32207	4.19729	-90.0969
99.2051	114.917	6.00308	3.62563	-87.3561
