"loglikelihood"	"logprio"	"logposterior"
-376.332829814012	-4.60517018598809	-380.938
-376.272829814012	-4.60517018598809	-380.878
-377.297829814012	-4.60517018598809	-381.903
-375.964829814012	-4.60517018598809	-380.57
-376.689829814012	-4.60517018598809	-381.295
-376.476829814012	-4.60517018598809	-381.082
-375.863829814012	-4.60517018598809	-380.469
-378.587829814012	-4.60517018598809	-383.193
-376.708829814012	-4.60517018598809	-381.314
-376.241829814012	-4.60517018598809	-380.847
-375.932829814012	-4.60517018598809	-380.538
-378.590829814012	-4.60517018598809	-383.196
-375.965829814012	-4.60517018598809	-380.571
-376.778829814012	-4.60517018598809	-381.384
-376.347829814012	-4.60517018598809	-380.953
-376.919829814012	-4.60517018598809	-381.525
-376.179829814012	-4.60517018598809	-380.785
-376.165829814012	-4.60517018598809	-380.771
-375.948829814012	-4.60517018598809	-380.554
-376.023829814012	-4.60517018598809	-380.629
-376.142829814012	-4.60517018598809	-380.748
-376.835829814012	-4.60517018598809	-381.441
-378.891829814012	-4.60517018598809	-383.497
-376.658829814012	-4.60517018598809	-381.264
-376.580829814012	-4.60517018598809	-381.186
-376.971829814012	-4.60517018598809	-381.577
-376.696829814012	-4.60517018598809	-381.302
-375.812829814012	-4.60517018598809	-380.418
-378.163829814012	-4.60517018598809	-382.769
-376.768829814012	-4.60517018598809	-381.374
-377.430829814012	-4.60517018598809	-382.036
-376.183829814012	-4.60517018598809	-380.789
-376.107829814012	-4.60517018598809	-380.713
-377.467829814012	-4.60517018598809	-382.073
-380.383829814012	-4.60517018598809	-384.989
-375.837829814012	-4.60517018598809	-380.443
-376.879829814012	-4.60517018598809	-381.485
-376.052829814012	-4.60517018598809	-380.658
-376.254829814012	-4.60517018598809	-380.86
-375.865829814012	-4.60517018598809	-380.471
-379.202829814012	-4.60517018598809	-383.808
-379.188829814012	-4.60517018598809	-383.794
-376.112829814012	-4.60517018598809	-380.718
-376.916829814012	-4.60517018598809	-381.522
-376.160829814012	-4.60517018598809	-380.766
-376.240829814012	-4.60517018598809	-380.846
-377.924829814012	-4.60517018598809	-382.53
-376.092829814012	-4.60517018598809	-380.698
-375.996829814012	-4.60517018598809	-380.602
-376.621829814012	-4.60517018598809	-381.227
-377.311829814012	-4.60517018598809	-381.917
-379.988829814012	-4.60517018598809	-384.594
-376.143829814012	-4.60517018598809	-380.749
-376.423829814012	-4.60517018598809	-381.029
-375.813829814012	-4.60517018598809	-380.419
-377.631829814012	-4.60517018598809	-382.237
-378.247829814012	-4.60517018598809	-382.853
-376.322829814012	-4.60517018598809	-380.928
-376.162829814012	-4.60517018598809	-380.768
-376.079829814012	-4.60517018598809	-380.685
-376.709829814012	-4.60517018598809	-381.315
-378.550829814012	-4.60517018598809	-383.156
-376.488829814012	-4.60517018598809	-381.094
-376.277829814012	-4.60517018598809	-380.883
-376.299829814012	-4.60517018598809	-380.905
-376.651829814012	-4.60517018598809	-381.257
-375.950829814012	-4.60517018598809	-380.556
-377.145829814012	-4.60517018598809	-381.751
-375.884829814012	-4.60517018598809	-380.49
-377.400829814012	-4.60517018598809	-382.006
-377.328829814012	-4.60517018598809	-381.934
-376.549829814012	-4.60517018598809	-381.155
-376.571829814012	-4.60517018598809	-381.177
-376.758829814012	-4.60517018598809	-381.364
-376.265829814012	-4.60517018598809	-380.871
-375.939829814012	-4.60517018598809	-380.545
-376.591829814012	-4.60517018598809	-381.197
-375.843829814012	-4.60517018598809	-380.449
-376.631829814012	-4.60517018598809	-381.237
-376.812829814012	-4.60517018598809	-381.418
-376.116829814012	-4.60517018598809	-380.722
-377.417829814012	-4.60517018598809	-382.023
-376.722829814012	-4.60517018598809	-381.328
-376.164829814012	-4.60517018598809	-380.77
-375.998829814012	-4.60517018598809	-380.604
-376.718829814012	-4.60517018598809	-381.324
-376.181829814012	-4.60517018598809	-380.787
-376.080829814012	-4.60517018598809	-380.686
-375.958829814012	-4.60517018598809	-380.564
-377.785829814012	-4.60517018598809	-382.391
-375.820829814012	-4.60517018598809	-380.426
-378.047829814012	-4.60517018598809	-382.653
-376.242829814012	-4.60517018598809	-380.848
-376.128829814012	-4.60517018598809	-380.734
-377.154829814012	-4.60517018598809	-381.76
-376.142829814012	-4.60517018598809	-380.748
-377.679829814012	-4.60517018598809	-382.285
-376.153829814012	-4.60517018598809	-380.759
-376.817829814012	-4.60517018598809	-381.423
-375.852829814012	-4.60517018598809	-380.458
-375.918829814012	-4.60517018598809	-380.524
-376.033829814012	-4.60517018598809	-380.639
-376.586829814012	-4.60517018598809	-381.192
-376.575829814012	-4.60517018598809	-381.181
-375.931829814012	-4.60517018598809	-380.537
-377.268829814012	-4.60517018598809	-381.874
-375.901829814012	-4.60517018598809	-380.507
-376.774829814012	-4.60517018598809	-381.38
-378.266829814012	-4.60517018598809	-382.872
-378.885829814012	-4.60517018598809	-383.491
-376.972829814012	-4.60517018598809	-381.578
-377.061829814012	-4.60517018598809	-381.667
-378.945829814012	-4.60517018598809	-383.551
-376.856829814012	-4.60517018598809	-381.462
-377.526829814012	-4.60517018598809	-382.132
-376.003829814012	-4.60517018598809	-380.609
-379.906829814012	-4.60517018598809	-384.512
-376.423829814012	-4.60517018598809	-381.029
-376.494829814012	-4.60517018598809	-381.1
-376.204829814012	-4.60517018598809	-380.81
-376.093829814012	-4.60517018598809	-380.699
-376.498829814012	-4.60517018598809	-381.104
-377.210829814012	-4.60517018598809	-381.816
-376.015829814012	-4.60517018598809	-380.621
-376.388829814012	-4.60517018598809	-380.994
-376.153829814012	-4.60517018598809	-380.759
-376.429829814012	-4.60517018598809	-381.035
-377.848829814012	-4.60517018598809	-382.454
-379.377829814012	-4.60517018598809	-383.983
-377.236829814012	-4.60517018598809	-381.842
-376.556829814012	-4.60517018598809	-381.162
-376.446829814012	-4.60517018598809	-381.052
-376.205829814012	-4.60517018598809	-380.811
-377.233829814012	-4.60517018598809	-381.839
-376.436829814012	-4.60517018598809	-381.042
-376.953829814012	-4.60517018598809	-381.559
-376.592829814012	-4.60517018598809	-381.198
-376.778829814012	-4.60517018598809	-381.384
-375.803829814012	-4.60517018598809	-380.409
-377.265829814012	-4.60517018598809	-381.871
-378.105829814012	-4.60517018598809	-382.711
-376.256829814012	-4.60517018598809	-380.862
-376.561829814012	-4.60517018598809	-381.167
-376.560829814012	-4.60517018598809	-381.166
-376.232829814012	-4.60517018598809	-380.838
-376.287829814012	-4.60517018598809	-380.893
-376.549829814012	-4.60517018598809	-381.155
-377.428829814012	-4.60517018598809	-382.034
-378.241829814012	-4.60517018598809	-382.847
-378.433829814012	-4.60517018598809	-383.039
-376.980829814012	-4.60517018598809	-381.586
-375.925829814012	-4.60517018598809	-380.531
-376.397829814012	-4.60517018598809	-381.003
-380.294829814012	-4.60517018598809	-384.9
-375.817829814012	-4.60517018598809	-380.423
-376.320829814012	-4.60517018598809	-380.926
-376.110829814012	-4.60517018598809	-380.716
-376.381829814012	-4.60517018598809	-380.987
-377.563829814012	-4.60517018598809	-382.169
-377.127829814012	-4.60517018598809	-381.733
-377.337829814012	-4.60517018598809	-381.943
-377.530829814012	-4.60517018598809	-382.136
-378.657829814012	-4.60517018598809	-383.263
-376.886829814012	-4.60517018598809	-381.492
-375.862829814012	-4.60517018598809	-380.468
-376.692829814012	-4.60517018598809	-381.298
-379.082829814012	-4.60517018598809	-383.688
-375.903829814012	-4.60517018598809	-380.509
-376.179829814012	-4.60517018598809	-380.785
-376.803829814012	-4.60517018598809	-381.409
-376.281829814012	-4.60517018598809	-380.887
-377.294829814012	-4.60517018598809	-381.9
-375.861829814012	-4.60517018598809	-380.467
-376.928829814012	-4.60517018598809	-381.534
-376.195829814012	-4.60517018598809	-380.801
-376.978829814012	-4.60517018598809	-381.584
-376.060829814012	-4.60517018598809	-380.666
-376.052829814012	-4.60517018598809	-380.658
-376.612829814012	-4.60517018598809	-381.218
-376.123829814012	-4.60517018598809	-380.729
-376.118829814012	-4.60517018598809	-380.724
-375.921829814012	-4.60517018598809	-380.527
-376.055829814012	-4.60517018598809	-380.661
-376.800829814012	-4.60517018598809	-381.406
-375.991829814012	-4.60517018598809	-380.597
-376.195829814012	-4.60517018598809	-380.801
-377.301829814012	-4.60517018598809	-381.907
-376.509829814012	-4.60517018598809	-381.115
-376.522829814012	-4.60517018598809	-381.128
-377.041829814012	-4.60517018598809	-381.647
-378.064829814012	-4.60517018598809	-382.67
-375.874829814012	-4.60517018598809	-380.48
-376.030829814012	-4.60517018598809	-380.636
-376.815829814012	-4.60517018598809	-381.421
-379.670829814012	-4.60517018598809	-384.276
-375.828829814012	-4.60517018598809	-380.434
-376.573829814012	-4.60517018598809	-381.179
-376.166829814012	-4.60517018598809	-380.772
-377.165829814012	-4.60517018598809	-381.771
-378.175829814012	-4.60517018598809	-382.781
-378.595829814012	-4.60517018598809	-383.201
-380.255829814012	-4.60517018598809	-384.861
-376.813829814012	-4.60517018598809	-381.419
-377.627829814012	-4.60517018598809	-382.233
-376.163829814012	-4.60517018598809	-380.769
-376.283829814012	-4.60517018598809	-380.889
-376.330829814012	-4.60517018598809	-380.936
-377.874829814012	-4.60517018598809	-382.48
-376.088829814012	-4.60517018598809	-380.694
-377.667829814012	-4.60517018598809	-382.273
-376.337829814012	-4.60517018598809	-380.943
-375.992829814012	-4.60517018598809	-380.598
-381.333829814012	-4.60517018598809	-385.939
-378.114829814012	-4.60517018598809	-382.72
-379.098829814012	-4.60517018598809	-383.704
-376.598829814012	-4.60517018598809	-381.204
-376.597829814012	-4.60517018598809	-381.203
-375.846829814012	-4.60517018598809	-380.452
-375.836829814012	-4.60517018598809	-380.442
-375.863829814012	-4.60517018598809	-380.469
-375.956829814012	-4.60517018598809	-380.562
-376.249829814012	-4.60517018598809	-380.855
-376.229829814012	-4.60517018598809	-380.835
-375.807829814012	-4.60517018598809	-380.413
-377.841829814012	-4.60517018598809	-382.447
-377.309829814012	-4.60517018598809	-381.915
-377.575829814012	-4.60517018598809	-382.181
-375.988829814012	-4.60517018598809	-380.594
-376.911829814012	-4.60517018598809	-381.517
-379.299829814012	-4.60517018598809	-383.905
-376.143829814012	-4.60517018598809	-380.749
-376.257829814012	-4.60517018598809	-380.863
-376.464829814012	-4.60517018598809	-381.07
-376.259829814012	-4.60517018598809	-380.865
-377.161829814012	-4.60517018598809	-381.767
-376.006829814012	-4.60517018598809	-380.612
-376.166829814012	-4.60517018598809	-380.772
-375.953829814012	-4.60517018598809	-380.559
-375.966829814012	-4.60517018598809	-380.572
-376.164829814012	-4.60517018598809	-380.77
-379.118829814012	-4.60517018598809	-383.724
-376.004829814012	-4.60517018598809	-380.61
-376.781829814012	-4.60517018598809	-381.387
-376.396829814012	-4.60517018598809	-381.002
-378.131829814012	-4.60517018598809	-382.737
-377.251829814012	-4.60517018598809	-381.857
-376.422829814012	-4.60517018598809	-381.028
-379.757829814012	-4.60517018598809	-384.363
-378.123829814012	-4.60517018598809	-382.729
-376.844829814012	-4.60517018598809	-381.45
-376.024829814012	-4.60517018598809	-380.63
-377.178829814012	-4.60517018598809	-381.784
-376.833829814012	-4.60517018598809	-381.439
-376.009829814012	-4.60517018598809	-380.615
-375.875829814012	-4.60517018598809	-380.481
-375.881829814012	-4.60517018598809	-380.487
-376.534829814012	-4.60517018598809	-381.14
-376.601829814012	-4.60517018598809	-381.207
-376.211829814012	-4.60517018598809	-380.817
-377.002829814012	-4.60517018598809	-381.608
-376.337829814012	-4.60517018598809	-380.943
-376.031829814012	-4.60517018598809	-380.637
-376.170829814012	-4.60517018598809	-380.776
-376.028829814012	-4.60517018598809	-380.634
-376.099829814012	-4.60517018598809	-380.705
-375.900829814012	-4.60517018598809	-380.506
-377.062829814012	-4.60517018598809	-381.668
-375.856829814012	-4.60517018598809	-380.462
-375.992829814012	-4.60517018598809	-380.598
-376.546829814012	-4.60517018598809	-381.152
-375.970829814012	-4.60517018598809	-380.576
-377.601829814012	-4.60517018598809	-382.207
-376.872829814012	-4.60517018598809	-381.478
-377.330829814012	-4.60517018598809	-381.936
-375.873829814012	-4.60517018598809	-380.479
-375.800829814012	-4.60517018598809	-380.406
-378.334829814012	-4.60517018598809	-382.94
-375.868829814012	-4.60517018598809	-380.474
-376.574829814012	-4.60517018598809	-381.18
-375.876829814012	-4.60517018598809	-380.482
-376.384829814012	-4.60517018598809	-380.99
-377.667829814012	-4.60517018598809	-382.273
-375.836829814012	-4.60517018598809	-380.442
-376.203829814012	-4.60517018598809	-380.809
-378.553829814012	-4.60517018598809	-383.159
-376.178829814012	-4.60517018598809	-380.784
-378.957829814012	-4.60517018598809	-383.563
-375.973829814012	-4.60517018598809	-380.579
-375.975829814012	-4.60517018598809	-380.581
-376.480829814012	-4.60517018598809	-381.086
-378.545829814012	-4.60517018598809	-383.151
-375.841829814012	-4.60517018598809	-380.447
-376.811829814012	-4.60517018598809	-381.417
-376.028829814012	-4.60517018598809	-380.634
-376.578829814012	-4.60517018598809	-381.184
-376.494829814012	-4.60517018598809	-381.1
-376.009829814012	-4.60517018598809	-380.615
-377.545829814012	-4.60517018598809	-382.151
-377.602829814012	-4.60517018598809	-382.208
-375.832829814012	-4.60517018598809	-380.438
-376.449829814012	-4.60517018598809	-381.055
-376.386829814012	-4.60517018598809	-380.992
-375.837829814012	-4.60517018598809	-380.443
-376.985829814012	-4.60517018598809	-381.591
-376.612829814012	-4.60517018598809	-381.218
-376.071829814012	-4.60517018598809	-380.677
-378.668829814012	-4.60517018598809	-383.274
-375.870829814012	-4.60517018598809	-380.476
-376.870829814012	-4.60517018598809	-381.476
-376.758829814012	-4.60517018598809	-381.364
-376.030829814012	-4.60517018598809	-380.636
-376.346829814012	-4.60517018598809	-380.952
-376.683829814012	-4.60517018598809	-381.289
-377.037829814012	-4.60517018598809	-381.643
-378.865829814012	-4.60517018598809	-383.471
-376.092829814012	-4.60517018598809	-380.698
-376.567829814012	-4.60517018598809	-381.173
-377.664829814012	-4.60517018598809	-382.27
-376.037829814012	-4.60517018598809	-380.643
-378.145829814012	-4.60517018598809	-382.751
-375.858829814012	-4.60517018598809	-380.464
-377.145829814012	-4.60517018598809	-381.751
-377.264829814012	-4.60517018598809	-381.87
-379.644829814012	-4.60517018598809	-384.25
-375.962829814012	-4.60517018598809	-380.568
-376.308829814012	-4.60517018598809	-380.914
-375.833829814012	-4.60517018598809	-380.439
-376.264829814012	-4.60517018598809	-380.87
-376.992829814012	-4.60517018598809	-381.598
-377.399829814012	-4.60517018598809	-382.005
-379.982829814012	-4.60517018598809	-384.588
-376.365829814012	-4.60517018598809	-380.971
-378.822829814012	-4.60517018598809	-383.428
-375.881829814012	-4.60517018598809	-380.487
-376.486829814012	-4.60517018598809	-381.092
-377.346829814012	-4.60517018598809	-381.952
-376.304829814012	-4.60517018598809	-380.91
-376.389829814012	-4.60517018598809	-380.995
-376.170829814012	-4.60517018598809	-380.776
-376.605829814012	-4.60517018598809	-381.211
-382.060829814012	-4.60517018598809	-386.666
-375.919829814012	-4.60517018598809	-380.525
-376.122829814012	-4.60517018598809	-380.728
-377.511829814012	-4.60517018598809	-382.117
-379.025829814012	-4.60517018598809	-383.631
-376.478829814012	-4.60517018598809	-381.084
-375.936829814012	-4.60517018598809	-380.542
-377.641829814012	-4.60517018598809	-382.247
-376.082829814012	-4.60517018598809	-380.688
-376.680829814012	-4.60517018598809	-381.286
-377.022829814012	-4.60517018598809	-381.628
-378.400829814012	-4.60517018598809	-383.006
-376.555829814012	-4.60517018598809	-381.161
-378.627829814012	-4.60517018598809	-383.233
-377.064829814012	-4.60517018598809	-381.67
-375.939829814012	-4.60517018598809	-380.545
-376.497829814012	-4.60517018598809	-381.103
-375.900829814012	-4.60517018598809	-380.506
-376.333829814012	-4.60517018598809	-380.939
-376.164829814012	-4.60517018598809	-380.77
-376.332829814012	-4.60517018598809	-380.938
-376.356829814012	-4.60517018598809	-380.962
-375.920829814012	-4.60517018598809	-380.526
-375.901829814012	-4.60517018598809	-380.507
-375.986829814012	-4.60517018598809	-380.592
-376.039829814012	-4.60517018598809	-380.645
-376.076829814012	-4.60517018598809	-380.682
-377.145829814012	-4.60517018598809	-381.751
-376.045829814012	-4.60517018598809	-380.651
-376.684829814012	-4.60517018598809	-381.29
-375.813829814012	-4.60517018598809	-380.419
-378.995829814012	-4.60517018598809	-383.601
-375.844829814012	-4.60517018598809	-380.45
-376.816829814012	-4.60517018598809	-381.422
-376.930829814012	-4.60517018598809	-381.536
-378.151829814012	-4.60517018598809	-382.757
-376.924829814012	-4.60517018598809	-381.53
-377.280829814012	-4.60517018598809	-381.886
-375.854829814012	-4.60517018598809	-380.46
-376.285829814012	-4.60517018598809	-380.891
-376.190829814012	-4.60517018598809	-380.796
-377.487829814012	-4.60517018598809	-382.093
-376.670829814012	-4.60517018598809	-381.276
-376.151829814012	-4.60517018598809	-380.757
-376.957829814012	-4.60517018598809	-381.563
-377.035829814012	-4.60517018598809	-381.641
-376.156829814012	-4.60517018598809	-380.762
-376.273829814012	-4.60517018598809	-380.879
-376.532829814012	-4.60517018598809	-381.138
-376.875829814012	-4.60517018598809	-381.481
-378.187829814012	-4.60517018598809	-382.793
-376.153829814012	-4.60517018598809	-380.759
-377.809829814012	-4.60517018598809	-382.415
-381.065829814012	-4.60517018598809	-385.671
-376.450829814012	-4.60517018598809	-381.056
-375.832829814012	-4.60517018598809	-380.438
-376.091829814012	-4.60517018598809	-380.697
-376.011829814012	-4.60517018598809	-380.617
-377.131829814012	-4.60517018598809	-381.737
-376.448829814012	-4.60517018598809	-381.054
-376.708829814012	-4.60517018598809	-381.314
-376.470829814012	-4.60517018598809	-381.076
-376.096829814012	-4.60517018598809	-380.702
-376.111829814012	-4.60517018598809	-380.717
-376.168829814012	-4.60517018598809	-380.774
-375.960829814012	-4.60517018598809	-380.566
-375.916829814012	-4.60517018598809	-380.522
-378.043829814012	-4.60517018598809	-382.649
-376.790829814012	-4.60517018598809	-381.396
-376.500829814012	-4.60517018598809	-381.106
-375.988829814012	-4.60517018598809	-380.594
-376.042829814012	-4.60517018598809	-380.648
-377.278829814012	-4.60517018598809	-381.884
-377.438829814012	-4.60517018598809	-382.044
-376.209829814012	-4.60517018598809	-380.815
-375.927829814012	-4.60517018598809	-380.533
-376.467829814012	-4.60517018598809	-381.073
-375.995829814012	-4.60517018598809	-380.601
-376.934829814012	-4.60517018598809	-381.54
-376.029829814012	-4.60517018598809	-380.635
-377.869829814012	-4.60517018598809	-382.475
-376.127829814012	-4.60517018598809	-380.733
-377.412829814012	-4.60517018598809	-382.018
-377.527829814012	-4.60517018598809	-382.133
-376.582829814012	-4.60517018598809	-381.188
-376.108829814012	-4.60517018598809	-380.714
-376.039829814012	-4.60517018598809	-380.645
-377.858829814012	-4.60517018598809	-382.464
-377.695829814012	-4.60517018598809	-382.301
-377.935829814012	-4.60517018598809	-382.541
-377.010829814012	-4.60517018598809	-381.616
-375.924829814012	-4.60517018598809	-380.53
-376.082829814012	-4.60517018598809	-380.688
-378.501829814012	-4.60517018598809	-383.107
-378.748829814012	-4.60517018598809	-383.354
-376.898829814012	-4.60517018598809	-381.504
-376.957829814012	-4.60517018598809	-381.563
-378.641829814012	-4.60517018598809	-383.247
-376.218829814012	-4.60517018598809	-380.824
-376.526829814012	-4.60517018598809	-381.132
-375.878829814012	-4.60517018598809	-380.484
-375.863829814012	-4.60517018598809	-380.469
-377.838829814012	-4.60517018598809	-382.444
-376.777829814012	-4.60517018598809	-381.383
-376.668829814012	-4.60517018598809	-381.274
-377.457829814012	-4.60517018598809	-382.063
-376.385829814012	-4.60517018598809	-380.991
-377.370829814012	-4.60517018598809	-381.976
-377.013829814012	-4.60517018598809	-381.619
-377.541829814012	-4.60517018598809	-382.147
-377.032829814012	-4.60517018598809	-381.638
-375.966829814012	-4.60517018598809	-380.572
-376.950829814012	-4.60517018598809	-381.556
-376.118829814012	-4.60517018598809	-380.724
-378.405829814012	-4.60517018598809	-383.011
-377.027829814012	-4.60517018598809	-381.633
-378.333829814012	-4.60517018598809	-382.939
-376.898829814012	-4.60517018598809	-381.504
-376.570829814012	-4.60517018598809	-381.176
-378.533829814012	-4.60517018598809	-383.139
-377.190829814012	-4.60517018598809	-381.796
-376.802829814012	-4.60517018598809	-381.408
-376.010829814012	-4.60517018598809	-380.616
-377.211829814012	-4.60517018598809	-381.817
-377.478829814012	-4.60517018598809	-382.084
-376.237829814012	-4.60517018598809	-380.843
-378.928829814012	-4.60517018598809	-383.534
-376.361829814012	-4.60517018598809	-380.967
-376.068829814012	-4.60517018598809	-380.674
-377.656829814012	-4.60517018598809	-382.262
-376.503829814012	-4.60517018598809	-381.109
-376.539829814012	-4.60517018598809	-381.145
-376.485829814012	-4.60517018598809	-381.091
-377.440829814012	-4.60517018598809	-382.046
-376.747829814012	-4.60517018598809	-381.353
-375.805829814012	-4.60517018598809	-380.411
-376.727829814012	-4.60517018598809	-381.333
-376.738829814012	-4.60517018598809	-381.344
-375.941829814012	-4.60517018598809	-380.547
-379.848829814012	-4.60517018598809	-384.454
-376.486829814012	-4.60517018598809	-381.092
-375.919829814012	-4.60517018598809	-380.525
-376.928829814012	-4.60517018598809	-381.534
-376.379829814012	-4.60517018598809	-380.985
-376.019829814012	-4.60517018598809	-380.625
-376.244829814012	-4.60517018598809	-380.85
-375.897829814012	-4.60517018598809	-380.503
-376.012829814012	-4.60517018598809	-380.618
-378.539829814012	-4.60517018598809	-383.145
-376.098829814012	-4.60517018598809	-380.704
-376.127829814012	-4.60517018598809	-380.733
-375.910829814012	-4.60517018598809	-380.516
-383.848829814012	-4.60517018598809	-388.454
-376.061829814012	-4.60517018598809	-380.667
-375.876829814012	-4.60517018598809	-380.482
-377.108829814012	-4.60517018598809	-381.714
-378.196829814012	-4.60517018598809	-382.802
-377.807829814012	-4.60517018598809	-382.413
-376.550829814012	-4.60517018598809	-381.156
-376.903829814012	-4.60517018598809	-381.509
