res1           Y1_gamma1      LogPost        
   0.934989E+02   0.105448E+02  -0.380938E+03
   0.932841E+02   0.103434E+02  -0.380878E+03
   0.905615E+02   0.110953E+02  -0.381903E+03
   0.929798E+02   0.105461E+02  -0.380570E+03
   0.918217E+02   0.117757E+02  -0.381295E+03
   0.923609E+02   0.117149E+02  -0.381082E+03
   0.928252E+02   0.107557E+02  -0.380469E+03
   0.898613E+02   0.108133E+02  -0.383193E+03
   0.924455E+02   0.118831E+02  -0.381314E+03
   0.920947E+02   0.101006E+02  -0.380847E+03
   0.919197E+02   0.109166E+02  -0.380538E+03
   0.950131E+02   0.108134E+02  -0.383196E+03
   0.926934E+02   0.111725E+02  -0.380571E+03
   0.917779E+02   0.118267E+02  -0.381384E+03
   0.935634E+02   0.106914E+02  -0.380953E+03
   0.939033E+02   0.103539E+02  -0.381525E+03
   0.933514E+02   0.109660E+02  -0.380785E+03
   0.927504E+02   0.114086E+02  -0.380771E+03
   0.929689E+02   0.105761E+02  -0.380554E+03
   0.925155E+02   0.112857E+02  -0.380629E+03
   0.933166E+02   0.106492E+02  -0.380748E+03
   0.908768E+02   0.107359E+02  -0.381441E+03
   0.918840E+02   0.911043E+01  -0.383497E+03
   0.910203E+02   0.109761E+02  -0.381264E+03
   0.915721E+02   0.115789E+02  -0.381186E+03
   0.927008E+02   0.120367E+02  -0.381577E+03
   0.930873E+02   0.989775E+01  -0.381302E+03
   0.922564E+02   0.107545E+02  -0.380418E+03
   0.903365E+02   0.101906E+02  -0.382769E+03
   0.909201E+02   0.108067E+02  -0.381374E+03
   0.916388E+02   0.121973E+02  -0.382036E+03
   0.916906E+02   0.112129E+02  -0.380789E+03
   0.923854E+02   0.113859E+02  -0.380713E+03
   0.904383E+02   0.109599E+02  -0.382073E+03
   0.956130E+02   0.104670E+02  -0.384989E+03
   0.926655E+02   0.108906E+02  -0.380443E+03
   0.908356E+02   0.108083E+02  -0.381485E+03
   0.927806E+02   0.102765E+02  -0.380658E+03
   0.933008E+02   0.112051E+02  -0.380860E+03
   0.921101E+02   0.109150E+02  -0.380471E+03
   0.919065E+02   0.130944E+02  -0.383808E+03
   0.940698E+02   0.127747E+02  -0.383794E+03
   0.929049E+02   0.102629E+02  -0.380718E+03
   0.916698E+02   0.982562E+01  -0.381522E+03
   0.924314E+02   0.101205E+02  -0.380766E+03
   0.934172E+02   0.110002E+02  -0.380846E+03
   0.921330E+02   0.125488E+02  -0.382530E+03
   0.925583E+02   0.113645E+02  -0.380698E+03
   0.931139E+02   0.107093E+02  -0.380602E+03
   0.920233E+02   0.117796E+02  -0.381227E+03
   0.938892E+02   0.100255E+02  -0.381917E+03
   0.900478E+02   0.965143E+01  -0.384594E+03
   0.932678E+02   0.110354E+02  -0.380749E+03
   0.917607E+02   0.115323E+02  -0.381029E+03
   0.925731E+02   0.106621E+02  -0.380419E+03
   0.939431E+02   0.989054E+01  -0.382237E+03
   0.905588E+02   0.989900E+01  -0.382853E+03
   0.932589E+02   0.113367E+02  -0.380928E+03
   0.931621E+02   0.111975E+02  -0.380768E+03
   0.932391E+02   0.108725E+02  -0.380685E+03
   0.917386E+02   0.117619E+02  -0.381315E+03
   0.901955E+02   0.119586E+02  -0.383156E+03
   0.932420E+02   0.101061E+02  -0.381094E+03
   0.931879E+02   0.113346E+02  -0.380883E+03
   0.921860E+02   0.115522E+02  -0.380905E+03
   0.932057E+02   0.116861E+02  -0.381257E+03
   0.923326E+02   0.111830E+02  -0.380556E+03
   0.936965E+02   0.117947E+02  -0.381751E+03
   0.922551E+02   0.104645E+02  -0.380490E+03
   0.906262E+02   0.114552E+02  -0.382006E+03
   0.906312E+02   0.113654E+02  -0.381934E+03
   0.911195E+02   0.106799E+02  -0.381155E+03
   0.930185E+02   0.994647E+01  -0.381177E+03
   0.910408E+02   0.112640E+02  -0.381364E+03
   0.916690E+02   0.102844E+02  -0.380871E+03
   0.929792E+02   0.106285E+02  -0.380545E+03
   0.930311E+02   0.993920E+01  -0.381197E+03
   0.922837E+02   0.109573E+02  -0.380449E+03
   0.910552E+02   0.110272E+02  -0.381237E+03
   0.938845E+02   0.104573E+02  -0.381418E+03
   0.916803E+02   0.110839E+02  -0.380722E+03
   0.944025E+02   0.109786E+02  -0.382023E+03
   0.933411E+02   0.999930E+01  -0.381328E+03
   0.917207E+02   0.103630E+02  -0.380770E+03
   0.921082E+02   0.103372E+02  -0.380604E+03
   0.916814E+02   0.117465E+02  -0.381324E+03
   0.931940E+02   0.103764E+02  -0.380787E+03
   0.916317E+02   0.106904E+02  -0.380686E+03
   0.930042E+02   0.106012E+02  -0.380564E+03
   0.909235E+02   0.120767E+02  -0.382391E+03
   0.925949E+02   0.106359E+02  -0.380426E+03
   0.902775E+02   0.116142E+02  -0.382653E+03
   0.927132E+02   0.114943E+02  -0.380848E+03
   0.918187E+02   0.103322E+02  -0.380734E+03
   0.938314E+02   0.116989E+02  -0.381760E+03
   0.931299E+02   0.103716E+02  -0.380748E+03
   0.924902E+02   0.124413E+02  -0.382285E+03
   0.918222E+02   0.103000E+02  -0.380759E+03
   0.921215E+02   0.119330E+02  -0.381423E+03
   0.920861E+02   0.107153E+02  -0.380458E+03
   0.920861E+02   0.104754E+02  -0.380524E+03
   0.930571E+02   0.110655E+02  -0.380639E+03
   0.924238E+02   0.117978E+02  -0.381192E+03
   0.930721E+02   0.116798E+02  -0.381181E+03
   0.925770E+02   0.103741E+02  -0.380537E+03
   0.926376E+02   0.954840E+01  -0.381874E+03
   0.925061E+02   0.104095E+02  -0.380507E+03
   0.910430E+02   0.112925E+02  -0.381380E+03
   0.933316E+02   0.126065E+02  -0.382872E+03
   0.925143E+02   0.129945E+02  -0.383491E+03
   0.937771E+02   0.115832E+02  -0.381578E+03
   0.918321E+02   0.970319E+01  -0.381667E+03
   0.898079E+02   0.117092E+02  -0.383551E+03
   0.914540E+02   0.117440E+02  -0.381462E+03
   0.904051E+02   0.110181E+02  -0.382132E+03
   0.917709E+02   0.109103E+02  -0.380609E+03
   0.945322E+02   0.945399E+01  -0.384512E+03
   0.930154E+02   0.100425E+02  -0.381029E+03
   0.930154E+02   0.999414E+01  -0.381100E+03
   0.933605E+02   0.105620E+02  -0.380810E+03
   0.926246E+02   0.113566E+02  -0.380699E+03
   0.931007E+02   0.100259E+02  -0.381104E+03
   0.930382E+02   0.963785E+01  -0.381816E+03
   0.919499E+02   0.111438E+02  -0.380621E+03
   0.920387E+02   0.115993E+02  -0.380994E+03
   0.931497E+02   0.111937E+02  -0.380759E+03
   0.930363E+02   0.115695E+02  -0.381035E+03
   0.941656E+02   0.996416E+01  -0.382454E+03
   0.947760E+02   0.982922E+01  -0.383983E+03
   0.932971E+02   0.120590E+02  -0.381842E+03
   0.937256E+02   0.110910E+02  -0.381162E+03
   0.912658E+02   0.105311E+02  -0.381052E+03
   0.931065E+02   0.112998E+02  -0.380811E+03
   0.914241E+02   0.119969E+02  -0.381839E+03
   0.913262E+02   0.104417E+02  -0.381042E+03
   0.918426E+02   0.119644E+02  -0.381559E+03
   0.923897E+02   0.118017E+02  -0.381198E+03
   0.931158E+02   0.986293E+01  -0.381384E+03
   0.923315E+02   0.107475E+02  -0.380409E+03
   0.922370E+02   0.955009E+01  -0.381871E+03
   0.947924E+02   0.109578E+02  -0.382711E+03
   0.914408E+02   0.105848E+02  -0.380862E+03
   0.912184E+02   0.104236E+02  -0.381167E+03
   0.934797E+02   0.114313E+02  -0.381166E+03
   0.931351E+02   0.102679E+02  -0.380838E+03
   0.914405E+02   0.105128E+02  -0.380893E+03
   0.915403E+02   0.115310E+02  -0.381155E+03
   0.916205E+02   0.121901E+02  -0.382034E+03
   0.900285E+02   0.108022E+02  -0.382847E+03
   0.934316E+02   0.126587E+02  -0.383039E+03
   0.923296E+02   0.120547E+02  -0.381586E+03
   0.920243E+02   0.110181E+02  -0.380531E+03
   0.936126E+02   0.106849E+02  -0.381003E+03
   0.918871E+02   0.135236E+02  -0.384900E+03
   0.922282E+02   0.107404E+02  -0.380423E+03
   0.917007E+02   0.113957E+02  -0.380926E+03
   0.930413E+02   0.112133E+02  -0.380716E+03
   0.931904E+02   0.101614E+02  -0.380987E+03
   0.931973E+02   0.954555E+01  -0.382169E+03
   0.941640E+02   0.105869E+02  -0.381733E+03
   0.931797E+02   0.121582E+02  -0.381943E+03
   0.905697E+02   0.115183E+02  -0.382136E+03
   0.946231E+02   0.120954E+02  -0.383263E+03
   0.937028E+02   0.101503E+02  -0.381492E+03
   0.927944E+02   0.106525E+02  -0.380468E+03
   0.914894E+02   0.116295E+02  -0.381298E+03
   0.913519E+02   0.129317E+02  -0.383688E+03
   0.929056E+02   0.106458E+02  -0.380509E+03
   0.927868E+02   0.101535E+02  -0.380785E+03
   0.931904E+02   0.118095E+02  -0.381409E+03
   0.931335E+02   0.113743E+02  -0.380887E+03
   0.939913E+02   0.116720E+02  -0.381900E+03
   0.920641E+02   0.108163E+02  -0.380467E+03
   0.922398E+02   0.120169E+02  -0.381534E+03
   0.924837E+02   0.114758E+02  -0.380801E+03
   0.927498E+02   0.120351E+02  -0.381584E+03
   0.932221E+02   0.107907E+02  -0.380666E+03
   0.916808E+02   0.106589E+02  -0.380658E+03
   0.932666E+02   0.100303E+02  -0.381218E+03
   0.915787E+02   0.106616E+02  -0.380729E+03
   0.922470E+02   0.113845E+02  -0.380724E+03
   0.929351E+02   0.109016E+02  -0.380527E+03
   0.932139E+02   0.107869E+02  -0.380661E+03
   0.919077E+02   0.118793E+02  -0.381406E+03
   0.918123E+02   0.109500E+02  -0.380597E+03
   0.918909E+02   0.113587E+02  -0.380801E+03
   0.933849E+02   0.971781E+01  -0.381907E+03
   0.924139E+02   0.117412E+02  -0.381115E+03
   0.911860E+02   0.105502E+02  -0.381128E+03
   0.913033E+02   0.117991E+02  -0.381647E+03
   0.944492E+02   0.101401E+02  -0.382670E+03
   0.927095E+02   0.109857E+02  -0.380480E+03
   0.931068E+02   0.109939E+02  -0.380636E+03
   0.936377E+02   0.115572E+02  -0.381421E+03
   0.893664E+02   0.113471E+02  -0.384276E+03
   0.926811E+02   0.108190E+02  -0.380434E+03
   0.935519E+02   0.102777E+02  -0.381179E+03
   0.915409E+02   0.106066E+02  -0.380772E+03
   0.942369E+02   0.109922E+02  -0.381771E+03
   0.941414E+02   0.121905E+02  -0.382781E+03
   0.936917E+02   0.938387E+01  -0.383201E+03
   0.891326E+02   0.114254E+02  -0.384861E+03
   0.918932E+02   0.118849E+02  -0.381419E+03
   0.903431E+02   0.109255E+02  -0.382233E+03
   0.933545E+02   0.108864E+02  -0.380769E+03
   0.924543E+02   0.115580E+02  -0.380889E+03
   0.927423E+02   0.115695E+02  -0.380936E+03
   0.903205E+02   0.104653E+02  -0.382480E+03
   0.932625E+02   0.107731E+02  -0.380694E+03
   0.931946E+02   0.950759E+01  -0.382273E+03
   0.926645E+02   0.100065E+02  -0.380943E+03
   0.927275E+02   0.112023E+02  -0.380598E+03
   0.917686E+02   0.138913E+02  -0.385939E+03
   0.943365E+02   0.119923E+02  -0.382720E+03
   0.903867E+02   0.124882E+02  -0.383704E+03
   0.910767E+02   0.109924E+02  -0.381204E+03
   0.931104E+02   0.996554E+01  -0.381203E+03
   0.922452E+02   0.105581E+02  -0.380452E+03
   0.925572E+02   0.105581E+02  -0.380442E+03
   0.927234E+02   0.109429E+02  -0.380469E+03
   0.921155E+02   0.111332E+02  -0.380562E+03
   0.928471E+02   0.114674E+02  -0.380855E+03
   0.931097E+02   0.113273E+02  -0.380835E+03
   0.925292E+02   0.108214E+02  -0.380413E+03
   0.925044E+02   0.125217E+02  -0.382447E+03
   0.907545E+02   0.102793E+02  -0.381915E+03
   0.944981E+02   0.109980E+02  -0.382181E+03
   0.917835E+02   0.108676E+02  -0.380594E+03
   0.927495E+02   0.970709E+01  -0.381517E+03
   0.947085E+02   0.124251E+02  -0.383905E+03
   0.917572E+02   0.103595E+02  -0.380749E+03
   0.914509E+02   0.105593E+02  -0.380863E+03
   0.927932E+02   0.116711E+02  -0.381070E+03
   0.914231E+02   0.106232E+02  -0.380865E+03
   0.922687E+02   0.958746E+01  -0.381767E+03
   0.918041E+02   0.105578E+02  -0.380612E+03
   0.916110E+02   0.104787E+02  -0.380772E+03
   0.920875E+02   0.104122E+02  -0.380559E+03
   0.920875E+02   0.111377E+02  -0.380572E+03
   0.916672E+02   0.104146E+02  -0.380770E+03
   0.896067E+02   0.113139E+02  -0.383724E+03
   0.917507E+02   0.108575E+02  -0.380610E+03
   0.915221E+02   0.117216E+02  -0.381387E+03
   0.918163E+02   0.100805E+02  -0.381002E+03
   0.902572E+02   0.103357E+02  -0.382737E+03
   0.934420E+02   0.976652E+01  -0.381857E+03
   0.912806E+02   0.110839E+02  -0.381028E+03
   0.951534E+02   0.122596E+02  -0.384363E+03
   0.928652E+02   0.929399E+01  -0.382729E+03
   0.924011E+02   0.119721E+02  -0.381450E+03
   0.920502E+02   0.112132E+02  -0.380630E+03
   0.939819E+02   0.115726E+02  -0.381784E+03
   0.909941E+02   0.104203E+02  -0.381439E+03
   0.917393E+02   0.108419E+02  -0.380615E+03
   0.924408E+02   0.110581E+02  -0.380481E+03
   0.925676E+02   0.110562E+02  -0.380487E+03
   0.918544E+02   0.997075E+01  -0.381140E+03
   0.910892E+02   0.106261E+02  -0.381207E+03
   0.915946E+02   0.104238E+02  -0.380817E+03
   0.924289E+02   0.120699E+02  -0.381608E+03
   0.913077E+02   0.108246E+02  -0.380943E+03
   0.929272E+02   0.111675E+02  -0.380637E+03
   0.932063E+02   0.111675E+02  -0.380776E+03
   0.921365E+02   0.102897E+02  -0.380634E+03
   0.926782E+02   0.113531E+02  -0.380705E+03
   0.921196E+02   0.110245E+02  -0.380506E+03
   0.937867E+02   0.116569E+02  -0.381668E+03
   0.920751E+02   0.108054E+02  -0.380462E+03
   0.930459E+02   0.105612E+02  -0.380598E+03
   0.934611E+02   0.114318E+02  -0.381152E+03
   0.927017E+02   0.111772E+02  -0.380576E+03
   0.906663E+02   0.117193E+02  -0.382207E+03
   0.934581E+02   0.997486E+01  -0.381478E+03
   0.940179E+02   0.101375E+02  -0.381936E+03
   0.928539E+02   0.107408E+02  -0.380479E+03
   0.924440E+02   0.107926E+02  -0.380406E+03
   0.928339E+02   0.127320E+02  -0.382940E+03
   0.928339E+02   0.107070E+02  -0.380474E+03
   0.931569E+02   0.116446E+02  -0.381180E+03
   0.927588E+02   0.109549E+02  -0.380482E+03
   0.930731E+02   0.115129E+02  -0.380990E+03
   0.905588E+02   0.116481E+02  -0.382273E+03
   0.924037E+02   0.109628E+02  -0.380442E+03
   0.921704E+02   0.101132E+02  -0.380809E+03
   0.940226E+02   0.124794E+02  -0.383159E+03
   0.918850E+02   0.102357E+02  -0.380784E+03
   0.949520E+02   0.102595E+02  -0.383563E+03
   0.930639E+02   0.108622E+02  -0.380579E+03
   0.930639E+02   0.108753E+02  -0.380581E+03
   0.936598E+02   0.105769E+02  -0.381086E+03
   0.898652E+02   0.111902E+02  -0.383151E+03
   0.924112E+02   0.105263E+02  -0.380447E+03
   0.928397E+02   0.976936E+01  -0.381417E+03
   0.931698E+02   0.107314E+02  -0.380634E+03
   0.918043E+02   0.996179E+01  -0.381184E+03
   0.911560E+02   0.107629E+02  -0.381100E+03
   0.923222E+02   0.112643E+02  -0.380615E+03
   0.917356E+02   0.122883E+02  -0.382151E+03
   0.917093E+02   0.952333E+01  -0.382208E+03
   0.923225E+02   0.109358E+02  -0.380438E+03
   0.934241E+02   0.113527E+02  -0.381055E+03
   0.916736E+02   0.114508E+02  -0.380992E+03
   0.926508E+02   0.109034E+02  -0.380443E+03
   0.941122E+02   0.107861E+02  -0.381591E+03
   0.917972E+02   0.994377E+01  -0.381218E+03
   0.924592E+02   0.113459E+02  -0.380677E+03
   0.924152E+02   0.129021E+02  -0.383274E+03
   0.926437E+02   0.110078E+02  -0.380476E+03
   0.910223E+02   0.103338E+02  -0.381476E+03
   0.909568E+02   0.106411E+02  -0.381364E+03
   0.925597E+02   0.112907E+02  -0.380636E+03
   0.934782E+02   0.104782E+02  -0.380952E+03
   0.911144E+02   0.112692E+02  -0.381289E+03
   0.932917E+02   0.980033E+01  -0.381643E+03
   0.951349E+02   0.108028E+02  -0.383471E+03
   0.932466E+02   0.109163E+02  -0.380698E+03
   0.930381E+02   0.995634E+01  -0.381173E+03
   0.943401E+02   0.102881E+02  -0.382270E+03
   0.926078E+02   0.112924E+02  -0.380643E+03
   0.926582E+02   0.126605E+02  -0.382751E+03
   0.927296E+02   0.109214E+02  -0.380464E+03
   0.908029E+02   0.114210E+02  -0.381751E+03
   0.917327E+02   0.121278E+02  -0.381870E+03
   0.954499E+02   0.107677E+02  -0.384250E+03
   0.918467E+02   0.106279E+02  -0.380568E+03
   0.934474E+02   0.104957E+02  -0.380914E+03
   0.923684E+02   0.109496E+02  -0.380439E+03
   0.934707E+02   0.109243E+02  -0.380870E+03
   0.909730E+02   0.102769E+02  -0.381598E+03
   0.939045E+02   0.118365E+02  -0.382005E+03
   0.929815E+02   0.886874E+01  -0.384588E+03
   0.918689E+02   0.115251E+02  -0.380971E+03
   0.899253E+02   0.118049E+02  -0.383428E+03
   0.921818E+02   0.110145E+02  -0.380487E+03
   0.917504E+02   0.100456E+02  -0.381092E+03
   0.917860E+02   0.959771E+01  -0.381952E+03
   0.917860E+02   0.114266E+02  -0.380910E+03
   0.916875E+02   0.114618E+02  -0.380995E+03
   0.915992E+02   0.110877E+02  -0.380776E+03
   0.934562E+02   0.114978E+02  -0.381211E+03
   0.891704E+02   0.130273E+02  -0.386666E+03
   0.924060E+02   0.103795E+02  -0.380525E+03
   0.917370E+02   0.104079E+02  -0.380728E+03
   0.916335E+02   0.957978E+01  -0.382117E+03
   0.915336E+02   0.129532E+02  -0.383631E+03
   0.912444E+02   0.105132E+02  -0.381084E+03
   0.929360E+02   0.109571E+02  -0.380542E+03
   0.929053E+02   0.123858E+02  -0.382247E+03
   0.926714E+02   0.102141E+02  -0.380688E+03
   0.938792E+02   0.107719E+02  -0.381286E+03
   0.922195E+02   0.964805E+01  -0.381628E+03
   0.917986E+02   0.127285E+02  -0.383006E+03
   0.911373E+02   0.105995E+02  -0.381161E+03
   0.933610E+02   0.127692E+02  -0.383233E+03
   0.919856E+02   0.966510E+01  -0.381670E+03
   0.926047E+02   0.111546E+02  -0.380545E+03
   0.916023E+02   0.115190E+02  -0.381103E+03
   0.927373E+02   0.110344E+02  -0.380506E+03
   0.918630E+02   0.101087E+02  -0.380939E+03
   0.918630E+02   0.102618E+02  -0.380770E+03
   0.916147E+02   0.113507E+02  -0.380938E+03
   0.930119E+02   0.100902E+02  -0.380962E+03
   0.927357E+02   0.110774E+02  -0.380526E+03
   0.927357E+02   0.110377E+02  -0.380507E+03
   0.923829E+02   0.102915E+02  -0.380592E+03
   0.923596E+02   0.113065E+02  -0.380645E+03
   0.926730E+02   0.102210E+02  -0.380682E+03
   0.914322E+02   0.119422E+02  -0.381751E+03
   0.924381E+02   0.113165E+02  -0.380651E+03
   0.921957E+02   0.118529E+02  -0.381290E+03
   0.925988E+02   0.106847E+02  -0.380419E+03
   0.896549E+02   0.109772E+02  -0.383601E+03
   0.925159E+02   0.109799E+02  -0.380450E+03
   0.938137E+02   0.113724E+02  -0.381422E+03
   0.935403E+02   0.117298E+02  -0.381536E+03
   0.948162E+02   0.110582E+02  -0.382757E+03
   0.916629E+02   0.118886E+02  -0.381530E+03
   0.937593E+02   0.993996E+01  -0.381886E+03
   0.921197E+02   0.106327E+02  -0.380460E+03
   0.920750E+02   0.115160E+02  -0.380891E+03
   0.933292E+02   0.105343E+02  -0.380796E+03
   0.905113E+02   0.105209E+02  -0.382093E+03
   0.915495E+02   0.100247E+02  -0.381276E+03
   0.933444E+02   0.108539E+02  -0.380757E+03
   0.928499E+02   0.970322E+01  -0.381563E+03
   0.918076E+02   0.972152E+01  -0.381641E+03
   0.918795E+02   0.113064E+02  -0.380762E+03
   0.919317E+02   0.101284E+02  -0.380879E+03
   0.921852E+02   0.988954E+01  -0.381138E+03
   0.937665E+02   0.102233E+02  -0.381481E+03
   0.946914E+02   0.115933E+02  -0.382793E+03
   0.929409E+02   0.102368E+02  -0.380759E+03
   0.942146E+02   0.100333E+02  -0.382415E+03
   0.891826E+02   0.124535E+02  -0.385671E+03
   0.914931E+02   0.113935E+02  -0.381056E+03
   0.921971E+02   0.106479E+02  -0.380438E+03
   0.916206E+02   0.108952E+02  -0.380697E+03
   0.921400E+02   0.103089E+02  -0.380617E+03
   0.941790E+02   0.111619E+02  -0.381737E+03
   0.936738E+02   0.108842E+02  -0.381054E+03
   0.909980E+02   0.110632E+02  -0.381314E+03
   0.932707E+02   0.101378E+02  -0.381076E+03
   0.930534E+02   0.103735E+02  -0.380702E+03
   0.927152E+02   0.101964E+02  -0.380717E+03
   0.933710E+02   0.107873E+02  -0.380774E+03
   0.918445E+02   0.106419E+02  -0.380566E+03
   0.920820E+02   0.110383E+02  -0.380522E+03
   0.943102E+02   0.999742E+01  -0.382649E+03
   0.925150E+02   0.119360E+02  -0.381396E+03
   0.932286E+02   0.115447E+02  -0.381106E+03
   0.929695E+02   0.104789E+02  -0.380594E+03
   0.925500E+02   0.113068E+02  -0.380648E+03
   0.912762E+02   0.119536E+02  -0.381884E+03
   0.943853E+02   0.106770E+02  -0.382044E+03
   0.930721E+02   0.102507E+02  -0.380815E+03
   0.921803E+02   0.104126E+02  -0.380533E+03
   0.918286E+02   0.116013E+02  -0.381073E+03
   0.917578E+02   0.107322E+02  -0.380601E+03
   0.915604E+02   0.986348E+01  -0.381540E+03
   0.921069E+02   0.102987E+02  -0.380635E+03
   0.929948E+02   0.124867E+02  -0.382475E+03
   0.927781E+02   0.101982E+02  -0.380733E+03
   0.937357E+02   0.119633E+02  -0.382018E+03
   0.940513E+02   0.118113E+02  -0.382133E+03
   0.918021E+02   0.996031E+01  -0.381188E+03
   0.916714E+02   0.110546E+02  -0.380714E+03
   0.924961E+02   0.113066E+02  -0.380645E+03
   0.904397E+02   0.102695E+02  -0.382464E+03
   0.919256E+02   0.124073E+02  -0.382301E+03
   0.946783E+02   0.112210E+02  -0.382541E+03
   0.940888E+02   0.105987E+02  -0.381616E+03
   0.919877E+02   0.105438E+02  -0.380530E+03
   0.927563E+02   0.102360E+02  -0.380688E+03
   0.898811E+02   0.111173E+02  -0.383107E+03
   0.943078E+02   0.967887E+01  -0.383354E+03
   0.924316E+02   0.969076E+01  -0.381504E+03
   0.915597E+02   0.118699E+02  -0.381563E+03
   0.900425E+02   0.102903E+02  -0.383247E+03
   0.915037E+02   0.105469E+02  -0.380824E+03
   0.937437E+02   0.109135E+02  -0.381132E+03
   0.920257E+02   0.106636E+02  -0.380484E+03
   0.927322E+02   0.109366E+02  -0.380469E+03
   0.925358E+02   0.935031E+01  -0.382444E+03
   0.937974E+02   0.113438E+02  -0.381383E+03
   0.933259E+02   0.100263E+02  -0.381274E+03
   0.943786E+02   0.106138E+02  -0.382063E+03
   0.934446E+02   0.103728E+02  -0.380991E+03
   0.937241E+02   0.119415E+02  -0.381976E+03
   0.913345E+02   0.117966E+02  -0.381619E+03
   0.912799E+02   0.121249E+02  -0.382147E+03
   0.940428E+02   0.104523E+02  -0.381638E+03
   0.930491E+02   0.106670E+02  -0.380572E+03
   0.931345E+02   0.119316E+02  -0.381556E+03
   0.932974E+02   0.108643E+02  -0.380724E+03
   0.928607E+02   0.921490E+01  -0.383011E+03
   0.922485E+02   0.120783E+02  -0.381633E+03
   0.907627E+02   0.123086E+02  -0.382939E+03
   0.923769E+02   0.120053E+02  -0.381504E+03
   0.915655E+02   0.115656E+02  -0.381176E+03
   0.903640E+02   0.121254E+02  -0.383139E+03
   0.932107E+02   0.120605E+02  -0.381796E+03
   0.939779E+02   0.107944E+02  -0.381408E+03
   0.931393E+02   0.107263E+02  -0.380616E+03
   0.942652E+02   0.110213E+02  -0.381817E+03
   0.940154E+02   0.118046E+02  -0.382084E+03
   0.925978E+02   0.115070E+02  -0.380843E+03
   0.900838E+02   0.100550E+02  -0.383534E+03
   0.913581E+02   0.111024E+02  -0.380967E+03
   0.929903E+02   0.103650E+02  -0.380674E+03
   0.906350E+02   0.117319E+02  -0.382262E+03
   0.929604E+02   0.116596E+02  -0.381109E+03
   0.912311E+02   0.104361E+02  -0.381145E+03
   0.917047E+02   0.115628E+02  -0.381091E+03
   0.904919E+02   0.106575E+02  -0.382046E+03
   0.939247E+02   0.109921E+02  -0.381353E+03
   0.924904E+02   0.106717E+02  -0.380411E+03
   0.938814E+02   0.110936E+02  -0.381333E+03
   0.912680E+02   0.115122E+02  -0.381344E+03
   0.929108E+02   0.109997E+02  -0.380547E+03
   0.907797E+02   0.130672E+02  -0.384454E+03
   0.932983E+02   0.114902E+02  -0.381092E+03
   0.919955E+02   0.105490E+02  -0.380525E+03
   0.908219E+02   0.106707E+02  -0.381534E+03
   0.935019E+02   0.111596E+02  -0.380985E+03
   0.930525E+02   0.110399E+02  -0.380625E+03
   0.917053E+02   0.113092E+02  -0.380850E+03
   0.920605E+02   0.105447E+02  -0.380503E+03
   0.923567E+02   0.102639E+02  -0.380618E+03
   0.901040E+02   0.102662E+02  -0.383145E+03
   0.917031E+02   0.110735E+02  -0.380704E+03
   0.931858E+02   0.111128E+02  -0.380733E+03
   0.929309E+02   0.108578E+02  -0.380516E+03
   0.880992E+02   0.126053E+02  -0.388454E+03
   0.920288E+02   0.112552E+02  -0.380667E+03
   0.921565E+02   0.105251E+02  -0.380482E+03
   0.938054E+02   0.100829E+02  -0.381714E+03
   0.944136E+02   0.119769E+02  -0.382802E+03
   0.903541E+02   0.104695E+02  -0.382413E+03
   0.911867E+02   0.104950E+02  -0.381156E+03
   0.921212E+02   0.119882E+02  -0.381509E+03
