res1           res2           tau1           Y1_gamma1      LogPost        
   0.111257E+03   0.111622E+03   0.682566E+01   0.448128E+00  -0.402082E+02
   0.111645E+03   0.111585E+03   0.886942E+01   0.328488E+00  -0.402577E+02
   0.110433E+03   0.111751E+03   0.692518E+01   0.349799E+00  -0.418202E+02
   0.110984E+03   0.111891E+03   0.809972E+01   0.597208E-01  -0.387327E+02
   0.111458E+03   0.111808E+03   0.823273E+01   0.550849E+00  -0.401893E+02
   0.111314E+03   0.111739E+03   0.737938E+01   0.169760E+00  -0.396582E+02
   0.111722E+03   0.111785E+03   0.810266E+01   0.372262E+00  -0.402627E+02
   0.111813E+03   0.111426E+03   0.622230E+01   0.465418E-01  -0.396586E+02
   0.111509E+03   0.111431E+03   0.687277E+01   0.760621E+00  -0.415924E+02
   0.110481E+03   0.111669E+03   0.886033E+01   0.541756E+00  -0.418449E+02
   0.111021E+03   0.112238E+03   0.880445E+01   0.122035E+00  -0.383883E+02
   0.111391E+03   0.111830E+03   0.816709E+01   0.294852E+00  -0.391539E+02
   0.111269E+03   0.112601E+03   0.919791E+01   0.123860E+00  -0.402968E+02
   0.111034E+03   0.112412E+03   0.898853E+01   0.288388E+00  -0.389520E+02
   0.111034E+03   0.112561E+03   0.935374E+01   0.200368E+00  -0.408675E+02
   0.111951E+03   0.111132E+03   0.694707E+01   0.363256E+00  -0.422931E+02
   0.112802E+03   0.111967E+03   0.607050E+01   0.292017E+00  -0.418545E+02
   0.110970E+03   0.111454E+03   0.876121E+01   0.643096E+00  -0.412961E+02
   0.111591E+03   0.111898E+03   0.832461E+01   0.310303E+00  -0.396433E+02
   0.111391E+03   0.111679E+03   0.973030E+01   0.310303E+00  -0.397079E+02
   0.111482E+03   0.111077E+03   0.895228E+01   0.370495E+00  -0.423257E+02
   0.111045E+03   0.112240E+03   0.915132E+01   0.491804E-01  -0.400704E+02
   0.111495E+03   0.113164E+03   0.926590E+01   0.492030E+00  -0.427182E+02
   0.111851E+03   0.111734E+03   0.627014E+01   0.990414E-01  -0.398839E+02
   0.111580E+03   0.111734E+03   0.869790E+01   0.317898E+00  -0.396834E+02
   0.111273E+03   0.111637E+03   0.993098E+01   0.282219E+00  -0.403101E+02
   0.111181E+03   0.111722E+03   0.818816E+01   0.133074E+00  -0.387850E+02
   0.111248E+03   0.110740E+03   0.977595E+01   0.419352E+00  -0.428617E+02
   0.111139E+03   0.112036E+03   0.955819E+01   0.389188E+00  -0.397647E+02
   0.110443E+03   0.112072E+03   0.791063E+01   0.389188E+00  -0.410415E+02
   0.111305E+03   0.111915E+03   0.937902E+01   0.554661E+00  -0.400202E+02
   0.111432E+03   0.112028E+03   0.968014E+01   0.460265E+00  -0.397008E+02
   0.111182E+03   0.111784E+03   0.739368E+01   0.373030E+00  -0.401621E+02
   0.111182E+03   0.111874E+03   0.896150E+01   0.642141E+00  -0.398658E+02
   0.111243E+03   0.111735E+03   0.828130E+01   0.507220E+00  -0.399830E+02
   0.111271E+03   0.112365E+03   0.953437E+01   0.263297E+00  -0.396674E+02
   0.111169E+03   0.111989E+03   0.962696E+01   0.137720E+00  -0.394047E+02
   0.111492E+03   0.111498E+03   0.929029E+01   0.614629E+00  -0.408869E+02
   0.111012E+03   0.112397E+03   0.819186E+01   0.299383E-01  -0.401467E+02
   0.110926E+03   0.111505E+03   0.975159E+01   0.284321E+00  -0.416623E+02
   0.111427E+03   0.111624E+03   0.663242E+01   0.935047E+00  -0.424057E+02
   0.110591E+03   0.111585E+03   0.964607E+01   0.344057E+00  -0.433209E+02
   0.111528E+03   0.112132E+03   0.845235E+01   0.246756E+00  -0.395671E+02
   0.111904E+03   0.111681E+03   0.940962E+01   0.246756E+00  -0.410612E+02
   0.111223E+03   0.111882E+03   0.813922E+01   0.181059E+00  -0.387411E+02
   0.111487E+03   0.111211E+03   0.858119E+01   0.181059E+00  -0.411992E+02
   0.110882E+03   0.111776E+03   0.778157E+01   0.181059E+00  -0.393457E+02
   0.111030E+03   0.111890E+03   0.906350E+01   0.105212E+01  -0.426691E+02
   0.112339E+03   0.111706E+03   0.666825E+01   0.725659E+00  -0.425485E+02
   0.111861E+03   0.111618E+03   0.653488E+01   0.598055E+00  -0.409488E+02
   0.114353E+03   0.111618E+03   0.610412E+01   0.758460E+00  -0.439952E+02
   0.111463E+03   0.111898E+03   0.927175E+01   0.104942E+01  -0.425979E+02
   0.112881E+03   0.111994E+03   0.607472E+01   0.714749E+00  -0.430402E+02
   0.110236E+03   0.111380E+03   0.627763E+01   0.732143E+00  -0.435402E+02
   0.111564E+03   0.111165E+03   0.871265E+01   0.626916E+00  -0.420561E+02
   0.113571E+03   0.111550E+03   0.628586E+01   0.377039E+00  -0.426712E+02
   0.111883E+03   0.111177E+03   0.608770E+01   0.560647E+00  -0.413612E+02
   0.112935E+03   0.111177E+03   0.621863E+01   0.206628E+00  -0.417459E+02
   0.113799E+03   0.111658E+03   0.598299E+01   0.515667E-01  -0.424264E+02
   0.112547E+03   0.111658E+03   0.707945E+01   0.508409E-01  -0.429172E+02
   0.111482E+03   0.111952E+03   0.985512E+01   0.426495E+00  -0.398268E+02
   0.111237E+03   0.112896E+03   0.985512E+01   0.375093E+00  -0.402990E+02
   0.111434E+03   0.111729E+03   0.855248E+01   0.307286E+00  -0.394390E+02
   0.111463E+03   0.111650E+03   0.884565E+01   0.174583E+00  -0.391473E+02
   0.111463E+03   0.113009E+03   0.934540E+01   0.298953E+00  -0.420044E+02
   0.110651E+03   0.111385E+03   0.813484E+01   0.189494E+00  -0.410694E+02
   0.110818E+03   0.111716E+03   0.741956E+01   0.189494E+00  -0.403315E+02
   0.111409E+03   0.112517E+03   0.855444E+01   0.591675E+00  -0.415585E+02
   0.111947E+03   0.112036E+03   0.938493E+01   0.236505E+00  -0.410708E+02
   0.111703E+03   0.112046E+03   0.663445E+01   0.217280E+00  -0.412906E+02
   0.113294E+03   0.111677E+03   0.630878E+01   0.170793E+00  -0.418540E+02
   0.112747E+03   0.111520E+03   0.630735E+01   0.371251E+00  -0.406112E+02
   0.110287E+03   0.111429E+03   0.593243E+01   0.405090E-01  -0.415777E+02
   0.111227E+03   0.111634E+03   0.890975E+01   0.406802E+00  -0.393710E+02
   0.114090E+03   0.111563E+03   0.595539E+01   0.986366E+00  -0.441467E+02
   0.110992E+03   0.111579E+03   0.796249E+01   0.671488E-01  -0.390476E+02
   0.111304E+03   0.111638E+03   0.595480E+01   0.539997E-01  -0.399045E+02
   0.111018E+03   0.111587E+03   0.884515E+01   0.646589E+00  -0.404910E+02
   0.111586E+03   0.111913E+03   0.912249E+01   0.945786E-01  -0.392608E+02
   0.111564E+03   0.111913E+03   0.915395E+01   0.510830E-01  -0.391899E+02
   0.110751E+03   0.111606E+03   0.906044E+01   0.240266E+00  -0.401160E+02
   0.112332E+03   0.111591E+03   0.762417E+01   0.101595E+01  -0.440279E+02
   0.111590E+03   0.111705E+03   0.884547E+01   0.686428E+00  -0.409680E+02
   0.111054E+03   0.112324E+03   0.853397E+01   0.405776E+00  -0.405236E+02
   0.111009E+03   0.111989E+03   0.808648E+01   0.405776E+00  -0.395905E+02
   0.112048E+03   0.111942E+03   0.623128E+01   0.401177E-01  -0.409037E+02
   0.111581E+03   0.112050E+03   0.663233E+01   0.401177E-01  -0.411398E+02
   0.111930E+03   0.111628E+03   0.614973E+01   0.416032E+00  -0.401661E+02
   0.111231E+03   0.111052E+03   0.695310E+01   0.155469E+00  -0.421905E+02
   0.111677E+03   0.112753E+03   0.982220E+01   0.748724E-01  -0.396185E+02
   0.112298E+03   0.111820E+03   0.622177E+01   0.890598E-01  -0.403608E+02
   0.111500E+03   0.111551E+03   0.659866E+01   0.890598E-01  -0.397371E+02
   0.111974E+03   0.111520E+03   0.730584E+01   0.411256E-01  -0.405816E+02
   0.112993E+03   0.111513E+03   0.609867E+01   0.411256E-01  -0.405884E+02
   0.110978E+03   0.111329E+03   0.720416E+01   0.874350E+00  -0.423959E+02
   0.110704E+03   0.110934E+03   0.607890E+01   0.610472E+00  -0.434512E+02
   0.111450E+03   0.112177E+03   0.928848E+01   0.602240E+00  -0.402778E+02
   0.111377E+03   0.111599E+03   0.877705E+01   0.379100E+00  -0.395404E+02
   0.111377E+03   0.111856E+03   0.703103E+01   0.137425E+00  -0.398431E+02
   0.111698E+03   0.111856E+03   0.941664E+01   0.167442E+00  -0.397011E+02
   0.111110E+03   0.112095E+03   0.879915E+01   0.209273E+00  -0.382514E+02
   0.111219E+03   0.111453E+03   0.898894E+01   0.393584E+00  -0.399597E+02
   0.111329E+03   0.112284E+03   0.871454E+01   0.614311E+00  -0.406461E+02
   0.111541E+03   0.111605E+03   0.834560E+01   0.111721E+00  -0.395584E+02
   0.112117E+03   0.111528E+03   0.704634E+01   0.111721E+00  -0.410560E+02
   0.111013E+03   0.111787E+03   0.683437E+01   0.343354E+00  -0.402800E+02
   0.111287E+03   0.111401E+03   0.806072E+01   0.308096E+00  -0.400909E+02
   0.111968E+03   0.111645E+03   0.740785E+01   0.143888E+00  -0.404683E+02
   0.111962E+03   0.111766E+03   0.939928E+01   0.141971E+00  -0.412127E+02
   0.111748E+03   0.111922E+03   0.642249E+01   0.274270E+00  -0.410050E+02
   0.111331E+03   0.110959E+03   0.697969E+01   0.556023E-01  -0.430804E+02
   0.111019E+03   0.112814E+03   0.950020E+01   0.994263E+00  -0.430105E+02
   0.110821E+03   0.112374E+03   0.793008E+01   0.327078E+00  -0.405906E+02
   0.110992E+03   0.112278E+03   0.898376E+01   0.354759E+00  -0.389169E+02
   0.111973E+03   0.112278E+03   0.845644E+01   0.354759E+00  -0.419580E+02
   0.112689E+03   0.111517E+03   0.592521E+01   0.414218E+00  -0.405691E+02
   0.111053E+03   0.111825E+03   0.879931E+01   0.582271E+00  -0.397124E+02
   0.111353E+03   0.111812E+03   0.840665E+01   0.293312E+00  -0.392656E+02
   0.111013E+03   0.112162E+03   0.864406E+01   0.191169E+00  -0.394458E+02
   0.111194E+03   0.112162E+03   0.859287E+01   0.811164E-01  -0.389733E+02
   0.111381E+03   0.111799E+03   0.870266E+01   0.811164E-01  -0.388429E+02
   0.111367E+03   0.111717E+03   0.616271E+01   0.609663E+00  -0.413269E+02
   0.112390E+03   0.111875E+03   0.616131E+01   0.134712E+01  -0.453567E+02
   0.110961E+03   0.111444E+03   0.668664E+01   0.390561E+00  -0.405673E+02
   0.111244E+03   0.111580E+03   0.902763E+01   0.109913E+00  -0.390157E+02
   0.111065E+03   0.112307E+03   0.879621E+01   0.448292E-01  -0.383853E+02
   0.111213E+03   0.112028E+03   0.716581E+01   0.161941E+00  -0.405840E+02
   0.112035E+03   0.111318E+03   0.640334E+01   0.454452E+00  -0.403856E+02
   0.110667E+03   0.111779E+03   0.913361E+01   0.368224E+00  -0.423402E+02
   0.111840E+03   0.111586E+03   0.682179E+01   0.109694E+00  -0.401523E+02
   0.111663E+03   0.111586E+03   0.879610E+01   0.109694E+00  -0.400573E+02
   0.110946E+03   0.111106E+03   0.864416E+01   0.777755E+00  -0.427992E+02
   0.112623E+03   0.111169E+03   0.706250E+01   0.777755E+00  -0.449185E+02
   0.111780E+03   0.111544E+03   0.590201E+01   0.301450E+00  -0.399110E+02
   0.111487E+03   0.111337E+03   0.604180E+01   0.301450E+00  -0.403432E+02
   0.111229E+03   0.111211E+03   0.690292E+01   0.131056E+00  -0.410324E+02
   0.111229E+03   0.112517E+03   0.892057E+01   0.225334E+00  -0.390226E+02
   0.111101E+03   0.111529E+03   0.679576E+01   0.437330E+00  -0.403428E+02
   0.111673E+03   0.111476E+03   0.986438E+01   0.340018E+00  -0.403894E+02
   0.111339E+03   0.111430E+03   0.959316E+01   0.221111E+00  -0.400388E+02
   0.110959E+03   0.111465E+03   0.796903E+01   0.106532E+00  -0.395793E+02
   0.111073E+03   0.112120E+03   0.882032E+01   0.131922E+00  -0.381932E+02
   0.110982E+03   0.111617E+03   0.912596E+01   0.249287E+00  -0.405774E+02
   0.111617E+03   0.112454E+03   0.917528E+01   0.675266E-01  -0.399901E+02
   0.111653E+03   0.113029E+03   0.956585E+01   0.104786E+01  -0.439528E+02
   0.111364E+03   0.112253E+03   0.845310E+01   0.350301E+00  -0.398841E+02
   0.112147E+03   0.111144E+03   0.983070E+01   0.116920E+00  -0.439434E+02
   0.111124E+03   0.113064E+03   0.919287E+01   0.378778E+00  -0.425193E+02
   0.111536E+03   0.112393E+03   0.993356E+01   0.581850E+00  -0.404423E+02
   0.111715E+03   0.112359E+03   0.835736E+01   0.126238E+00  -0.406272E+02
   0.111715E+03   0.111192E+03   0.973154E+01   0.299604E+00  -0.413032E+02
   0.111659E+03   0.111670E+03   0.675275E+01   0.435031E+00  -0.403638E+02
   0.110496E+03   0.111790E+03   0.675635E+01   0.554271E+00  -0.420458E+02
   0.110719E+03   0.111626E+03   0.799995E+01   0.554226E-01  -0.397630E+02
   0.111718E+03   0.112043E+03   0.673351E+01   0.130952E+00  -0.408977E+02
   0.111578E+03   0.111780E+03   0.934151E+01   0.512559E+00  -0.402297E+02
   0.111578E+03   0.111044E+03   0.983507E+01   0.467933E+00  -0.412694E+02
   0.111180E+03   0.111615E+03   0.986203E+01   0.528341E+00  -0.408698E+02
   0.111245E+03   0.111725E+03   0.845729E+01   0.474509E+00  -0.399054E+02
   0.111240E+03   0.112265E+03   0.847435E+01   0.474509E+00  -0.403221E+02
   0.111096E+03   0.112954E+03   0.920002E+01   0.562710E+00  -0.420232E+02
   0.111600E+03   0.111902E+03   0.924675E+01   0.272547E+00  -0.395237E+02
   0.111759E+03   0.111696E+03   0.912179E+01   0.138457E+00  -0.401250E+02
   0.111544E+03   0.112585E+03   0.857943E+01   0.860634E-02  -0.407969E+02
   0.111627E+03   0.112006E+03   0.819058E+01   0.173735E+00  -0.395530E+02
   0.111400E+03   0.112054E+03   0.967767E+01   0.173735E+00  -0.391067E+02
   0.111513E+03   0.111906E+03   0.673760E+01   0.173735E+00  -0.400907E+02
   0.111513E+03   0.111595E+03   0.664814E+01   0.181176E+00  -0.397625E+02
   0.111052E+03   0.112415E+03   0.803679E+01   0.124005E+00  -0.403217E+02
   0.111132E+03   0.111996E+03   0.896773E+01   0.650427E-01  -0.380696E+02
   0.110918E+03   0.111909E+03   0.614739E+01   0.488681E+00  -0.420726E+02
   0.111395E+03   0.111679E+03   0.711603E+01   0.198782E+00  -0.396531E+02
   0.111002E+03   0.111679E+03   0.701919E+01   0.255791E+00  -0.400187E+02
   0.111259E+03   0.111940E+03   0.816493E+01   0.116252E+00  -0.386680E+02
   0.111745E+03   0.112538E+03   0.983058E+01   0.340633E+00  -0.400852E+02
   0.111552E+03   0.111563E+03   0.683516E+01   0.481084E+00  -0.404073E+02
   0.112027E+03   0.112177E+03   0.806076E+01   0.758628E-01  -0.419285E+02
   0.111432E+03   0.112177E+03   0.905200E+01   0.555536E+00  -0.396104E+02
   0.112584E+03   0.111404E+03   0.651944E+01   0.674302E+00  -0.417047E+02
   0.109668E+03   0.111404E+03   0.609488E+01   0.113973E+00  -0.432879E+02
   0.111428E+03   0.111404E+03   0.734766E+01   0.683769E+00  -0.412688E+02
   0.112272E+03   0.111610E+03   0.688963E+01   0.705023E-01  -0.415531E+02
   0.111518E+03   0.112281E+03   0.928226E+01   0.252001E+00  -0.395230E+02
   0.111245E+03   0.111064E+03   0.741027E+01   0.120974E+00  -0.421036E+02
   0.111245E+03   0.110934E+03   0.766209E+01   0.636569E+00  -0.430436E+02
   0.111542E+03   0.111468E+03   0.970159E+01   0.765277E+00  -0.416667E+02
   0.111348E+03   0.111468E+03   0.679880E+01   0.294167E+00  -0.400110E+02
   0.111688E+03   0.111523E+03   0.971448E+01   0.273424E+00  -0.403703E+02
   0.111484E+03   0.112095E+03   0.905884E+01   0.111704E+00  -0.384498E+02
   0.111484E+03   0.112140E+03   0.996536E+01   0.111704E+00  -0.395564E+02
   0.111635E+03   0.112060E+03   0.787841E+01   0.243677E+00  -0.397770E+02
   0.111635E+03   0.111703E+03   0.771312E+01   0.270914E+00  -0.398498E+02
   0.111679E+03   0.111579E+03   0.926494E+01   0.143105E+00  -0.400376E+02
   0.111648E+03   0.111905E+03   0.700333E+01   0.426565E+00  -0.407280E+02
   0.111343E+03   0.112359E+03   0.971691E+01   0.113440E+00  -0.394892E+02
   0.110715E+03   0.112149E+03   0.952651E+01   0.245121E+00  -0.420238E+02
   0.112054E+03   0.112987E+03   0.986807E+01   0.708210E+00  -0.432220E+02
   0.111274E+03   0.110874E+03   0.829048E+01   0.407499E+00  -0.427971E+02
   0.111227E+03   0.111538E+03   0.863915E+01   0.101952E+01  -0.426620E+02
   0.111733E+03   0.111710E+03   0.798415E+01   0.151508E+00  -0.399976E+02
   0.111087E+03   0.111428E+03   0.805308E+01   0.764937E-01  -0.397347E+02
   0.113054E+03   0.111470E+03   0.640547E+01   0.764937E-01  -0.410244E+02
   0.110949E+03   0.111902E+03   0.760790E+01   0.549622E+00  -0.416522E+02
   0.111392E+03   0.112435E+03   0.958369E+01   0.139527E+00  -0.396635E+02
   0.111367E+03   0.112271E+03   0.985190E+01   0.523389E-01  -0.393280E+02
   0.111367E+03   0.112295E+03   0.861619E+01   0.307793E+00  -0.396135E+02
   0.111367E+03   0.111340E+03   0.766110E+01   0.334586E+00  -0.404875E+02
   0.112326E+03   0.111340E+03   0.646433E+01   0.702323E+00  -0.415182E+02
   0.110182E+03   0.111726E+03   0.706486E+01   0.267811E+00  -0.428923E+02
   0.110889E+03   0.111889E+03   0.983614E+01   0.148036E+01  -0.456858E+02
   0.111059E+03   0.111891E+03   0.991255E+01   0.428205E+00  -0.413408E+02
   0.111627E+03   0.113367E+03   0.997422E+01   0.533980E+00  -0.404860E+02
   0.111211E+03   0.111839E+03   0.649834E+01   0.454239E+00  -0.413739E+02
   0.110477E+03   0.112548E+03   0.907068E+01   0.144295E+01  -0.462285E+02
   0.111279E+03   0.112184E+03   0.984502E+01   0.299637E+00  -0.397541E+02
   0.110924E+03   0.111980E+03   0.766494E+01   0.394031E+00  -0.400116E+02
   0.110638E+03   0.112257E+03   0.802661E+01   0.136563E+00  -0.406181E+02
   0.111957E+03   0.111477E+03   0.753455E+01   0.519853E-01  -0.404619E+02
   0.111108E+03   0.112539E+03   0.986990E+01   0.596305E+00  -0.409562E+02
   0.111072E+03   0.111861E+03   0.815099E+01   0.674798E+00  -0.406783E+02
   0.111676E+03   0.111861E+03   0.841866E+01   0.253903E+00  -0.397823E+02
   0.111813E+03   0.111862E+03   0.671609E+01   0.140575E+00  -0.403537E+02
   0.111521E+03   0.111631E+03   0.633541E+01   0.336906E+00  -0.401515E+02
   0.110823E+03   0.111631E+03   0.655140E+01   0.876069E-01  -0.407164E+02
   0.110746E+03   0.111631E+03   0.709347E+01   0.876069E-01  -0.404455E+02
   0.110610E+03   0.111537E+03   0.784415E+01   0.477201E+00  -0.411362E+02
   0.110823E+03   0.111537E+03   0.653217E+01   0.126382E+00  -0.407201E+02
   0.111182E+03   0.111503E+03   0.711077E+01   0.554094E+00  -0.406647E+02
   0.111292E+03   0.112030E+03   0.944084E+01   0.537821E+00  -0.399405E+02
   0.111108E+03   0.112082E+03   0.903632E+01   0.829142E+00  -0.407704E+02
   0.112009E+03   0.110359E+03   0.696971E+01   0.118058E+01  -0.480241E+02
   0.113081E+03   0.111694E+03   0.606222E+01   0.412028E+00  -0.412114E+02
   0.111592E+03   0.111694E+03   0.612477E+01   0.189766E+00  -0.399398E+02
   0.110957E+03   0.111328E+03   0.661517E+01   0.746063E+00  -0.419910E+02
   0.111433E+03   0.113114E+03   0.923745E+01   0.575605E+00  -0.424416E+02
   0.111444E+03   0.111571E+03   0.618965E+01   0.107624E+00  -0.398461E+02
   0.110681E+03   0.111945E+03   0.921453E+01   0.795103E+00  -0.425699E+02
   0.112583E+03   0.111066E+03   0.615751E+01   0.559002E+00  -0.418951E+02
   0.111262E+03   0.111708E+03   0.686199E+01   0.182601E+00  -0.396627E+02
   0.111620E+03   0.111570E+03   0.884767E+01   0.452946E+00  -0.405115E+02
   0.110759E+03   0.112543E+03   0.836628E+01   0.338021E+00  -0.423323E+02
   0.110674E+03   0.111824E+03   0.750998E+01   0.382610E+00  -0.418567E+02
   0.111588E+03   0.111032E+03   0.628776E+01   0.208982E+00  -0.417529E+02
   0.111344E+03   0.111659E+03   0.849288E+01   0.297199E+00  -0.394570E+02
   0.111237E+03   0.112149E+03   0.949252E+01   0.199943E+00  -0.393517E+02
   0.111287E+03   0.111785E+03   0.873189E+01   0.452247E+00  -0.396411E+02
   0.111498E+03   0.111923E+03   0.840435E+01   0.546641E-01  -0.390391E+02
   0.111527E+03   0.112123E+03   0.891349E+01   0.373517E+00  -0.391378E+02
   0.111310E+03   0.112381E+03   0.883117E+01   0.401414E+00  -0.390811E+02
   0.111310E+03   0.112171E+03   0.833619E+01   0.747409E-01  -0.391868E+02
   0.113556E+03   0.111141E+03   0.656897E+01   0.877594E+00  -0.463654E+02
   0.112340E+03   0.111517E+03   0.609688E+01   0.742746E+00  -0.414785E+02
   0.111815E+03   0.111855E+03   0.745512E+01   0.890614E-02  -0.402745E+02
   0.111594E+03   0.112113E+03   0.881601E+01   0.171585E-02  -0.387821E+02
   0.111574E+03   0.111341E+03   0.907775E+01   0.451945E-01  -0.404272E+02
   0.111817E+03   0.111883E+03   0.819613E+01   0.214705E+00  -0.403173E+02
   0.111571E+03   0.112011E+03   0.845897E+01   0.497636E+00  -0.402530E+02
   0.111071E+03   0.113347E+03   0.887446E+01   0.449625E+00  -0.439226E+02
   0.111565E+03   0.111737E+03   0.794830E+01   0.428763E+00  -0.399514E+02
   0.111490E+03   0.112653E+03   0.922359E+01   0.583486E-01  -0.404316E+02
   0.111531E+03   0.112126E+03   0.902497E+01   0.364827E+00  -0.391225E+02
   0.111084E+03   0.112126E+03   0.862871E+01   0.281744E+00  -0.393854E+02
   0.111237E+03   0.113337E+03   0.912017E+01   0.720038E+00  -0.435070E+02
   0.111531E+03   0.111970E+03   0.889968E+01   0.362778E+00  -0.391444E+02
   0.111765E+03   0.111748E+03   0.674317E+01   0.362778E+00  -0.403972E+02
   0.112009E+03   0.111003E+03   0.684330E+01   0.532013E+00  -0.432864E+02
   0.111793E+03   0.111003E+03   0.676990E+01   0.390491E-01  -0.431073E+02
   0.110903E+03   0.111576E+03   0.860335E+01   0.390491E-01  -0.400771E+02
   0.111046E+03   0.113031E+03   0.914023E+01   0.778570E+00  -0.427347E+02
   0.111490E+03   0.111867E+03   0.813014E+01   0.216101E+00  -0.391618E+02
   0.111151E+03   0.111570E+03   0.759342E+01   0.346836E+00  -0.402625E+02
   0.110885E+03   0.112195E+03   0.969037E+01   0.189406E+00  -0.408746E+02
   0.111093E+03   0.111781E+03   0.879518E+01   0.331630E+00  -0.388455E+02
   0.111654E+03   0.111861E+03   0.905766E+01   0.100397E+01  -0.426316E+02
   0.111654E+03   0.111786E+03   0.850708E+01   0.160113E+00  -0.396043E+02
   0.111325E+03   0.112303E+03   0.779625E+01   0.736632E-03  -0.403911E+02
   0.111438E+03   0.112313E+03   0.889192E+01   0.623215E+00  -0.400397E+02
   0.111563E+03   0.112313E+03   0.915730E+01   0.228099E+00  -0.396306E+02
   0.111401E+03   0.112020E+03   0.669248E+01   0.205725E+00  -0.405490E+02
   0.111238E+03   0.111721E+03   0.891100E+01   0.147213E-01  -0.384856E+02
   0.111238E+03   0.112665E+03   0.876561E+01   0.333482E+00  -0.397447E+02
   0.111238E+03   0.111938E+03   0.824496E+01   0.277642E+00  -0.389869E+02
   0.111525E+03   0.111832E+03   0.764509E+01   0.277642E+00  -0.401621E+02
   0.111212E+03   0.111790E+03   0.904200E+01   0.134872E+00  -0.383819E+02
   0.111277E+03   0.111828E+03   0.785731E+01   0.236577E+00  -0.391417E+02
   0.111479E+03   0.111556E+03   0.781159E+01   0.530931E+00  -0.404523E+02
   0.111079E+03   0.111582E+03   0.798699E+01   0.364758E+00  -0.396051E+02
   0.110051E+03   0.111582E+03   0.640702E+01   0.456901E+00  -0.436718E+02
   0.110170E+03   0.111746E+03   0.596966E+01   0.882949E+00  -0.433661E+02
   0.111364E+03   0.111542E+03   0.856156E+01   0.143580E+00  -0.395142E+02
   0.111893E+03   0.111630E+03   0.670946E+01   0.613840E+00  -0.413517E+02
   0.112658E+03   0.111630E+03   0.604909E+01   0.541651E+00  -0.409672E+02
   0.110830E+03   0.111526E+03   0.982973E+01   0.366729E+00  -0.430852E+02
   0.113042E+03   0.111248E+03   0.632270E+01   0.502149E-01  -0.416629E+02
   0.110950E+03   0.111624E+03   0.699583E+01   0.618148E+00  -0.410683E+02
   0.112352E+03   0.111624E+03   0.640703E+01   0.615585E+00  -0.409916E+02
   0.110994E+03   0.112323E+03   0.885366E+01   0.615585E+00  -0.398953E+02
   0.110919E+03   0.112219E+03   0.877721E+01   0.200708E+00  -0.387090E+02
   0.111579E+03   0.111503E+03   0.709768E+01   0.200708E+00  -0.399257E+02
   0.110747E+03   0.111644E+03   0.872762E+01   0.200708E+00  -0.407212E+02
   0.111363E+03   0.112341E+03   0.877909E+01   0.594048E+00  -0.398116E+02
   0.111126E+03   0.111560E+03   0.822141E+01   0.333891E+00  -0.395689E+02
   0.112114E+03   0.111325E+03   0.745024E+01   0.224189E+00  -0.417388E+02
   0.111747E+03   0.111873E+03   0.724123E+01   0.818605E-01  -0.402097E+02
   0.111570E+03   0.112104E+03   0.940375E+01   0.408687E+00  -0.397733E+02
   0.112076E+03   0.111345E+03   0.911311E+01   0.361083E+00  -0.432799E+02
   0.112077E+03   0.111275E+03   0.645764E+01   0.361083E+00  -0.405105E+02
   0.112792E+03   0.111317E+03   0.649718E+01   0.877142E-01  -0.414875E+02
   0.111806E+03   0.111650E+03   0.703116E+01   0.877142E-01  -0.400229E+02
   0.111494E+03   0.112108E+03   0.720129E+01   0.434932E+00  -0.414535E+02
   0.110650E+03   0.111149E+03   0.670151E+01   0.492567E+00  -0.424960E+02
   0.112406E+03   0.111679E+03   0.641241E+01   0.492567E+00  -0.407072E+02
   0.111019E+03   0.111679E+03   0.732163E+01   0.180602E+00  -0.398918E+02
   0.111593E+03   0.112203E+03   0.841657E+01   0.333989E+00  -0.400715E+02
   0.111471E+03   0.111816E+03   0.857235E+01   0.469078E-01  -0.389293E+02
   0.111565E+03   0.111203E+03   0.889622E+01   0.469078E-01  -0.417612E+02
   0.111209E+03   0.111857E+03   0.665512E+01   0.367160E+00  -0.406553E+02
   0.110668E+03   0.111455E+03   0.613324E+01   0.566653E+00  -0.412040E+02
   0.111497E+03   0.111293E+03   0.684487E+01   0.669300E-01  -0.405564E+02
   0.110978E+03   0.112372E+03   0.884027E+01   0.531454E+00  -0.396491E+02
   0.110771E+03   0.111780E+03   0.803531E+01   0.218383E+00  -0.394940E+02
   0.111331E+03   0.111469E+03   0.771095E+01   0.172446E+00  -0.397043E+02
   0.110766E+03   0.111658E+03   0.861593E+01   0.172446E+00  -0.405611E+02
   0.111174E+03   0.111356E+03   0.864951E+01   0.575591E-01  -0.402612E+02
   0.110838E+03   0.111093E+03   0.734788E+01   0.576893E+00  -0.424366E+02
   0.113224E+03   0.111206E+03   0.629212E+01   0.615138E+00  -0.425107E+02
   0.111872E+03   0.111206E+03   0.778568E+01   0.280604E+00  -0.425292E+02
   0.110767E+03   0.111819E+03   0.817764E+01   0.367096E+00  -0.399271E+02
   0.111713E+03   0.111658E+03   0.723865E+01   0.127905E+00  -0.398695E+02
   0.111042E+03   0.111117E+03   0.731847E+01   0.112288E+00  -0.418889E+02
   0.111265E+03   0.111725E+03   0.622467E+01   0.587777E-01  -0.403439E+02
   0.111316E+03   0.111763E+03   0.849955E+01   0.253866E+00  -0.392090E+02
   0.111483E+03   0.112014E+03   0.816888E+01   0.485525E-01  -0.390143E+02
   0.111398E+03   0.111970E+03   0.923020E+01   0.873517E+00  -0.415113E+02
   0.111767E+03   0.111894E+03   0.933182E+01   0.140458E-01  -0.398794E+02
   0.111165E+03   0.111959E+03   0.818789E+01   0.110020E+00  -0.386578E+02
   0.111399E+03   0.112261E+03   0.881628E+01   0.283266E+00  -0.386859E+02
   0.111274E+03   0.112395E+03   0.953257E+01   0.175954E+00  -0.396748E+02
   0.110991E+03   0.112663E+03   0.862050E+01   0.375858E+00  -0.415598E+02
   0.110929E+03   0.111908E+03   0.774640E+01   0.345156E+00  -0.397220E+02
   0.110929E+03   0.111594E+03   0.598886E+01   0.345156E+00  -0.405487E+02
   0.111921E+03   0.111596E+03   0.727588E+01   0.450060E-01  -0.403175E+02
   0.111309E+03   0.111476E+03   0.894966E+01   0.291781E+00  -0.397167E+02
   0.111144E+03   0.112174E+03   0.902801E+01   0.291781E+00  -0.384426E+02
   0.112171E+03   0.112752E+03   0.952380E+01   0.790849E+00  -0.447424E+02
   0.111397E+03   0.112010E+03   0.906202E+01   0.345848E+00  -0.387325E+02
   0.111272E+03   0.110772E+03   0.663449E+01   0.402235E+00  -0.443363E+02
   0.111536E+03   0.111745E+03   0.952215E+01   0.921325E+00  -0.420756E+02
   0.111526E+03   0.109223E+03   0.996059E+01   0.297674E+00  -0.422826E+02
   0.111714E+03   0.112976E+03   0.969375E+01   0.297674E+00  -0.424478E+02
   0.110807E+03   0.112023E+03   0.895822E+01   0.503676E+00  -0.397566E+02
   0.111096E+03   0.111886E+03   0.622473E+01   0.503676E+00  -0.419754E+02
   0.111063E+03   0.111354E+03   0.759907E+01   0.524375E-01  -0.406166E+02
   0.111006E+03   0.111851E+03   0.716273E+01   0.421370E+00  -0.406153E+02
   0.111588E+03   0.111350E+03   0.818009E+01   0.288634E+00  -0.408544E+02
   0.110928E+03   0.111781E+03   0.761039E+01   0.224431E+00  -0.406885E+02
   0.111287E+03   0.111725E+03   0.801000E+01   0.415381E+00  -0.395086E+02
   0.111956E+03   0.112882E+03   0.976206E+01   0.598689E+00  -0.429919E+02
   0.110817E+03   0.111909E+03   0.906611E+01   0.602401E+00  -0.414340E+02
   0.110921E+03   0.111831E+03   0.808287E+01   0.179054E+00  -0.390003E+02
   0.111820E+03   0.111095E+03   0.875062E+01   0.363432E+00  -0.430240E+02
   0.111737E+03   0.112069E+03   0.794695E+01   0.331570E+00  -0.403855E+02
   0.111451E+03   0.111759E+03   0.853086E+01   0.331570E+00  -0.394887E+02
   0.111451E+03   0.111953E+03   0.916713E+01   0.390162E+00  -0.395191E+02
   0.111450E+03   0.112586E+03   0.909190E+01   0.390162E+00  -0.403226E+02
   0.110840E+03   0.112392E+03   0.890015E+01   0.274906E+00  -0.393982E+02
   0.111505E+03   0.111974E+03   0.714287E+01   0.564082E+00  -0.412600E+02
   0.112697E+03   0.111846E+03   0.633734E+01   0.491584E+00  -0.416111E+02
   0.111164E+03   0.111443E+03   0.876094E+01   0.389291E+00  -0.402317E+02
   0.111418E+03   0.111589E+03   0.786415E+01   0.220216E+00  -0.394911E+02
   0.111154E+03   0.111499E+03   0.807151E+01   0.329131E+00  -0.397172E+02
   0.110964E+03   0.111770E+03   0.853419E+01   0.688431E+00  -0.412091E+02
   0.111124E+03   0.112192E+03   0.806743E+01   0.330848E-01  -0.391454E+02
   0.111973E+03   0.111593E+03   0.661778E+01   0.131606E+00  -0.399077E+02
   0.111329E+03   0.111593E+03   0.660579E+01   0.751916E-01  -0.398406E+02
   0.109966E+03   0.111593E+03   0.633395E+01   0.674573E-01  -0.440316E+02
   0.111696E+03   0.111778E+03   0.688031E+01   0.502887E+00  -0.407374E+02
   0.111959E+03   0.111778E+03   0.613436E+01   0.107549E-01  -0.401170E+02
   0.111331E+03   0.111722E+03   0.714656E+01   0.107549E-01  -0.395417E+02
   0.111562E+03   0.112538E+03   0.884096E+01   0.318429E+00  -0.398613E+02
   0.111642E+03   0.111741E+03   0.907151E+01   0.477379E+00  -0.403244E+02
   0.111374E+03   0.111913E+03   0.991655E+01   0.654979E+00  -0.408281E+02
   0.112001E+03   0.111915E+03   0.739153E+01   0.983653E+00  -0.435925E+02
   0.111383E+03   0.111659E+03   0.809387E+01   0.202861E+00  -0.391562E+02
   0.111068E+03   0.111637E+03   0.596208E+01   0.690399E+00  -0.415196E+02
   0.112116E+03   0.111779E+03   0.596208E+01   0.438812E+00  -0.407031E+02
   0.111371E+03   0.111647E+03   0.778904E+01   0.568477E+00  -0.403632E+02
   0.111427E+03   0.112179E+03   0.904974E+01   0.661031E-01  -0.383205E+02
   0.111815E+03   0.112413E+03   0.992643E+01   0.728117E-01  -0.400554E+02
   0.112701E+03   0.111566E+03   0.637956E+01   0.158788E+00  -0.402683E+02
   0.111247E+03   0.111164E+03   0.721663E+01   0.199482E+00  -0.413200E+02
   0.111223E+03   0.111104E+03   0.926800E+01   0.113397E-01  -0.415495E+02
   0.111058E+03   0.111592E+03   0.751451E+01   0.387779E+00  -0.405048E+02
   0.111269E+03   0.112424E+03   0.966478E+01   0.163648E+00  -0.397504E+02
   0.111329E+03   0.111489E+03   0.736129E+01   0.592421E+00  -0.407734E+02
   0.111587E+03   0.111876E+03   0.866675E+01   0.239107E+00  -0.393899E+02
   0.111388E+03   0.111527E+03   0.886749E+01   0.775779E+00  -0.413060E+02
   0.111638E+03   0.112247E+03   0.793595E+01   0.857459E+00  -0.426114E+02
   0.111485E+03   0.111823E+03   0.932038E+01   0.857459E+00  -0.415889E+02
   0.111743E+03   0.112480E+03   0.996004E+01   0.430487E-02  -0.397155E+02
   0.111458E+03   0.111509E+03   0.760277E+01   0.380733E+00  -0.401525E+02
   0.112602E+03   0.111625E+03   0.610510E+01   0.585033E+00  -0.410649E+02
   0.111795E+03   0.111370E+03   0.731530E+01   0.499979E+00  -0.411112E+02
   0.111487E+03   0.112267E+03   0.952389E+01   0.457429E+00  -0.398936E+02
   0.111577E+03   0.111918E+03   0.932654E+01   0.239911E+00  -0.394018E+02
   0.111740E+03   0.112689E+03   0.965590E+01   0.390638E+00  -0.413682E+02
   0.111639E+03   0.112289E+03   0.900253E+01   0.390638E+00  -0.397369E+02
   0.111778E+03   0.112301E+03   0.868572E+01   0.601047E-01  -0.404744E+02
   0.111893E+03   0.111696E+03   0.888544E+01   0.601047E-01  -0.410230E+02
   0.111315E+03   0.112216E+03   0.792870E+01   0.292082E+00  -0.395591E+02
   0.111546E+03   0.111923E+03   0.821141E+01   0.428114E-02  -0.390860E+02
   0.111431E+03   0.112088E+03   0.787458E+01   0.103421E+00  -0.390225E+02
   0.111431E+03   0.112515E+03   0.907768E+01   0.522849E+00  -0.404202E+02
   0.110886E+03   0.112315E+03   0.867081E+01   0.108322E+00  -0.401882E+02
   0.111881E+03   0.111427E+03   0.615294E+01   0.914818E-01  -0.396567E+02
   0.112732E+03   0.111692E+03   0.656798E+01   0.408386E+00  -0.419866E+02
   0.111734E+03   0.111351E+03   0.735577E+01   0.152716E+00  -0.405899E+02
   0.110865E+03   0.111393E+03   0.922765E+01   0.218824E+00  -0.418592E+02
   0.111700E+03   0.111370E+03   0.980957E+01   0.865110E+00  -0.426108E+02
   0.111326E+03   0.111901E+03   0.950609E+01   0.325927E+00  -0.393665E+02
   0.111334E+03   0.111872E+03   0.835712E+01   0.636137E+00  -0.405227E+02
   0.110606E+03   0.112610E+03   0.789011E+01   0.138501E+00  -0.425446E+02
   0.110426E+03   0.111969E+03   0.789011E+01   0.321341E+00  -0.407896E+02
   0.111593E+03   0.111969E+03   0.597888E+01   0.543737E+00  -0.419098E+02
   0.111732E+03   0.111753E+03   0.866308E+01   0.751816E-01  -0.398663E+02
   0.111353E+03   0.111930E+03   0.781497E+01   0.483356E+00  -0.400834E+02
   0.111709E+03   0.112037E+03   0.881368E+01   0.230696E+00  -0.395174E+02
   0.111071E+03   0.112348E+03   0.900163E+01   0.217611E+00  -0.386248E+02
   0.111464E+03   0.112131E+03   0.880516E+01   0.257016E+00  -0.386472E+02
   0.111141E+03   0.112516E+03   0.880516E+01   0.450241E+00  -0.394997E+02
   0.111162E+03   0.111525E+03   0.853416E+01   0.101078E+00  -0.396418E+02
   0.111220E+03   0.111525E+03   0.778137E+01   0.453006E+00  -0.400521E+02
   0.110650E+03   0.111485E+03   0.957698E+01   0.660049E+00  -0.429604E+02
   0.111590E+03   0.112011E+03   0.978495E+01   0.632092E-01  -0.393388E+02
   0.111496E+03   0.111811E+03   0.960560E+01   0.972971E-01  -0.391751E+02
   0.111445E+03   0.111981E+03   0.959604E+01   0.972971E-01  -0.390444E+02
   0.111207E+03   0.111854E+03   0.746247E+01   0.972971E-01  -0.398586E+02
   0.111229E+03   0.111873E+03   0.855802E+01   0.884339E+00  -0.418501E+02
   0.111249E+03   0.111762E+03   0.921635E+01   0.884339E+00  -0.416458E+02
   0.111176E+03   0.112266E+03   0.884430E+01   0.536797E+00  -0.393464E+02
   0.111713E+03   0.111292E+03   0.817835E+01   0.169592E+00  -0.415841E+02
   0.111233E+03   0.111916E+03   0.817835E+01   0.175927E+00  -0.387360E+02
   0.111150E+03   0.111702E+03   0.788833E+01   0.401772E+00  -0.393351E+02
   0.111717E+03   0.111986E+03   0.840536E+01   0.206380E+00  -0.398769E+02
   0.112176E+03   0.111309E+03   0.674832E+01   0.206380E+00  -0.420330E+02
   0.111427E+03   0.112051E+03   0.879236E+01   0.143807E+00  -0.383353E+02
   0.110838E+03   0.111459E+03   0.705042E+01   0.428685E+00  -0.408408E+02
   0.111316E+03   0.112593E+03   0.928950E+01   0.428685E+00  -0.403731E+02
   0.111238E+03   0.111973E+03   0.699608E+01   0.178453E+00  -0.403273E+02
   0.111594E+03   0.112171E+03   0.774659E+01   0.116779E+00  -0.402455E+02
   0.111708E+03   0.111866E+03   0.946305E+01   0.131195E+00  -0.396958E+02
   0.110927E+03   0.111662E+03   0.823841E+01   0.543238E-01  -0.391187E+02
   0.111116E+03   0.112158E+03   0.813070E+01   0.871997E-01  -0.390658E+02
   0.111017E+03   0.111535E+03   0.743540E+01   0.556556E+00  -0.407915E+02
   0.111696E+03   0.112200E+03   0.978706E+01   0.462011E+00  -0.403715E+02
   0.111386E+03   0.112334E+03   0.962606E+01   0.798167E+00  -0.412145E+02
   0.110923E+03   0.112683E+03   0.974657E+01   0.550454E+00  -0.419800E+02
   0.110728E+03   0.111426E+03   0.893574E+01   0.250685E+00  -0.409872E+02
   0.111849E+03   0.112085E+03   0.832222E+01   0.292322E+00  -0.407379E+02
   0.110781E+03   0.112266E+03   0.870645E+01   0.805212E+00  -0.423793E+02
   0.111253E+03   0.113017E+03   0.893207E+01   0.602347E+00  -0.417798E+02
   0.111157E+03   0.113361E+03   0.982779E+01   0.214203E+00  -0.412831E+02
   0.111704E+03   0.111748E+03   0.651175E+01   0.214203E+00  -0.400919E+02
   0.111116E+03   0.111588E+03   0.887744E+01   0.214203E+00  -0.391338E+02
   0.110957E+03   0.112192E+03   0.953887E+01   0.403776E+00  -0.405065E+02
   0.111503E+03   0.113537E+03   0.980323E+01   0.762136E+00  -0.437418E+02
   0.111391E+03   0.111967E+03   0.846129E+01   0.762136E+00  -0.412208E+02
   0.110657E+03   0.111563E+03   0.954677E+01   0.564812E+00  -0.426845E+02
   0.111072E+03   0.112205E+03   0.889378E+01   0.190862E+00  -0.383430E+02
   0.111562E+03   0.111952E+03   0.903721E+01   0.108911E-01  -0.386944E+02
   0.112524E+03   0.111349E+03   0.622888E+01   0.976773E+00  -0.426659E+02
   0.111661E+03   0.111933E+03   0.834551E+01   0.731880E+00  -0.414473E+02
   0.110533E+03   0.111838E+03   0.698431E+01   0.204247E+00  -0.414454E+02
   0.110998E+03   0.112027E+03   0.880269E+01   0.346357E+00  -0.387422E+02
   0.111770E+03   0.111814E+03   0.923947E+01   0.871492E+00  -0.423701E+02
   0.111447E+03   0.111850E+03   0.959434E+01   0.465143E+00  -0.397898E+02
   0.111686E+03   0.112017E+03   0.721838E+01   0.580001E+00  -0.416485E+02
   0.112750E+03   0.111781E+03   0.647054E+01   0.777954E+00  -0.428600E+02
   0.111375E+03   0.112336E+03   0.903468E+01   0.463664E+00  -0.392955E+02
   0.110793E+03   0.112052E+03   0.845256E+01   0.463664E+00  -0.410129E+02
   0.110627E+03   0.111873E+03   0.865840E+01   0.341034E+00  -0.412830E+02
   0.112085E+03   0.114574E+03   0.985443E+01   0.900833E+00  -0.469967E+02
   0.111452E+03   0.111840E+03   0.772007E+01   0.156385E+00  -0.391940E+02
   0.111290E+03   0.111596E+03   0.624537E+01   0.303058E+00  -0.402948E+02
   0.111290E+03   0.112434E+03   0.881369E+01   0.448005E+00  -0.393185E+02
   0.111185E+03   0.111874E+03   0.895546E+01   0.158391E+00  -0.382583E+02
   0.110689E+03   0.112137E+03   0.862896E+01   0.359569E-01  -0.407745E+02
   0.111590E+03   0.110904E+03   0.676858E+01   0.918018E+00  -0.438802E+02
   0.110928E+03   0.111170E+03   0.985460E+01   0.169904E+01  -0.472428E+02
   0.111207E+03   0.111681E+03   0.803878E+01   0.703484E+00  -0.407955E+02
   0.111807E+03   0.111373E+03   0.598905E+01   0.814452E-01  -0.399712E+02
   0.112023E+03   0.111401E+03   0.598905E+01   0.281666E+00  -0.400659E+02
   0.111254E+03   0.112345E+03   0.839538E+01   0.741909E+00  -0.416692E+02
   0.110997E+03   0.111718E+03   0.892527E+01   0.776019E+00  -0.408650E+02
   0.111521E+03   0.111824E+03   0.906613E+01   0.402179E+00  -0.397172E+02
   0.111318E+03   0.112192E+03   0.968106E+01   0.402179E+00  -0.395980E+02
   0.111538E+03   0.111906E+03   0.663497E+01   0.591752E-01  -0.403296E+02
   0.112339E+03   0.111649E+03   0.655316E+01   0.591752E-01  -0.404795E+02
   0.110372E+03   0.112007E+03   0.774578E+01   0.156274E+00  -0.415093E+02
   0.110671E+03   0.111592E+03   0.807404E+01   0.174225E+00  -0.401380E+02
