res1           res2           tau1           Y1_gamma1      LogPost        
   0.813764E+02   0.813136E+02   0.872020E+01   0.596180E+00  -0.111968E+02
   0.815804E+02   0.807226E+02   0.852151E+01   0.463787E+00  -0.117789E+02
   0.806418E+02   0.811673E+02   0.826624E+01   0.806345E+00  -0.122168E+02
   0.813210E+02   0.839150E+02   0.868253E+01   0.171517E+01  -0.153474E+02
   0.813842E+02   0.810567E+02   0.894628E+01   0.575569E-01  -0.104549E+02
   0.818190E+02   0.816028E+02   0.820521E+01   0.921513E-01  -0.105399E+02
   0.814703E+02   0.812191E+02   0.896439E+01   0.889646E+00  -0.118027E+02
   0.819865E+02   0.821218E+02   0.848090E+01   0.268322E+00  -0.112984E+02
   0.813266E+02   0.824628E+02   0.849264E+01   0.402410E+00  -0.115379E+02
   0.821524E+02   0.811337E+02   0.825976E+01   0.762551E+00  -0.118260E+02
   0.814688E+02   0.812341E+02   0.872711E+01   0.146935E+00  -0.105712E+02
   0.825207E+02   0.816834E+02   0.901121E+01   0.139042E+01  -0.140172E+02
   0.823453E+02   0.816208E+02   0.890073E+01   0.166991E+01  -0.143987E+02
   0.818528E+02   0.814268E+02   0.869342E+01   0.363462E-01  -0.106318E+02
   0.817774E+02   0.807663E+02   0.865936E+01   0.432927E+00  -0.115140E+02
   0.813677E+02   0.815914E+02   0.873228E+01   0.432927E+00  -0.108353E+02
   0.811682E+02   0.796730E+02   0.886800E+01   0.664021E+00  -0.125109E+02
   0.808827E+02   0.806944E+02   0.860088E+01   0.766011E+00  -0.125378E+02
   0.815387E+02   0.815752E+02   0.836880E+01   0.498806E+00  -0.109308E+02
   0.819607E+02   0.820795E+02   0.857472E+01   0.816189E+00  -0.120695E+02
   0.830776E+02   0.814995E+02   0.857472E+01   0.100899E+01  -0.146300E+02
   0.815858E+02   0.817237E+02   0.836461E+01   0.202600E+00  -0.105737E+02
   0.815858E+02   0.813968E+02   0.895530E+01   0.358827E-01  -0.103337E+02
   0.815858E+02   0.804842E+02   0.880178E+01   0.259634E+00  -0.117417E+02
   0.805805E+02   0.801524E+02   0.874052E+01   0.806060E+00  -0.138807E+02
   0.799817E+02   0.815771E+02   0.849032E+01   0.144645E+01  -0.142863E+02
   0.787042E+02   0.827264E+02   0.819918E+01   0.532978E+00  -0.140592E+02
   0.790401E+02   0.817850E+02   0.819918E+01   0.137795E+00  -0.107156E+02
   0.795037E+02   0.811011E+02   0.819908E+01   0.187792E+00  -0.111197E+02
   0.798740E+02   0.818903E+02   0.819908E+01   0.261334E-01  -0.105228E+02
   0.811362E+02   0.828434E+02   0.844740E+01   0.262878E+00  -0.125643E+02
   0.819144E+02   0.813640E+02   0.869566E+01   0.217730E+00  -0.108352E+02
   0.813588E+02   0.806378E+02   0.887745E+01   0.217730E+00  -0.107578E+02
   0.821806E+02   0.814938E+02   0.893606E+01   0.116534E+00  -0.110163E+02
   0.818748E+02   0.815778E+02   0.826999E+01   0.509946E+00  -0.109836E+02
   0.840240E+02   0.811848E+02   0.824389E+01   0.258571E+00  -0.151632E+02
   0.808964E+02   0.811848E+02   0.865851E+01   0.115449E+00  -0.113059E+02
   0.823668E+02   0.824986E+02   0.886264E+01   0.217682E+00  -0.127379E+02
   0.809114E+02   0.813394E+02   0.838028E+01   0.579109E+00  -0.114144E+02
   0.817756E+02   0.814524E+02   0.840388E+01   0.537005E+00  -0.111005E+02
   0.799476E+02   0.811168E+02   0.842647E+01   0.873855E+00  -0.134148E+02
   0.814891E+02   0.812387E+02   0.899805E+01   0.689217E+00  -0.112933E+02
   0.814891E+02   0.808717E+02   0.855713E+01   0.627784E+00  -0.117617E+02
   0.813834E+02   0.800083E+02   0.905749E+01   0.501665E+00  -0.116593E+02
   0.812233E+02   0.806220E+02   0.883568E+01   0.129881E+00  -0.109283E+02
   0.805959E+02   0.810302E+02   0.869697E+01   0.180072E+00  -0.123138E+02
   0.823904E+02   0.822849E+02   0.829037E+01   0.137572E+01  -0.139178E+02
   0.818844E+02   0.815058E+02   0.859816E+01   0.631914E+00  -0.114815E+02
   0.813870E+02   0.818881E+02   0.840404E+01   0.294335E+00  -0.108269E+02
   0.805601E+02   0.809934E+02   0.826889E+01   0.924937E-01  -0.120218E+02
   0.815649E+02   0.826717E+02   0.824470E+01   0.937365E+00  -0.135878E+02
   0.808102E+02   0.822572E+02   0.853658E+01   0.122057E+01  -0.130131E+02
   0.829130E+02   0.818669E+02   0.836179E+01   0.694172E+00  -0.131749E+02
   0.816811E+02   0.825864E+02   0.882395E+01   0.199278E+01  -0.150059E+02
   0.815359E+02   0.836794E+02   0.895232E+01   0.748133E+00  -0.139751E+02
   0.810457E+02   0.819356E+02   0.835533E+01   0.180114E+00  -0.110431E+02
   0.817830E+02   0.818466E+02   0.868781E+01   0.160851E+00  -0.106941E+02
   0.823404E+02   0.820454E+02   0.849404E+01   0.410260E+00  -0.120851E+02
   0.814421E+02   0.834917E+02   0.893937E+01   0.142339E+01  -0.142720E+02
   0.818881E+02   0.816319E+02   0.819922E+01   0.658292E+00  -0.113903E+02
   0.823801E+02   0.824419E+02   0.820566E+01   0.153944E+01  -0.144283E+02
   0.810364E+02   0.830560E+02   0.898791E+01   0.162373E+01  -0.145552E+02
   0.819439E+02   0.803522E+02   0.893758E+01   0.117004E+01  -0.128432E+02
   0.798646E+02   0.823129E+02   0.853035E+01   0.108084E+01  -0.142272E+02
   0.822728E+02   0.827629E+02   0.864534E+01   0.708177E+00  -0.131458E+02
   0.800411E+02   0.806395E+02   0.819995E+01   0.124123E+01  -0.137214E+02
   0.803270E+02   0.816304E+02   0.819995E+01   0.838561E+00  -0.115459E+02
   0.802733E+02   0.801200E+02   0.850968E+01   0.271023E+01  -0.172409E+02
   0.801764E+02   0.812038E+02   0.837206E+01   0.106643E+01  -0.132072E+02
   0.807304E+02   0.820083E+02   0.861941E+01   0.265647E+00  -0.118542E+02
   0.807304E+02   0.810186E+02   0.850212E+01   0.630481E-01  -0.117673E+02
   0.819385E+02   0.819259E+02   0.905240E+01   0.302883E+00  -0.110600E+02
   0.821891E+02   0.822977E+02   0.885048E+01   0.370930E+00  -0.119981E+02
   0.815945E+02   0.794845E+02   0.900960E+01   0.692465E+00  -0.124760E+02
   0.809211E+02   0.793875E+02   0.903071E+01   0.551319E+00  -0.134112E+02
   0.815200E+02   0.791478E+02   0.891347E+01   0.557647E+00  -0.130092E+02
   0.813110E+02   0.805369E+02   0.889570E+01   0.557764E+00  -0.113286E+02
   0.809481E+02   0.811049E+02   0.839559E+01   0.523659E-01  -0.111468E+02
   0.817706E+02   0.804489E+02   0.868461E+01   0.523659E-01  -0.118552E+02
   0.812158E+02   0.815618E+02   0.819914E+01   0.411047E+00  -0.106740E+02
   0.816586E+02   0.815434E+02   0.845571E+01   0.292769E-01  -0.104651E+02
   0.820323E+02   0.815766E+02   0.846613E+01   0.966347E+00  -0.123966E+02
   0.807968E+02   0.816042E+02   0.847829E+01   0.942753E+00  -0.122113E+02
   0.816689E+02   0.806068E+02   0.880910E+01   0.959124E+00  -0.126081E+02
   0.818559E+02   0.817880E+02   0.826593E+01   0.593103E+00  -0.112939E+02
   0.813476E+02   0.815404E+02   0.839211E+01   0.107690E+00  -0.104821E+02
   0.811956E+02   0.810674E+02   0.905235E+01   0.629691E+00  -0.114274E+02
   0.814035E+02   0.809321E+02   0.854860E+01   0.629691E+00  -0.116703E+02
   0.782125E+02   0.819221E+02   0.821157E+01   0.895656E+00  -0.125525E+02
   0.787135E+02   0.851503E+02   0.831086E+01   0.250748E+01  -0.207753E+02
   0.800718E+02   0.838048E+02   0.826679E+01   0.111729E+01  -0.185614E+02
   0.829544E+02   0.826353E+02   0.832956E+01   0.497400E+00  -0.146543E+02
   0.812931E+02   0.815622E+02   0.868401E+01   0.149297E+00  -0.105585E+02
   0.822173E+02   0.818252E+02   0.877992E+01   0.166928E+01  -0.143220E+02
   0.803589E+02   0.786920E+02   0.876968E+01   0.403134E+01  -0.197946E+02
   0.807235E+02   0.841963E+02   0.879637E+01   0.120246E+01  -0.158068E+02
   0.816259E+02   0.782447E+02   0.899226E+01   0.120819E+01  -0.146333E+02
   0.813313E+02   0.824658E+02   0.845359E+01   0.476836E+00  -0.116062E+02
   0.815883E+02   0.805787E+02   0.844280E+01   0.560764E+00  -0.122156E+02
   0.813643E+02   0.815508E+02   0.901821E+01   0.482211E+00  -0.110204E+02
   0.788750E+02   0.806108E+02   0.894682E+01   0.153512E+01  -0.194286E+02
   0.806931E+02   0.798332E+02   0.889414E+01   0.893036E+00  -0.134903E+02
   0.807265E+02   0.824822E+02   0.868721E+01   0.177334E+00  -0.125604E+02
   0.820846E+02   0.812925E+02   0.822747E+01   0.144553E+00  -0.105812E+02
   0.794456E+02   0.812925E+02   0.820151E+01   0.518934E-01  -0.106634E+02
   0.810059E+02   0.812683E+02   0.820151E+01   0.384568E+00  -0.108452E+02
   0.820744E+02   0.816554E+02   0.820151E+01   0.500179E+00  -0.111585E+02
   0.818876E+02   0.798830E+02   0.883422E+01   0.119825E+00  -0.116008E+02
   0.818026E+02   0.819022E+02   0.890268E+01   0.549093E-01  -0.107405E+02
   0.801858E+02   0.803902E+02   0.835155E+01   0.726512E+00  -0.142677E+02
   0.830107E+02   0.826390E+02   0.871005E+01   0.606015E+00  -0.152748E+02
   0.814548E+02   0.810906E+02   0.821591E+01   0.130338E+00  -0.111157E+02
   0.809258E+02   0.788473E+02   0.882511E+01   0.351696E+00  -0.149015E+02
   0.823853E+02   0.797544E+02   0.883809E+01   0.179260E+01  -0.149565E+02
   0.807464E+02   0.806818E+02   0.869208E+01   0.283610E+00  -0.123773E+02
   0.805882E+02   0.813348E+02   0.874428E+01   0.103173E+01  -0.129706E+02
   0.813117E+02   0.813348E+02   0.855581E+01   0.466261E+00  -0.109628E+02
   0.813117E+02   0.819048E+02   0.838200E+01   0.537722E+00  -0.111942E+02
   0.816924E+02   0.810402E+02   0.895099E+01   0.189631E+00  -0.103808E+02
   0.813837E+02   0.814465E+02   0.871648E+01   0.547937E+00  -0.110530E+02
   0.815019E+02   0.807631E+02   0.844934E+01   0.861444E+00  -0.123973E+02
   0.814373E+02   0.813584E+02   0.890621E+01   0.408817E+00  -0.107667E+02
   0.816454E+02   0.838302E+02   0.874139E+01   0.353711E+01  -0.185442E+02
   0.812396E+02   0.793702E+02   0.872693E+01   0.911292E+00  -0.147824E+02
   0.819011E+02   0.811088E+02   0.847930E+01   0.113822E+00  -0.110553E+02
   0.812065E+02   0.821372E+02   0.839748E+01   0.234835E-01  -0.112234E+02
   0.823884E+02   0.820758E+02   0.891845E+01   0.647312E+00  -0.125244E+02
   0.804286E+02   0.821933E+02   0.898013E+01   0.107356E+01  -0.141355E+02
   0.835942E+02   0.810989E+02   0.820184E+01   0.304924E+00  -0.126759E+02
   0.803505E+02   0.824843E+02   0.820184E+01   0.119493E+01  -0.134250E+02
   0.808275E+02   0.812937E+02   0.819617E+01   0.104094E+01  -0.122323E+02
   0.825480E+02   0.826114E+02   0.863929E+01   0.195577E+01  -0.154979E+02
   0.815909E+02   0.827379E+02   0.885333E+01   0.736859E+00  -0.124006E+02
   0.820538E+02   0.787378E+02   0.888057E+01   0.109618E+01  -0.141406E+02
   0.811050E+02   0.813591E+02   0.891741E+01   0.505248E+00  -0.113748E+02
   0.821706E+02   0.795122E+02   0.883248E+01   0.265263E+00  -0.128250E+02
   0.825994E+02   0.811579E+02   0.825999E+01   0.171949E+00  -0.112864E+02
   0.787688E+02   0.805407E+02   0.824055E+01   0.131906E+01  -0.161104E+02
   0.818677E+02   0.811877E+02   0.826151E+01   0.226335E+00  -0.106419E+02
   0.808776E+02   0.820466E+02   0.905404E+01   0.226335E+00  -0.122094E+02
   0.808503E+02   0.807068E+02   0.851849E+01   0.390313E+00  -0.121921E+02
   0.810101E+02   0.809326E+02   0.829315E+01   0.440822E+00  -0.116151E+02
   0.828770E+02   0.809326E+02   0.834292E+01   0.128348E+01  -0.143438E+02
   0.815302E+02   0.812324E+02   0.834330E+01   0.249621E+00  -0.107033E+02
   0.815302E+02   0.799525E+02   0.865022E+01   0.270989E+00  -0.131889E+02
   0.815188E+02   0.820561E+02   0.871242E+01   0.261390E+00  -0.108236E+02
   0.816693E+02   0.804102E+02   0.899423E+01   0.149475E+00  -0.107298E+02
   0.822309E+02   0.810163E+02   0.899071E+01   0.751786E+00  -0.120118E+02
   0.819438E+02   0.805131E+02   0.856133E+01   0.474142E+00  -0.125784E+02
   0.804080E+02   0.830512E+02   0.900139E+01   0.173837E+01  -0.155137E+02
   0.803859E+02   0.788267E+02   0.887833E+01   0.684345E+00  -0.160286E+02
   0.819830E+02   0.813089E+02   0.892800E+01   0.104058E+01  -0.123775E+02
   0.812736E+02   0.824234E+02   0.865221E+01   0.548330E+00  -0.116698E+02
   0.815656E+02   0.804219E+02   0.904456E+01   0.548330E+00  -0.112220E+02
   0.805547E+02   0.822601E+02   0.854406E+01   0.311165E-01  -0.123650E+02
   0.808848E+02   0.826456E+02   0.822201E+01   0.126641E+01  -0.139234E+02
   0.808660E+02   0.830854E+02   0.888641E+01   0.684787E+00  -0.137638E+02
   0.808336E+02   0.810817E+02   0.838080E+01   0.621710E+00  -0.118007E+02
   0.803099E+02   0.823125E+02   0.858009E+01   0.569963E+00  -0.129983E+02
   0.816613E+02   0.816186E+02   0.839789E+01   0.198109E+00  -0.105342E+02
   0.813846E+02   0.795218E+02   0.890258E+01   0.548135E+00  -0.124020E+02
   0.813679E+02   0.815130E+02   0.894556E+01   0.301721E+00  -0.107346E+02
   0.812509E+02   0.801280E+02   0.884864E+01   0.134062E+00  -0.114299E+02
   0.816415E+02   0.809934E+02   0.824678E+01   0.726139E+00  -0.117421E+02
   0.806162E+02   0.825051E+02   0.892140E+01   0.533303E+00  -0.136798E+02
   0.829937E+02   0.799625E+02   0.903408E+01   0.827549E-01  -0.153492E+02
   0.818699E+02   0.825927E+02   0.872223E+01   0.103889E+01  -0.128465E+02
   0.813637E+02   0.807680E+02   0.899164E+01   0.187377E+01  -0.145116E+02
   0.821292E+02   0.816185E+02   0.885418E+01   0.245258E+00  -0.110648E+02
   0.805707E+02   0.818354E+02   0.861138E+01   0.294174E+00  -0.118875E+02
   0.813185E+02   0.805314E+02   0.882996E+01   0.600043E+00  -0.114001E+02
   0.818395E+02   0.825366E+02   0.903369E+01   0.542401E-01  -0.117483E+02
   0.812674E+02   0.809445E+02   0.859095E+01   0.391653E+00  -0.112782E+02
   0.808945E+02   0.819108E+02   0.890478E+01   0.596270E+00  -0.122267E+02
   0.801881E+02   0.821747E+02   0.820322E+01   0.945489E+00  -0.123212E+02
   0.810678E+02   0.819858E+02   0.886756E+01   0.678882E+00  -0.120223E+02
   0.825640E+02   0.806730E+02   0.865094E+01   0.101980E+01  -0.138734E+02
   0.815363E+02   0.806935E+02   0.860718E+01   0.709610E+00  -0.121647E+02
   0.815322E+02   0.808850E+02   0.898323E+01   0.283943E+00  -0.105471E+02
   0.814890E+02   0.805098E+02   0.899514E+01   0.143908E+00  -0.106845E+02
   0.823448E+02   0.828098E+02   0.846380E+01   0.108518E+01  -0.138595E+02
   0.813005E+02   0.807229E+02   0.895320E+01   0.114409E+00  -0.107189E+02
   0.820295E+02   0.813354E+02   0.872412E+01   0.122676E+00  -0.109673E+02
   0.812415E+02   0.819337E+02   0.885676E+01   0.403385E+00  -0.113174E+02
   0.811682E+02   0.800558E+02   0.904505E+01   0.813884E+00  -0.123057E+02
   0.825111E+02   0.815970E+02   0.831693E+01   0.373237E-01  -0.115299E+02
   0.817794E+02   0.816814E+02   0.845642E+01   0.362928E+00  -0.108413E+02
   0.810242E+02   0.812908E+02   0.824323E+01   0.301484E+00  -0.110019E+02
   0.821777E+02   0.811046E+02   0.826469E+01   0.367082E+00  -0.110832E+02
   0.822945E+02   0.823642E+02   0.854412E+01   0.795280E+00  -0.127871E+02
   0.816732E+02   0.817100E+02   0.859606E+01   0.872504E+00  -0.118304E+02
   0.815255E+02   0.823548E+02   0.846252E+01   0.377222E+00  -0.113149E+02
   0.812087E+02   0.817039E+02   0.826767E+01   0.699020E-01  -0.107531E+02
   0.817315E+02   0.816897E+02   0.835415E+01   0.699020E-01  -0.105164E+02
   0.817967E+02   0.820974E+02   0.825722E+01   0.613895E+00  -0.117725E+02
   0.818180E+02   0.820974E+02   0.853252E+01   0.177071E+00  -0.109720E+02
   0.818180E+02   0.827419E+02   0.849170E+01   0.862289E-01  -0.123102E+02
   0.814521E+02   0.822672E+02   0.852430E+01   0.347419E+00  -0.111386E+02
   0.817950E+02   0.809292E+02   0.905868E+01   0.135448E+00  -0.104076E+02
   0.823697E+02   0.815062E+02   0.894612E+01   0.642777E+00  -0.121426E+02
   0.811760E+02   0.814137E+02   0.869816E+01   0.887443E+00  -0.119285E+02
   0.820432E+02   0.829652E+02   0.881392E+01   0.664056E+00  -0.130720E+02
   0.821732E+02   0.815202E+02   0.900515E+01   0.534600E+00  -0.115152E+02
   0.810372E+02   0.819104E+02   0.830768E+01   0.132722E+00  -0.110009E+02
   0.811796E+02   0.810258E+02   0.847502E+01   0.101699E+00  -0.110016E+02
   0.824245E+02   0.810258E+02   0.827803E+01   0.271190E+00  -0.113168E+02
   0.814418E+02   0.818687E+02   0.902554E+01   0.317226E+00  -0.109229E+02
   0.819321E+02   0.813232E+02   0.872571E+01   0.804137E-01  -0.107901E+02
   0.813877E+02   0.818561E+02   0.820915E+01   0.805449E+00  -0.116799E+02
   0.813121E+02   0.810216E+02   0.861284E+01   0.899246E+00  -0.121390E+02
   0.813121E+02   0.815379E+02   0.846021E+01   0.273462E-02  -0.104497E+02
   0.808604E+02   0.806442E+02   0.825783E+01   0.103672E+01  -0.131854E+02
   0.826806E+02   0.856086E+02   0.891944E+01   0.335005E+01  -0.190027E+02
   0.840670E+02   0.855532E+02   0.866214E+01   0.543581E+01  -0.223708E+02
   0.845601E+02   0.924616E+02   0.867281E+01   0.680554E+01  -0.259596E+02
   0.810396E+02   0.911826E+02   0.904194E+01   0.447500E+01  -0.222891E+02
   0.807979E+02   0.858985E+02   0.892282E+01   0.204173E+01  -0.175389E+02
   0.817622E+02   0.788049E+02   0.887279E+01   0.125195E+01  -0.140371E+02
   0.816392E+02   0.825600E+02   0.875940E+01   0.494941E+00  -0.117836E+02
   0.790614E+02   0.819930E+02   0.822112E+01   0.841223E+00  -0.120808E+02
   0.815969E+02   0.824131E+02   0.852049E+01   0.912442E+00  -0.122779E+02
   0.804812E+02   0.817305E+02   0.836157E+01   0.127984E+01  -0.131969E+02
   0.824643E+02   0.805276E+02   0.844173E+01   0.776310E+00  -0.138268E+02
   0.814500E+02   0.823223E+02   0.825316E+01   0.108822E+01  -0.130609E+02
   0.818228E+02   0.812747E+02   0.893906E+01   0.166587E+00  -0.104229E+02
   0.819719E+02   0.806503E+02   0.873026E+01   0.448477E+00  -0.119452E+02
   0.818707E+02   0.815756E+02   0.890678E+01   0.488030E+00  -0.110176E+02
   0.816378E+02   0.803634E+02   0.895466E+01   0.553334E-01  -0.107455E+02
   0.816608E+02   0.813475E+02   0.845914E+01   0.184614E+00  -0.106237E+02
   0.786385E+02   0.817648E+02   0.820733E+01   0.221687E+01  -0.155103E+02
   0.817652E+02   0.826813E+02   0.849334E+01   0.660674E+00  -0.123432E+02
   0.819959E+02   0.817621E+02   0.845972E+01   0.218047E+00  -0.109799E+02
   0.809726E+02   0.823016E+02   0.839378E+01   0.447717E+00  -0.119435E+02
   0.805876E+02   0.819460E+02   0.828618E+01   0.860810E+00  -0.123243E+02
   0.819903E+02   0.818884E+02   0.893190E+01   0.284498E+00  -0.110734E+02
   0.807697E+02   0.830326E+02   0.886028E+01   0.486481E+00  -0.140952E+02
   0.813258E+02   0.811812E+02   0.820213E+01   0.549827E+00  -0.113296E+02
   0.808016E+02   0.816673E+02   0.820213E+01   0.360853E+00  -0.105311E+02
   0.820577E+02   0.815644E+02   0.855042E+01   0.205202E+00  -0.110539E+02
   0.818793E+02   0.814126E+02   0.872008E+01   0.497181E+00  -0.111725E+02
   0.813886E+02   0.812862E+02   0.842113E+01   0.647531E-01  -0.105518E+02
   0.825996E+02   0.811481E+02   0.835300E+01   0.647531E-01  -0.119892E+02
   0.812446E+02   0.820969E+02   0.853466E+01   0.276491E+00  -0.109137E+02
   0.814343E+02   0.811808E+02   0.854103E+01   0.255814E-01  -0.106411E+02
   0.808204E+02   0.807905E+02   0.855923E+01   0.548340E+00  -0.122015E+02
   0.821812E+02   0.792300E+02   0.897149E+01   0.161889E+01  -0.146351E+02
   0.815699E+02   0.811592E+02   0.898634E+01   0.227672E+00  -0.104176E+02
   0.815425E+02   0.806893E+02   0.840756E+01   0.865536E+00  -0.126178E+02
   0.809977E+02   0.822230E+02   0.844598E+01   0.785291E+00  -0.119224E+02
   0.822805E+02   0.820582E+02   0.820258E+01   0.260146E+00  -0.114696E+02
   0.791833E+02   0.813459E+02   0.822134E+01   0.715879E+00  -0.115980E+02
   0.795587E+02   0.820841E+02   0.822134E+01   0.857726E+00  -0.120838E+02
   0.814039E+02   0.809716E+02   0.822134E+01   0.184866E+00  -0.114881E+02
   0.809447E+02   0.809674E+02   0.840398E+01   0.161927E+01  -0.140705E+02
   0.808430E+02   0.811373E+02   0.826549E+01   0.198583E+00  -0.113104E+02
   0.818597E+02   0.810119E+02   0.854879E+01   0.249778E+00  -0.112348E+02
   0.797905E+02   0.814027E+02   0.846653E+01   0.584843E+00  -0.143741E+02
   0.818458E+02   0.814728E+02   0.844760E+01   0.377464E-01  -0.106572E+02
   0.816236E+02   0.813557E+02   0.892714E+01   0.121199E+00  -0.103450E+02
   0.816114E+02   0.808912E+02   0.860707E+01   0.139298E+01  -0.135333E+02
   0.821885E+02   0.822068E+02   0.865587E+01   0.555198E+00  -0.120702E+02
   0.818972E+02   0.822730E+02   0.863464E+01   0.675369E+00  -0.118640E+02
   0.812496E+02   0.816997E+02   0.890351E+01   0.513826E+00  -0.112842E+02
   0.810650E+02   0.830945E+02   0.905665E+01   0.832187E+00  -0.134023E+02
   0.819675E+02   0.822351E+02   0.872889E+01   0.851580E+00  -0.122518E+02
   0.812931E+02   0.814036E+02   0.835391E+01   0.813366E+00  -0.116685E+02
   0.816828E+02   0.809652E+02   0.882954E+01   0.726161E-01  -0.103210E+02
   0.809592E+02   0.809652E+02   0.837570E+01   0.111442E+01  -0.128383E+02
   0.816303E+02   0.809652E+02   0.828150E+01   0.442023E+00  -0.112297E+02
   0.819826E+02   0.803783E+02   0.898332E+01   0.402307E+00  -0.112483E+02
   0.811300E+02   0.814823E+02   0.861565E+01   0.103584E+00  -0.106441E+02
   0.811300E+02   0.808943E+02   0.856471E+01   0.722340E-01  -0.112676E+02
   0.804275E+02   0.802751E+02   0.823105E+01   0.473507E+00  -0.143708E+02
   0.832896E+02   0.813766E+02   0.823105E+01   0.479535E+00  -0.127455E+02
   0.817215E+02   0.811281E+02   0.853614E+01   0.445625E+00  -0.112044E+02
   0.822943E+02   0.824802E+02   0.848141E+01   0.111146E+01  -0.134386E+02
   0.815304E+02   0.820670E+02   0.860646E+01   0.771121E+00  -0.116086E+02
   0.809892E+02   0.807992E+02   0.833035E+01   0.713041E+00  -0.122557E+02
   0.816693E+02   0.817276E+02   0.833785E+01   0.239232E+00  -0.106286E+02
   0.805268E+02   0.831770E+02   0.849077E+01   0.148218E+01  -0.146579E+02
   0.809266E+02   0.816624E+02   0.879529E+01   0.614567E+00  -0.115952E+02
   0.810716E+02   0.806691E+02   0.823223E+01   0.819374E+00  -0.126408E+02
   0.806275E+02   0.804437E+02   0.859397E+01   0.246113E+01  -0.164034E+02
   0.800973E+02   0.817467E+02   0.823351E+01   0.192955E+00  -0.129061E+02
   0.814739E+02   0.813307E+02   0.829165E+01   0.192955E+00  -0.105683E+02
   0.812394E+02   0.794171E+02   0.885383E+01   0.166255E+01  -0.144237E+02
   0.797276E+02   0.822223E+02   0.820897E+01   0.257649E-01  -0.114144E+02
   0.796493E+02   0.811912E+02   0.823091E+01   0.125158E+00  -0.143631E+02
   0.807268E+02   0.817639E+02   0.885278E+01   0.111918E+01  -0.133273E+02
   0.822528E+02   0.827648E+02   0.873830E+01   0.147804E+01  -0.142769E+02
   0.822440E+02   0.818566E+02   0.887594E+01   0.439312E+00  -0.117134E+02
   0.819820E+02   0.806168E+02   0.897191E+01   0.738164E+00  -0.117153E+02
   0.817064E+02   0.804712E+02   0.890013E+01   0.191199E+00  -0.107024E+02
   0.820131E+02   0.811413E+02   0.887159E+01   0.123107E+01  -0.129070E+02
   0.807462E+02   0.822443E+02   0.849457E+01   0.110296E+01  -0.127946E+02
   0.812584E+02   0.821857E+02   0.826963E+01   0.804530E-02  -0.116953E+02
   0.812961E+02   0.822149E+02   0.904582E+01   0.532234E+00  -0.116808E+02
   0.814047E+02   0.809070E+02   0.858317E+01   0.331551E+00  -0.112440E+02
   0.815452E+02   0.806857E+02   0.879499E+01   0.331551E+00  -0.114000E+02
   0.815302E+02   0.806857E+02   0.897524E+01   0.263301E+00  -0.106216E+02
   0.816069E+02   0.821536E+02   0.858444E+01   0.263301E+00  -0.109387E+02
   0.827913E+02   0.816381E+02   0.840697E+01   0.263301E+00  -0.123476E+02
   0.815873E+02   0.817645E+02   0.900374E+01   0.837199E-01  -0.105718E+02
   0.815873E+02   0.820611E+02   0.851116E+01   0.837199E-01  -0.107118E+02
   0.817771E+02   0.805918E+02   0.884194E+01   0.880814E+00  -0.119066E+02
   0.796745E+02   0.809555E+02   0.876450E+01   0.130140E+01  -0.155771E+02
   0.829291E+02   0.809555E+02   0.823631E+01   0.422845E+00  -0.123748E+02
   0.820492E+02   0.808732E+02   0.862622E+01   0.111796E+01  -0.130359E+02
   0.812780E+02   0.828218E+02   0.873230E+01   0.155717E+00  -0.123349E+02
   0.812454E+02   0.815189E+02   0.860650E+01   0.857867E+00  -0.117471E+02
   0.817015E+02   0.806905E+02   0.881961E+01   0.116217E+01  -0.125931E+02
   0.799491E+02   0.824235E+02   0.821549E+01   0.210057E-01  -0.121843E+02
   0.820833E+02   0.819143E+02   0.887168E+01   0.213057E+00  -0.111919E+02
   0.816381E+02   0.821433E+02   0.891857E+01   0.117067E+01  -0.127880E+02
   0.820050E+02   0.813787E+02   0.897574E+01   0.425827E+00  -0.109898E+02
   0.819340E+02   0.816131E+02   0.867880E+01   0.132238E+01  -0.131873E+02
   0.824781E+02   0.815952E+02   0.838600E+01   0.126663E+01  -0.134553E+02
   0.815413E+02   0.823341E+02   0.901484E+01   0.120566E+00  -0.113314E+02
   0.828746E+02   0.841934E+02   0.876408E+01   0.119734E+01  -0.171525E+02
   0.810309E+02   0.824207E+02   0.888168E+01   0.324691E+00  -0.123032E+02
   0.817622E+02   0.826632E+02   0.839466E+01   0.428766E+00  -0.127705E+02
   0.819574E+02   0.820022E+02   0.872133E+01   0.140364E+01  -0.134583E+02
   0.806583E+02   0.815323E+02   0.839354E+01   0.535835E+00  -0.115939E+02
   0.806558E+02   0.825616E+02   0.846135E+01   0.209111E+01  -0.153059E+02
   0.817378E+02   0.821561E+02   0.904036E+01   0.100347E+01  -0.124065E+02
   0.814787E+02   0.803714E+02   0.887515E+01   0.428209E+00  -0.111038E+02
   0.806190E+02   0.819834E+02   0.858270E+01   0.415580E+00  -0.118396E+02
   0.806726E+02   0.806340E+02   0.861874E+01   0.970301E+00  -0.131855E+02
   0.822909E+02   0.815734E+02   0.835915E+01   0.882042E+00  -0.123349E+02
   0.807995E+02   0.797722E+02   0.906266E+01   0.970537E+00  -0.133878E+02
   0.816059E+02   0.831109E+02   0.875527E+01   0.165918E+01  -0.144850E+02
   0.817091E+02   0.812257E+02   0.884575E+01   0.692872E+00  -0.112902E+02
   0.814694E+02   0.822620E+02   0.821247E+01   0.529357E+00  -0.119129E+02
   0.815772E+02   0.817193E+02   0.893848E+01   0.143394E+01  -0.133388E+02
   0.809034E+02   0.831676E+02   0.893329E+01   0.845594E+00  -0.137937E+02
   0.814812E+02   0.817647E+02   0.852627E+01   0.126060E+00  -0.104685E+02
   0.830261E+02   0.818077E+02   0.820717E+01   0.165163E+00  -0.115068E+02
   0.817140E+02   0.815449E+02   0.906241E+01   0.201804E+00  -0.104914E+02
   0.821853E+02   0.825246E+02   0.893908E+01   0.769555E+00  -0.126932E+02
   0.814102E+02   0.805722E+02   0.831745E+01   0.100632E+01  -0.130990E+02
   0.814995E+02   0.821195E+02   0.843819E+01   0.453723E+00  -0.110807E+02
   0.821439E+02   0.816360E+02   0.886829E+01   0.183424E+01  -0.146120E+02
   0.823505E+02   0.799304E+02   0.889331E+01   0.496309E+00  -0.125991E+02
   0.811045E+02   0.817618E+02   0.894112E+01   0.487360E+00  -0.115250E+02
   0.810982E+02   0.809132E+02   0.837108E+01   0.483665E+00  -0.116303E+02
   0.805346E+02   0.821397E+02   0.874876E+01   0.740980E+00  -0.127469E+02
   0.814370E+02   0.803809E+02   0.868193E+01   0.100276E+01  -0.129157E+02
   0.817009E+02   0.819021E+02   0.843318E+01   0.162633E-01  -0.107016E+02
   0.817727E+02   0.821443E+02   0.885200E+01   0.433542E+00  -0.113057E+02
   0.816514E+02   0.809063E+02   0.893341E+01   0.501000E+00  -0.108764E+02
   0.811061E+02   0.813419E+02   0.890733E+01   0.411854E+00  -0.112378E+02
   0.816061E+02   0.807984E+02   0.882181E+01   0.946658E+00  -0.119724E+02
   0.814972E+02   0.832580E+02   0.867441E+01   0.188645E+01  -0.150618E+02
   0.816438E+02   0.831743E+02   0.857373E+01   0.118752E+01  -0.138841E+02
   0.819020E+02   0.839497E+02   0.896827E+01   0.640086E+00  -0.148432E+02
   0.819319E+02   0.855329E+02   0.882565E+01   0.242146E+01  -0.173596E+02
   0.812839E+02   0.808893E+02   0.857772E+01   0.111502E+01  -0.128096E+02
   0.809484E+02   0.822712E+02   0.857232E+01   0.646110E+00  -0.117911E+02
   0.821341E+02   0.810988E+02   0.831060E+01   0.146805E+00  -0.111968E+02
   0.821020E+02   0.817052E+02   0.900165E+01   0.348912E-02  -0.109523E+02
   0.809986E+02   0.814143E+02   0.838931E+01   0.983497E-01  -0.107960E+02
   0.825050E+02   0.814143E+02   0.843756E+01   0.578439E+00  -0.125867E+02
   0.815915E+02   0.816490E+02   0.877728E+01   0.149999E+00  -0.104844E+02
   0.816084E+02   0.816490E+02   0.846110E+01   0.111359E+01  -0.124387E+02
   0.825325E+02   0.807802E+02   0.892819E+01   0.654045E+00  -0.126164E+02
   0.810520E+02   0.816523E+02   0.845497E+01   0.694401E+00  -0.114437E+02
   0.799234E+02   0.817033E+02   0.872305E+01   0.212362E+01  -0.160924E+02
   0.815937E+02   0.804591E+02   0.848610E+01   0.608793E+00  -0.125505E+02
   0.792382E+02   0.818524E+02   0.820622E+01   0.100923E+01  -0.122864E+02
   0.803569E+02   0.809962E+02   0.820622E+01   0.128090E+00  -0.112429E+02
   0.824446E+02   0.798663E+02   0.839753E+01   0.116823E+01  -0.156311E+02
   0.823529E+02   0.804939E+02   0.889929E+01   0.163986E+00  -0.117396E+02
   0.819825E+02   0.807366E+02   0.889046E+01   0.641968E+00  -0.114522E+02
   0.823997E+02   0.795282E+02   0.899534E+01   0.775673E+00  -0.134430E+02
   0.811918E+02   0.799733E+02   0.903883E+01   0.867059E+00  -0.124388E+02
   0.838108E+02   0.809747E+02   0.820116E+01   0.692313E+00  -0.135477E+02
   0.822409E+02   0.812123E+02   0.872668E+01   0.316830E+00  -0.116585E+02
   0.807916E+02   0.816527E+02   0.865494E+01   0.884636E+00  -0.123058E+02
   0.822331E+02   0.797853E+02   0.893133E+01   0.196268E+01  -0.151750E+02
   0.825570E+02   0.808099E+02   0.870572E+01   0.109596E+01  -0.138546E+02
   0.820067E+02   0.814438E+02   0.902542E+01   0.846457E-01  -0.106377E+02
   0.810491E+02   0.809470E+02   0.830434E+01   0.499882E+00  -0.116280E+02
   0.812752E+02   0.824953E+02   0.893253E+01   0.105989E+01  -0.128527E+02
   0.837616E+02   0.822386E+02   0.825675E+01   0.142109E+01  -0.151855E+02
   0.820291E+02   0.813077E+02   0.831647E+01   0.501602E-01  -0.107829E+02
   0.819688E+02   0.820473E+02   0.824561E+01   0.347951E+00  -0.113532E+02
   0.820661E+02   0.822483E+02   0.895443E+01   0.625567E-01  -0.115369E+02
   0.824777E+02   0.811545E+02   0.881212E+01   0.238372E+00  -0.123374E+02
   0.817195E+02   0.812508E+02   0.828665E+01   0.238372E+00  -0.107153E+02
   0.813860E+02   0.813714E+02   0.904200E+01   0.111998E+01  -0.124644E+02
   0.818281E+02   0.825943E+02   0.865972E+01   0.212869E+00  -0.118379E+02
   0.812585E+02   0.811093E+02   0.875529E+01   0.212869E+00  -0.108370E+02
   0.823627E+02   0.812925E+02   0.831083E+01   0.103118E+00  -0.113234E+02
   0.819122E+02   0.823475E+02   0.877457E+01   0.581041E+00  -0.118116E+02
   0.816108E+02   0.798647E+02   0.892649E+01   0.149937E+00  -0.115196E+02
   0.815748E+02   0.808050E+02   0.891809E+01   0.776042E+00  -0.115316E+02
   0.822287E+02   0.807281E+02   0.905335E+01   0.159129E+00  -0.112075E+02
   0.814422E+02   0.788638E+02   0.905426E+01   0.279247E+01  -0.169948E+02
   0.811675E+02   0.768130E+02   0.892676E+01   0.165276E+01  -0.167595E+02
   0.790753E+02   0.822753E+02   0.897053E+01   0.233482E+01  -0.185444E+02
   0.790010E+02   0.810296E+02   0.821754E+01   0.747718E+00  -0.122078E+02
   0.819251E+02   0.818725E+02   0.881049E+01   0.980391E+00  -0.123239E+02
   0.812158E+02   0.831124E+02   0.870726E+01   0.101588E+01  -0.133161E+02
   0.813168E+02   0.809495E+02   0.890982E+01   0.205316E+01  -0.149682E+02
   0.816645E+02   0.826157E+02   0.873630E+01   0.418931E+00  -0.118352E+02
   0.832676E+02   0.829257E+02   0.892675E+01   0.131247E+01  -0.163211E+02
   0.822981E+02   0.774978E+02   0.890541E+01   0.132166E+01  -0.162164E+02
   0.812786E+02   0.806487E+02   0.872822E+01   0.202946E+00  -0.114638E+02
   0.805650E+02   0.819115E+02   0.829950E+01   0.112993E+01  -0.128505E+02
   0.805650E+02   0.802738E+02   0.849677E+01   0.296110E+00  -0.139796E+02
   0.811150E+02   0.807336E+02   0.858915E+01   0.139105E+01  -0.136584E+02
   0.810714E+02   0.824423E+02   0.831117E+01   0.649797E+00  -0.123285E+02
   0.819603E+02   0.794829E+02   0.883298E+01   0.155140E+01  -0.141798E+02
   0.801265E+02   0.785485E+02   0.904284E+01   0.852129E+00  -0.171362E+02
   0.817650E+02   0.819599E+02   0.897208E+01   0.420436E+00  -0.110934E+02
   0.808270E+02   0.822812E+02   0.887866E+01   0.100914E+01  -0.131915E+02
   0.812183E+02   0.818479E+02   0.865301E+01   0.339575E+00  -0.108843E+02
   0.809052E+02   0.825472E+02   0.852920E+01   0.157366E-01  -0.121113E+02
   0.804641E+02   0.828284E+02   0.845936E+01   0.426422E+00  -0.136844E+02
   0.817486E+02   0.837728E+02   0.896167E+01   0.184031E+01  -0.152441E+02
   0.838134E+02   0.826535E+02   0.879684E+01   0.105576E+01  -0.182173E+02
   0.826682E+02   0.821835E+02   0.894744E+01   0.392163E+00  -0.133628E+02
   0.818247E+02   0.817612E+02   0.829023E+01   0.138626E+00  -0.106501E+02
   0.826750E+02   0.816005E+02   0.841063E+01   0.612609E+00  -0.124275E+02
   0.824939E+02   0.822963E+02   0.827512E+01   0.220680E+00  -0.124196E+02
   0.814832E+02   0.819482E+02   0.825834E+01   0.291427E+00  -0.110732E+02
   0.815845E+02   0.825264E+02   0.851548E+01   0.145827E+01  -0.136575E+02
   0.839381E+02   0.824855E+02   0.829956E+01   0.128183E+01  -0.166107E+02
   0.807746E+02   0.794976E+02   0.904473E+01   0.950129E+00  -0.136786E+02
   0.809088E+02   0.813919E+02   0.892633E+01   0.204155E+00  -0.115994E+02
   0.822629E+02   0.829943E+02   0.878283E+01   0.523011E+00  -0.135408E+02
   0.817650E+02   0.784996E+02   0.896340E+01   0.613372E+00  -0.144507E+02
   0.812429E+02   0.815825E+02   0.847993E+01   0.986792E-01  -0.105080E+02
   0.813700E+02   0.801975E+02   0.903659E+01   0.140114E+00  -0.111546E+02
   0.815753E+02   0.805248E+02   0.870820E+01   0.185382E+01  -0.147369E+02
   0.811519E+02   0.818182E+02   0.842546E+01   0.568663E+00  -0.112406E+02
   0.807696E+02   0.802012E+02   0.894466E+01   0.288962E+01  -0.171426E+02
   0.812747E+02   0.827000E+02   0.845473E+01   0.129000E+01  -0.133666E+02
   0.821832E+02   0.811785E+02   0.882079E+01   0.109132E+01  -0.127329E+02
   0.824261E+02   0.827713E+02   0.901623E+01   0.100186E+01  -0.137071E+02
   0.813905E+02   0.803272E+02   0.894631E+01   0.186189E+00  -0.109880E+02
   0.814621E+02   0.812583E+02   0.862677E+01   0.133366E+00  -0.105486E+02
   0.814035E+02   0.819403E+02   0.836052E+01   0.133366E+00  -0.107770E+02
   0.824525E+02   0.797733E+02   0.885442E+01   0.101676E+01  -0.135798E+02
   0.816667E+02   0.810541E+02   0.822467E+01   0.103412E+01  -0.124254E+02
   0.820175E+02   0.810541E+02   0.837910E+01   0.725312E+00  -0.120024E+02
   0.808003E+02   0.813327E+02   0.830743E+01   0.552410E+00  -0.114963E+02
   0.807440E+02   0.812665E+02   0.836727E+01   0.621219E+00  -0.117113E+02
   0.813078E+02   0.817294E+02   0.896543E+01   0.857382E+00  -0.119291E+02
   0.841910E+02   0.820548E+02   0.821957E+01   0.220217E-01  -0.131865E+02
   0.820805E+02   0.819357E+02   0.821957E+01   0.289529E-01  -0.109797E+02
   0.812878E+02   0.797829E+02   0.857171E+01   0.777770E+00  -0.145200E+02
   0.813122E+02   0.818336E+02   0.843899E+01   0.250483E+00  -0.106279E+02
   0.811540E+02   0.804771E+02   0.848424E+01   0.250483E+00  -0.122864E+02
   0.823263E+02   0.829988E+02   0.903916E+01   0.864425E-01  -0.137629E+02
   0.807695E+02   0.822294E+02   0.834635E+01   0.131274E+01  -0.133441E+02
   0.805468E+02   0.811198E+02   0.871010E+01   0.437195E+00  -0.124347E+02
   0.811549E+02   0.815027E+02   0.875709E+01   0.267517E+00  -0.107977E+02
   0.819399E+02   0.823128E+02   0.865488E+01   0.236926E+01  -0.158762E+02
   0.804405E+02   0.816665E+02   0.851118E+01   0.829650E+00  -0.124991E+02
   0.818371E+02   0.823679E+02   0.826908E+01   0.307335E+00  -0.121867E+02
   0.810614E+02   0.810228E+02   0.902167E+01   0.938278E+00  -0.122882E+02
   0.810004E+02   0.812426E+02   0.902167E+01   0.528701E+00  -0.116105E+02
   0.810400E+02   0.812426E+02   0.874169E+01   0.662832E-01  -0.109575E+02
   0.811995E+02   0.816295E+02   0.851845E+01   0.662832E-01  -0.105338E+02
   0.810445E+02   0.808692E+02   0.902596E+01   0.580214E+00  -0.116324E+02
   0.817571E+02   0.817188E+02   0.864843E+01   0.181903E+00  -0.106206E+02
   0.811828E+02   0.819008E+02   0.859836E+01   0.480679E+00  -0.110105E+02
   0.819312E+02   0.830674E+02   0.891915E+01   0.132389E+01  -0.138425E+02
   0.818098E+02   0.800690E+02   0.893436E+01   0.593239E+00  -0.116719E+02
   0.818098E+02   0.810398E+02   0.830882E+01   0.150526E+00  -0.109691E+02
   0.801866E+02   0.810634E+02   0.843022E+01   0.150526E+00  -0.129253E+02
   0.822838E+02   0.819532E+02   0.900340E+01   0.723908E-01  -0.116439E+02
   0.830019E+02   0.794033E+02   0.898724E+01   0.182614E+01  -0.160678E+02
   0.808260E+02   0.825696E+02   0.904781E+01   0.106536E+01  -0.134863E+02
   0.817397E+02   0.807891E+02   0.891929E+01   0.820138E-01  -0.104111E+02
   0.808373E+02   0.822578E+02   0.857814E+01   0.820138E-01  -0.116358E+02
   0.828762E+02   0.812168E+02   0.824880E+01   0.820138E-01  -0.116871E+02
   0.818083E+02   0.815203E+02   0.823317E+01   0.246868E+00  -0.105263E+02
   0.818083E+02   0.817415E+02   0.880639E+01   0.128518E+01  -0.130033E+02
   0.821589E+02   0.807548E+02   0.873942E+01   0.703314E+00  -0.124731E+02
   0.819555E+02   0.813012E+02   0.895467E+01   0.848605E+00  -0.118505E+02
   0.806014E+02   0.817082E+02   0.828868E+01   0.387093E+00  -0.115945E+02
   0.805615E+02   0.814075E+02   0.881899E+01   0.815130E+00  -0.131755E+02
   0.820094E+02   0.815287E+02   0.865587E+01   0.938485E+00  -0.122849E+02
   0.813100E+02   0.836845E+02   0.854704E+01   0.185012E+01  -0.156699E+02
   0.813100E+02   0.812727E+02   0.823087E+01   0.409401E-01  -0.105860E+02
   0.816398E+02   0.813773E+02   0.848832E+01   0.190887E+00  -0.105978E+02
   0.811738E+02   0.822679E+02   0.882426E+01   0.956292E+00  -0.125718E+02
   0.818496E+02   0.818911E+02   0.901400E+01   0.758241E-01  -0.107705E+02
   0.814941E+02   0.818534E+02   0.872214E+01   0.412280E+00  -0.108486E+02
   0.809399E+02   0.820207E+02   0.857681E+01   0.215266E+00  -0.111423E+02
   0.822560E+02   0.818550E+02   0.902008E+01   0.263165E+00  -0.115578E+02
   0.815819E+02   0.826891E+02   0.900509E+01   0.591652E-01  -0.120033E+02
   0.815819E+02   0.814795E+02   0.901212E+01   0.270212E+00  -0.105315E+02
   0.800982E+02   0.807351E+02   0.839055E+01   0.831396E+00  -0.136416E+02
   0.830751E+02   0.807702E+02   0.839055E+01   0.409418E+00  -0.141809E+02
   0.806913E+02   0.804247E+02   0.866344E+01   0.252859E-01  -0.130935E+02
   0.816514E+02   0.804889E+02   0.878621E+01   0.739859E+00  -0.123280E+02
   0.802380E+02   0.813641E+02   0.902856E+01   0.946694E+00  -0.143285E+02
