X1_obs         X1_true        Y1_obs         Y1_unbiased    Y1_sim         Y1_res         Y1_stdres      
   0.232685E+00   0.232685E+00   0.100221E+03   0.100221E+03   0.998300E+02   0.391472E+00   0.377359E+00
   0.271961E+00   0.271961E+00   0.983869E+02   0.983869E+02   0.998300E+02  -0.144314E+01  -0.120417E+01
   0.283157E+00   0.283157E+00   0.993999E+02   0.993999E+02   0.998300E+02  -0.430088E+00  -0.362371E+00
   0.366522E+00   0.366522E+00   0.101202E+03   0.101202E+03   0.998300E+02   0.137161E+01   0.100364E+01
   0.630759E+00   0.630759E+00   0.995886E+02   0.995886E+02   0.998300E+02  -0.241401E+00  -0.171222E+00
   0.701168E+00   0.701168E+00   0.100511E+03   0.100511E+03   0.998300E+02   0.680657E+00   0.576635E+00
   0.768264E+00   0.768264E+00   0.997832E+02   0.997832E+02   0.998300E+02  -0.468199E-01  -0.841129E-01
   0.822948E+00   0.822948E+00   0.998400E+02   0.998400E+02   0.998300E+02   0.100304E-01   0.832927E-02
   0.120245E+01   0.120245E+01   0.989767E+02   0.989767E+02   0.998300E+02  -0.853314E+00  -0.899744E+00
   0.123219E+01   0.123219E+01   0.101501E+03   0.101501E+03   0.998300E+02   0.167115E+01   0.175896E+01
   0.140765E+01   0.140765E+01   0.984142E+02   0.984142E+02   0.998300E+02  -0.141583E+01  -0.105022E+01
   0.184744E+01   0.184744E+01   0.101929E+03   0.101929E+03   0.998300E+02   0.209945E+01   0.124754E+01
   0.202431E+01   0.202431E+01   0.103198E+03   0.103198E+03   0.998300E+02   0.336816E+01   0.152798E+01
   0.207070E+01   0.207070E+01   0.997216E+02   0.997216E+02   0.998300E+02  -0.108352E+00  -0.101960E+00
   0.228217E+01   0.228217E+01   0.101195E+03   0.101195E+03   0.998300E+02   0.136486E+01   0.120817E+01
   0.229157E+01   0.229157E+01   0.100161E+03   0.100161E+03   0.998300E+02   0.331389E+00   0.257492E+00
   0.229279E+01   0.229279E+01   0.989169E+02   0.989169E+02   0.998300E+02  -0.913075E+00  -0.716855E+00
   0.239089E+01   0.239089E+01   0.977368E+02   0.977368E+02   0.998300E+02  -0.209322E+01  -0.729311E+00
   0.366216E+01   0.366216E+01   0.997159E+02   0.997159E+02   0.998300E+02  -0.114065E+00  -0.688237E-01
   0.370377E+01   0.370377E+01   0.101298E+03   0.101298E+03   0.998300E+02   0.146777E+01   0.569914E+00
   0.381428E+01   0.381428E+01   0.993460E+02   0.993460E+02   0.998300E+02  -0.483997E+00  -0.458857E+00
   0.386793E+01   0.386793E+01   0.100996E+03   0.100996E+03   0.998300E+02   0.116648E+01   0.954128E+00
   0.391224E+01   0.391224E+01   0.993024E+02   0.993024E+02   0.998300E+02  -0.527584E+00  -0.435205E+00
   0.412743E+01   0.412743E+01   0.101151E+03   0.101151E+03   0.998300E+02   0.132118E+01   0.100931E+01
   0.418050E+01   0.418050E+01   0.978625E+02   0.978625E+02   0.998300E+02  -0.196748E+01  -0.120136E+01
   0.428459E+01   0.428459E+01   0.990848E+02   0.990848E+02   0.998300E+02  -0.745193E+00  -0.794950E+00
   0.441016E+01   0.441016E+01   0.956509E+02   0.956509E+02   0.998300E+02  -0.417905E+01  -0.211549E+01
   0.487801E+01   0.487801E+01   0.997054E+02   0.997054E+02   0.998300E+02  -0.124590E+00  -0.136506E+00
   0.492533E+01   0.492533E+01   0.990191E+02   0.990191E+02   0.998300E+02  -0.810932E+00  -0.381858E+00
   0.507478E+01   0.507478E+01   0.983912E+02   0.983912E+02   0.998300E+02  -0.143880E+01  -0.962388E+00
   0.509748E+01   0.509748E+01   0.982634E+02   0.982634E+02   0.998300E+02  -0.156661E+01  -0.127053E+01
   0.525514E+01   0.525514E+01   0.994258E+02   0.994258E+02   0.998300E+02  -0.404162E+00  -0.570952E+00
   0.539085E+01   0.539085E+01   0.983239E+02   0.983239E+02   0.998300E+02  -0.150608E+01  -0.917427E+00
   0.548055E+01   0.548055E+01   0.100095E+03   0.100095E+03   0.998300E+02   0.264682E+00   0.163975E+00
   0.569161E+01   0.569161E+01   0.100633E+03   0.100633E+03   0.998300E+02   0.802510E+00   0.561821E+00
   0.575408E+01   0.575408E+01   0.101443E+03   0.101443E+03   0.998300E+02   0.161281E+01   0.183476E+01
   0.589745E+01   0.589745E+01   0.111857E+03   0.111857E+03   0.111587E+03   0.270412E+00   0.325122E+00
   0.612565E+01   0.612565E+01   0.110238E+03   0.110238E+03   0.111587E+03  -0.134906E+01  -0.719233E+00
   0.614354E+01   0.614354E+01   0.112904E+03   0.112904E+03   0.111587E+03   0.131735E+01   0.826574E+00
   0.614919E+01   0.614919E+01   0.113052E+03   0.113052E+03   0.111587E+03   0.146466E+01   0.639357E+00
   0.644987E+01   0.644987E+01   0.111299E+03   0.111299E+03   0.111587E+03  -0.287965E+00  -0.226299E+00
   0.652909E+01   0.652909E+01   0.106476E+03   0.106476E+03   0.111587E+03  -0.511144E+01  -0.156731E+01
   0.662942E+01   0.662942E+01   0.110908E+03   0.110908E+03   0.111587E+03  -0.679003E+00  -0.608213E+00
   0.667256E+01   0.667256E+01   0.110879E+03   0.110879E+03   0.111587E+03  -0.708062E+00  -0.704727E+00
   0.747557E+01   0.747557E+01   0.112323E+03   0.112323E+03   0.111587E+03   0.736290E+00   0.570672E+00
   0.764805E+01   0.764805E+01   0.110222E+03   0.110222E+03   0.111587E+03  -0.136545E+01  -0.167549E+01
   0.786876E+01   0.786876E+01   0.110581E+03   0.110581E+03   0.111587E+03  -0.100566E+01  -0.842300E+00
   0.797979E+01   0.797979E+01   0.112279E+03   0.112279E+03   0.111587E+03   0.692321E+00   0.367931E+00
   0.813985E+01   0.813985E+01   0.111511E+03   0.111511E+03   0.111587E+03  -0.762445E-01  -0.370252E-01
   0.825375E+01   0.825375E+01   0.115237E+03   0.115237E+03   0.111587E+03   0.365018E+01   0.102608E+01
   0.828632E+01   0.828632E+01   0.112215E+03   0.112215E+03   0.111587E+03   0.627884E+00   0.806311E+00
   0.831391E+01   0.831391E+01   0.109510E+03   0.109510E+03   0.111587E+03  -0.207725E+01  -0.135983E+01
   0.857087E+01   0.857087E+01   0.110224E+03   0.110224E+03   0.111587E+03  -0.136257E+01  -0.598502E+00
   0.876498E+01   0.876498E+01   0.106547E+03   0.106547E+03   0.111587E+03  -0.503996E+01  -0.214497E+01
   0.906285E+01   0.906285E+01   0.112259E+03   0.112259E+03   0.111587E+03   0.672118E+00   0.104510E+01
   0.972839E+01   0.972839E+01   0.111972E+03   0.111972E+03   0.111587E+03   0.385118E+00   0.444085E+00
   0.982068E+01   0.982068E+01   0.111765E+03   0.111765E+03   0.111587E+03   0.177760E+00   0.297636E+00
   0.988505E+01   0.988505E+01   0.112313E+03   0.112313E+03   0.111587E+03   0.726174E+00   0.542326E+00
   0.994141E+01   0.994141E+01   0.112079E+03   0.112079E+03   0.111587E+03   0.491802E+00   0.476377E+00
   0.998507E+01   0.998507E+01   0.112716E+03   0.112716E+03   0.111587E+03   0.112858E+01   0.752996E+00
