"res1"	"Y1_gamma1"	"LogPost"
119.709	0.250166	-6.31894
117.748	0.980366	-4.85219
118.393	0.880348	-4.34807
117.911	0.454809	-4.4977
117.277	2.69393	-6.36937
115.756	2.47073	-7.49161
116.763	1.75196	-6.30995
120.287	2.16489	-6.44363
119.49	1.21105	-5.26303
117.638	1.3466	-5.17427
117.638	2.10229	-5.75475
119.103	3.49438	-6.77465
116.558	4.78088	-7.81639
120.8	13.7136	-10.6686
115.06	8.37204	-9.42599
117.695	2.88238	-6.36165
118.753	0.118284	-4.07663
117.185	1.81223	-5.86511
117.185	2.72031	-6.42984
120.911	3.1314	-7.25405
120.356	1.59537	-6.50398
117.315	1.04251	-5.48865
118.89	0.448163	-4.27585
119.314	2.04775	-5.68328
118.328	2.70457	-6.10856
117.901	0.864656	-4.62727
117.024	0.905388	-6.16596
118.857	1.04914	-4.5913
119.277	2.72637	-6.22561
116.953	1.46604	-6.04174
116.915	1.97956	-6.19522
110.851	16.0311	-11.4341
118.915	7.1981	-8.7385
125.607	8.28674	-10.2229
106.075	10.6193	-11.9133
120.313	21.7941	-12.018
119.769	3.44176	-6.87966
119.295	1.66578	-5.36247
120.669	1.66578	-6.98547
117.827	2.82851	-6.28686
116.123	2.18696	-7.09951
114.834	3.46685	-8.27448
116.334	4.27696	-7.64076
119.359	2.91301	-6.39279
119.359	0.426964	-5.09436
119.359	0.446377	-5.08603
118.907	0.77555	-4.43152
117.129	2.37778	-6.23693
116.64	2.38663	-6.5975
116.687	0.894085	-7.11644
118.425	0.878354	-4.34228
118.425	0.060367	-3.96495
118.425	0.49306	-4.08026
119.001	0.49306	-4.42291
119.541	1.09794	-5.30419
119.395	1.10855	-5.11072
118.838	1.35684	-4.85698
119.04	2.14213	-5.66229
118.428	0.381053	-4.03109
120.483	2.53389	-6.73751
118.519	3.52206	-6.75597
119.272	0.572739	-4.86637
121.284	3.08332	-7.51299
119.354	2.6816	-6.21241
119.716	1.60013	-5.67012
118.736	0.499912	-4.16155
118.736	0.499912	-4.16155
120.018	2.69358	-6.50489
118.263	0.723016	-4.26684
119.252	0.227601	-4.90386
118.485	2.36508	-5.79733
116.634	0.283068	-9.26883
118.42	2.32215	-5.75894
119.327	0.0670509	-5.13443
118.819	0.095494	-4.13954
117.998	0.095494	-4.36715
117.998	0.095494	-4.36715
117.998	0.507161	-4.38421
118.086	0.272079	-4.24119
119.773	1.00628	-5.71149
119.426	1.9026	-5.62708
118.516	1.16578	-4.60314
120.541	3.3478	-7.12939
122.948	4.44652	-8.79048
119.77	1.6273	-5.73791
120.021	2.02776	-6.14905
118.833	1.70405	-5.19174
118.983	0.284639	-4.37106
118.983	0.108703	-4.36542
118.989	1.21779	-4.80649
119.622	1.17187	-5.43076
119.566	1.30031	-5.38586
118.879	0.839571	-4.44958
118.879	1.38013	-4.89458
119.971	9.65565	-9.62403
115.68	3.75979	-7.72296
117.719	2.79567	-6.28779
117.405	1.42239	-5.45139
118.289	0.444052	-4.10393
117.043	0.840186	-6.18781
118.141	0.015136	-4.164
118.141	0.015136	-4.164
118.583	0.015136	-3.96986
119.247	2.56176	-6.0843
120.88	1.84926	-7.21715
119.039	0.150996	-4.46116
119.66	0.150996	-6.21435
117.001	4.43352	-7.53496
119.693	4.07137	-7.25522
120.219	5.44974	-8.08059
116.182	8.4774	-9.32232
118.199	0.73307	-4.30641
117.897	1.93469	-5.49772
118.28	0.363067	-4.08122
117.384	2.37996	-6.09512
119.823	1.14838	-5.7549
119.523	1.4786	-5.41738
118.889	0.332552	-4.24887
117.807	5.70102	-8.08977
119.09	1.5723	-5.16636
116.783	1.60843	-6.28154
118.761	1.51289	-4.98513
118.561	0.797265	-4.27915
117.808	0.797265	-4.70618
117.586	1.15244	-5.12117
119.093	0.696238	-4.59291
119.093	0.59469	-4.56953
118.623	1.60652	-5.05549
119.065	0.78717	-4.59084
119.065	0.49065	-4.51272
117.121	1.91791	-5.97651
119.19	0.641147	-4.72197
118.626	2.31668	-5.75533
122.274	3.06956	-8.43929
117.575	1.08783	-5.10717
117.42	1.08453	-5.32154
119.813	0.423619	-6.47328
118.936	0.0742033	-4.29062
118.936	0.601717	-4.37571
117.91	0.283594	-4.50591
117.236	0.175791	-6.52714
116.091	4.20757	-7.69796
117.617	0.105542	-5.23547
117.614	2.22336	-5.86426
117.946	1.66665	-5.23152
117.171	2.05015	-6.0078
117.604	0.506229	-5.0716
118.96	0.696647	-4.4393
118.96	0.696647	-4.4393
118.033	0.696647	-4.41177
118.704	1.06423	-4.53915
118.751	0.311207	-4.10749
117.856	2.84554	-6.29415
117.08	2.73901	-6.49309
120.265	2.95352	-6.78624
115.195	8.41585	-9.41949
119.075	0.34002	-4.52211
118.481	0.245513	-3.98456
118.809	0.743172	-4.33959
119.345	5.38063	-7.93792
112.063	22.8675	-12.2711
117.429	27.6525	-12.7222
114.427	16.9721	-11.3488
114.401	13.424	-10.7049
115.095	5.27686	-8.45915
118.706	3.66754	-6.86486
118.706	1.38851	-4.84895
118.706	0.624825	-4.20763
118.732	1.48226	-4.94776
120.242	1.34938	-6.42618
118.219	3.32082	-6.61614
119.707	2.27101	-6.0595
118.335	2.13859	-5.59011
119.748	4.5136	-7.52248
118.214	2.33201	-5.78648
119.141	0.0209688	-4.66939
119.122	0.900246	-4.70498
117.214	1.70437	-5.7834
118.416	0.118709	-3.97156
118.416	0.460609	-4.06619
119.654	0.611883	-5.72567
119.654	3.61046	-6.95842
118.963	1.46116	-5.00544
117.712	3.32854	-6.69109
119.725	2.89209	-6.49748
115.445	8.22308	-9.32761
117.737	2.91802	-6.37866
118.039	0.708807	-4.41239
118.767	0.706604	-4.29019
118.255	0.706604	-4.2597
118.3	0.706604	-4.24023
116.931	3.58895	-7.07595
118.004	0.847903	-4.52026
118.96	0.802613	-4.49237
120.04	3.07484	-6.7461
107.417	10.6323	-11.4965
121.977	18.7775	-11.6137
127.076	16.7562	-11.6128
120.591	16.3614	-11.1764
108.406	17.0578	-11.8027
122.4	5.9361	-8.80364
120.6	2.28448	-6.77657
118.343	1.43939	-4.88855
119.213	0.00963146	-4.83764
119.254	0.890622	-4.86023
118.826	0.890622	-4.45013
119.308	1.2954	-5.10841
118.819	3.25969	-6.57011
116.017	4.20285	-7.72517
118.104	1.08262	-4.62519
118.195	2.34572	-5.80178
118.672	1.00166	-4.47406
119.18	0.0602632	-4.75745
118.431	0.957145	-4.40971
117.721	0.341747	-4.87544
117.721	1.87326	-5.52309
118.446	3.28563	-6.57884
119.33	1.73601	-5.43939
118.477	1.13208	-4.57003
119.075	0.980977	-4.70099
117.648	0.980977	-4.97516
118.144	2.51736	-5.96391
119.389	1.1342	-5.11189
118.979	1.66707	-5.20284
117.571	2.95497	-6.45106
117.85	0.571339	-4.59917
119.433	1.47709	-5.33276
118.333	1.22293	-4.6736
118.333	0.624663	-4.17577
117.82	0.624663	-4.64915
118.386	0.434056	-4.06142
119.402	0.685361	-5.0956
119.093	0.749286	-4.60955
117.676	2.10227	-5.73694
119.921	1.02572	-6.00336
118.688	0.0562295	-4.02213
118.688	0.480695	-4.12407
119.262	0.656048	-4.84097
120.463	1.53409	-6.7109
120.139	3.87425	-7.2515
118.074	0.127966	-4.25102
119.391	0.288047	-5.2449
117.276	1.21207	-5.55121
117.831	1.63547	-5.26039
119.766	1.97078	-5.90759
118.33	0.21191	-4.01775
117.491	3.11036	-6.58752
117.387	2.43787	-6.13571
118.773	4.9717	-7.68687
113.583	7.3196	-9.4529
118.451	1.41686	-4.85528
118.229	1.40114	-4.8738
119.974	2.27699	-6.23587
119.162	3.58302	-6.8455
118.913	1.37485	-4.90389
116.079	3.51321	-7.41627
123.592	4.03151	-9.34645
116.814	2.59978	-6.56599
118.852	0.879514	-4.45864
118.852	0.879514	-4.45864
119.865	0.955211	-5.93565
122.234	5.62401	-8.66169
118.661	1.34336	-4.79497
121.84	5.95745	-8.64391
121.483	1.98895	-8.12132
118.802	1.98895	-5.46274
119.474	1.54182	-5.40866
117.704	2.40626	-5.97796
120.712	2.92803	-7.04879
115.259	1.73456	-9.11269
124.497	27.2136	-12.7441
115.746	6.8705	-8.83945
117.94	1.24116	-4.85688
118.485	0.692384	-4.19564
118.597	0.548741	-4.12128
116.497	3.8138	-7.35691
119.407	0.559656	-5.14832
118.792	1.75298	-5.23
118.526	3.50157	-6.74092
123.598	6.40611	-9.31748
118.249	3.94145	-7.05758
117.42	0.739636	-5.36913
117.026	4.41094	-7.51722
115.78	8.49544	-9.36986
119.345	1.36931	-5.18796
113.536	3.40657	-9.61663
115.647	4.35229	-7.93716
102.895	16.1397	-12.513
103.477	27.788	-13.1737
118.945	10.5967	-9.8668
117.485	7.65678	-8.94013
120.514	6.25614	-8.4792
117.647	10.3976	-9.8191
118.948	0.78088	-4.47046
117.64	0.299769	-5.08845
118.463	0.19306	-3.97448
120.156	12.918	-10.474
116.724	8.83508	-9.39171
118.974	1.8614	-5.38352
122.223	8.92179	-9.61352
117.188	2.09907	-6.02447
115.924	2.33493	-7.31855
117.504	2.48532	-6.1185
116.295	5.75274	-8.31034
119.707	2.01571	-5.89118
125.2	7.90449	-10.0586
120.633	5.3564	-8.11634
124.996	5.9949	-9.91035
117.137	8.65111	-9.30676
109.584	18.3585	-11.8505
110.376	19.1339	-11.8905
107.617	19.2456	-12.1171
118.526	12.0217	-10.2372
120.991	2.68276	-7.20711
118.124	1.05886	-4.59478
118.124	0.517753	-4.25179
123.705	8.61302	-9.7913
118.307	0.533858	-4.13552
118.933	1.74577	-5.26092
118.28	0.995572	-4.47416
118.329	0.0797599	-4.00274
117.349	0.0797599	-6.14753
119.421	1.21918	-5.18453
119.594	0.603772	-5.57404
119.594	0.308112	-5.85052
119.507	2.93388	-6.45135
118.66	0.240675	-4.02961
118.22	0.240675	-4.09675
119.236	0.874305	-4.83182
118.845	0.144617	-4.1728
119.434	2.59363	-6.17031
121.509	5.578	-8.42188
117.243	1.71551	-5.76118
117.243	1.60021	-5.70631
119.781	2.1034	-5.99793
118.552	1.81122	-5.25858
118.479	0.803972	-4.27865
118.474	1.73892	-5.18446
117.801	1.38108	-5.06646
117.801	0.209733	-4.73598
117.86	0.209733	-4.611
117.86	2.96349	-6.38693
121.135	4.02847	-7.70461
114.688	5.19194	-8.59114
118.594	1.89736	-5.34722
118.086	0.104236	-4.23447
118.313	0.0227185	-4.00998
118.313	0.169493	-4.0205
118.313	0.169493	-4.0205
118.313	0.169493	-4.0205
118.209	1.13954	-4.62862
117.182	2.33351	-6.17582
120.565	1.43242	-6.99085
117.67	1.86255	-5.54132
119.826	1.84448	-5.88969
119.739	1.55239	-5.67467
123.986	11.9773	-10.536
139.839	23.4007	-13.4626
142.102	25.4968	-13.7576
129.371	38.4807	-13.8284
138.014	44.2943	-14.4211
86.305	60.2396	-15.4816
106.531	50.4601	-14.6062
98.8991	47.7439	-14.609
95.8279	32.4642	-13.9325
110.369	18.6615	-11.8302
110.479	26.2243	-12.7021
133.172	38.0485	-13.8976
98.0913	45.2465	-14.5004
109.651	25.1169	-12.619
125.467	5.68926	-10.2278
123.43	4.37784	-9.12505
114.596	4.34358	-8.47269
116.474	3.53242	-7.22697
116.395	3.53242	-7.2636
118.377	1.97942	-5.43114
118.53	0.981544	-4.43082
118.53	0.981544	-4.43082
118.53	0.981544	-4.43082
118.53	1.45926	-4.89838
118.53	1.02788	-4.47296
117.386	1.0063	-5.36987
117.386	2.67259	-6.30718
117.386	0.0591119	-6.01497
117.913	0.0349765	-4.52136
118.308	0.0349765	-4.013
118.403	0.404326	-4.04488
118.403	0.404326	-4.04488
118.403	1.87106	-5.32123
117.775	1.76796	-5.40498
117.666	1.583	-5.32085
118.292	1.583	-5.0427
118.396	2.36613	-5.80103
117.234	3.29776	-6.79454
118.513	0.738623	-4.22971
118.488	0.633108	-4.15597
119.14	0.633108	-4.64415
119.9	0.85546	-6.11184
119.29	3.14225	-6.54913
119.29	1.19781	-5.03422
119.29	1.61671	-5.321
117.765	1.90536	-5.52821
119.996	1.23246	-6.03341
118.269	0.329148	-4.07863
118.372	0.329148	-4.02756
117.821	0.329148	-4.66621
118.127	0.679479	-4.32256
118.127	0.408701	-4.21638
118.461	1.39239	-4.82995
117.741	0.856322	-4.8115
118.475	0.856322	-4.32096
118.045	0.856322	-4.49176
118.045	0.360112	-4.3003
119.112	0.38891	-4.5857
119.112	0.38891	-4.5857
116.426	7.88108	-9.10136
120.267	2.58577	-6.59973
120.267	1.92189	-6.36455
118.51	0.855879	-4.32116
118.928	2.16267	-5.65259
119.272	1.53484	-5.2459
118.68	1.42624	-4.88122
117.708	0.394295	-4.88539
120.09	1.81714	-6.14525
117.364	1.60706	-5.58843
118.422	1.60706	-5.05173
118.422	0.45566	-4.06295
118.628	0.45566	-4.08547
118.264	0.45566	-4.12288
118.264	0.181077	-4.05424
118.197	0.181077	-4.11059
118.197	0.181077	-4.11059
118.197	0.181077	-4.11059
118.197	1.07231	-4.57246
118.563	1.07231	-4.51712
118.693	0.629585	-4.20374
120.161	5.62495	-8.15252
119.717	10.8085	-9.94091
120.616	2.79513	-6.93295
125.305	2.46073	-15.6885
116.909	5.6383	-8.15447
116.312	4.32461	-7.67046
120.032	2.69711	-6.51497
119.182	1.30782	-5.01035
119.042	0.598389	-4.50035
117.677	0.598389	-4.89133
119.329	0.288919	-5.07768
118.837	11.8155	-10.187
119.752	3.86171	-7.14031
118.367	1.71293	-5.16435
118.367	1.57847	-5.02724
116.952	1.35581	-6.05456
118.196	0.501733	-4.18626
119.243	2.05761	-5.65961
118.074	0.614669	-4.33615
119.968	2.32012	-6.2558
119.421	9.33472	-9.50516
110.25	9.53258	-10.6702
117.288	4.37351	-7.44356
117.288	3.57183	-6.95654
118.123	3.57183	-6.80913
118.184	1.4897	-4.97413
118.294	2.80999	-6.20117
121.297	6.24686	-8.61527
119.642	2.39913	-6.1137
118.363	1.60148	-5.05115
120.8	6.73685	-8.71082
118.594	1.543	-4.98795
118.594	0.497071	-4.09361
118.594	0.666581	-4.19166
119.663	1.17268	-5.49086
116.013	2.48196	-7.20786
113.723	9.55956	-9.93535
114.682	10.698	-10.0843
121.956	3.42202	-8.0765
118.582	0.598082	-4.14553
118.946	0.0929886	-4.30554
118.585	0.168903	-3.98393
118.702	0.168903	-4.04269
118.702	0.168903	-4.04269
118.273	0.915368	-4.40809
121.195	3.62946	-7.59225
120.983	2.75496	-7.21094
118.455	2.13764	-5.58203
118.455	0.116683	-3.96427
118.613	0.103638	-3.98578
115.596	4.22531	-7.91624
121.753	1.79107	-9.0123
118.332	1.64278	-5.09717
117.078	0.639712	-6.37061
119.824	0.639712	-6.17674
119.348	1.08714	-5.04498
118.114	1.08714	-4.62377
118.114	1.14318	-4.67254
118.646	0.980949	-4.44898
118.646	0.344295	-4.05059
118.646	0.344295	-4.05059
118.646	0.480529	-4.10409
118.056	0.480529	-4.30905
118.693	1.40543	-4.86299
