res1           res2           tau1           Y1_gamma1      LogPost        
   0.973343E+02   0.955285E+02   0.361161E+01   0.933060E+00  -0.186694E+02
   0.978286E+02   0.962528E+02   0.330311E+01   0.415402E+00  -0.178129E+02
   0.953653E+02   0.964514E+02   0.330159E+01   0.251977E+00  -0.187926E+02
   0.967995E+02   0.956696E+02   0.266493E+01   0.158105E+01  -0.205863E+02
   0.982538E+02   0.965061E+02   0.300312E+01   0.119797E+01  -0.200669E+02
   0.968256E+02   0.962974E+02   0.298850E+01   0.491145E+00  -0.176166E+02
   0.973885E+02   0.962974E+02   0.285238E+01   0.753278E+00  -0.183792E+02
   0.978752E+02   0.967172E+02   0.284398E+01   0.601453E+00  -0.188416E+02
   0.950573E+02   0.958031E+02   0.345903E+01   0.549344E+00  -0.195567E+02
   0.958960E+02   0.955191E+02   0.317047E+01   0.549344E+00  -0.184018E+02
   0.983965E+02   0.968408E+02   0.307678E+01   0.203137E+01  -0.222444E+02
   0.970354E+02   0.959296E+02   0.353514E+01   0.177355E+00  -0.169954E+02
   0.954532E+02   0.967622E+02   0.297067E+01   0.802435E+00  -0.186292E+02
   0.957131E+02   0.964287E+02   0.386710E+01   0.703979E+00  -0.187937E+02
   0.970185E+02   0.963379E+02   0.254399E+01   0.729803E+00  -0.181447E+02
   0.974495E+02   0.962665E+02   0.297151E+01   0.211288E+01  -0.218069E+02
   0.971071E+02   0.956316E+02   0.310719E+01   0.134696E+00  -0.181076E+02
   0.968839E+02   0.965325E+02   0.314200E+01   0.159537E+00  -0.175687E+02
   0.960071E+02   0.961889E+02   0.317646E+01   0.159537E+00  -0.171797E+02
   0.956342E+02   0.945957E+02   0.377681E+01   0.673776E-01  -0.190705E+02
   0.980175E+02   0.962748E+02   0.280055E+01   0.385011E+00  -0.183792E+02
   0.961328E+02   0.946501E+02   0.370796E+01   0.123798E+00  -0.182926E+02
   0.961843E+02   0.952678E+02   0.350465E+01   0.123798E+00  -0.175459E+02
   0.954024E+02   0.969703E+02   0.366815E+01   0.836983E+00  -0.203186E+02
   0.959405E+02   0.966696E+02   0.276933E+01   0.147816E+00  -0.174672E+02
   0.964272E+02   0.958211E+02   0.254937E+01   0.407312E-01  -0.175903E+02
   0.963598E+02   0.956955E+02   0.283123E+01   0.196765E+00  -0.178951E+02
   0.955464E+02   0.964414E+02   0.276901E+01   0.196765E+00  -0.171763E+02
   0.960751E+02   0.975020E+02   0.319164E+01   0.888288E+00  -0.203835E+02
   0.960200E+02   0.970537E+02   0.316804E+01   0.185150E+01  -0.212564E+02
   0.967026E+02   0.965863E+02   0.293786E+01   0.854828E+00  -0.183872E+02
   0.915406E+02   0.956470E+02   0.261739E+01   0.536458E+00  -0.213859E+02
   0.993003E+02   0.963291E+02   0.288268E+01   0.400681E+00  -0.199199E+02
   0.954716E+02   0.965398E+02   0.265173E+01   0.254553E+00  -0.173153E+02
   0.962316E+02   0.955238E+02   0.370561E+01   0.214526E+00  -0.169941E+02
   0.970499E+02   0.970244E+02   0.284413E+01   0.159688E+01  -0.207090E+02
   0.912954E+02   0.969214E+02   0.304899E+01   0.562516E+00  -0.267419E+02
   0.939732E+02   0.958831E+02   0.281694E+01   0.686808E+00  -0.185093E+02
   0.986374E+02   0.956525E+02   0.281694E+01   0.570563E+00  -0.199162E+02
   0.971252E+02   0.966426E+02   0.337209E+01   0.121955E+01  -0.193929E+02
   0.953719E+02   0.963814E+02   0.299494E+01   0.165069E-01  -0.174501E+02
   0.966445E+02   0.956232E+02   0.365602E+01   0.165069E-01  -0.167901E+02
   0.968498E+02   0.963441E+02   0.333153E+01   0.353034E+00  -0.171721E+02
   0.969853E+02   0.961314E+02   0.302077E+01   0.353034E+00  -0.175327E+02
   0.931388E+02   0.956513E+02   0.296995E+01   0.114805E+01  -0.217303E+02
   0.949569E+02   0.967591E+02   0.270265E+01   0.464859E+00  -0.179345E+02
   0.969067E+02   0.966355E+02   0.350014E+01   0.122524E+01  -0.192974E+02
   0.983883E+02   0.951356E+02   0.343488E+01   0.255745E+01  -0.238958E+02
   0.960254E+02   0.965280E+02   0.384433E+01   0.385787E+00  -0.179888E+02
   0.956199E+02   0.953178E+02   0.323191E+01   0.186526E+01  -0.216127E+02
   0.974840E+02   0.979956E+02   0.283849E+01   0.832728E+00  -0.232766E+02
   0.976753E+02   0.951294E+02   0.376266E+01   0.650846E+00  -0.189203E+02
   0.979910E+02   0.952694E+02   0.351159E+01   0.105252E+01  -0.200510E+02
   0.971002E+02   0.971130E+02   0.362808E+01   0.934959E+00  -0.195839E+02
   0.968587E+02   0.967511E+02   0.360132E+01   0.434565E+00  -0.180685E+02
   0.973460E+02   0.963337E+02   0.335859E+01   0.612759E+00  -0.180471E+02
   0.964074E+02   0.961464E+02   0.360931E+01   0.824838E-01  -0.169329E+02
   0.978067E+02   0.957769E+02   0.300663E+01   0.818651E+00  -0.191493E+02
   0.957227E+02   0.971161E+02   0.255003E+01   0.286689E+01  -0.239332E+02
   0.950616E+02   0.966612E+02   0.339133E+01   0.546285E+00  -0.202213E+02
   0.944235E+02   0.970485E+02   0.260192E+01   0.972501E+00  -0.194003E+02
   0.967548E+02   0.958327E+02   0.259673E+01   0.386949E+00  -0.178983E+02
   0.967132E+02   0.960950E+02   0.278772E+01   0.318828E+00  -0.174860E+02
   0.972771E+02   0.959432E+02   0.268362E+01   0.367768E+00  -0.179910E+02
   0.984163E+02   0.959432E+02   0.270791E+01   0.593770E+00  -0.191790E+02
   0.965777E+02   0.963145E+02   0.287027E+01   0.593770E+00  -0.177275E+02
   0.931786E+02   0.963620E+02   0.280993E+01   0.541874E+00  -0.186336E+02
   0.963431E+02   0.966653E+02   0.328757E+01   0.264399E+00  -0.178657E+02
   0.957648E+02   0.955150E+02   0.273760E+01   0.160822E+00  -0.182911E+02
   0.960897E+02   0.965357E+02   0.260877E+01   0.584510E+00  -0.177115E+02
   0.952437E+02   0.968183E+02   0.287079E+01   0.308239E+00  -0.178727E+02
   0.959899E+02   0.960674E+02   0.366772E+01   0.608202E+00  -0.178040E+02
   0.961607E+02   0.956398E+02   0.288270E+01   0.502832E+00  -0.182547E+02
   0.968382E+02   0.960074E+02   0.376885E+01   0.126538E+01  -0.189911E+02
   0.946339E+02   0.965700E+02   0.256116E+01   0.484253E+00  -0.177668E+02
   0.978217E+02   0.962909E+02   0.280186E+01   0.551887E+00  -0.183789E+02
   0.967433E+02   0.954363E+02   0.270378E+01   0.131938E+01  -0.203377E+02
   0.973008E+02   0.960929E+02   0.338626E+01   0.179382E+00  -0.173377E+02
   0.946293E+02   0.958364E+02   0.370384E+01   0.269723E+01  -0.244882E+02
   0.963974E+02   0.950227E+02   0.375524E+01   0.867648E+00  -0.181062E+02
   0.961755E+02   0.963404E+02   0.364534E+01   0.175717E+01  -0.206252E+02
   0.971834E+02   0.959312E+02   0.251455E+01   0.231743E+00  -0.178418E+02
   0.967779E+02   0.960337E+02   0.328890E+01   0.892326E+00  -0.179503E+02
   0.940281E+02   0.971891E+02   0.286335E+01   0.176914E+00  -0.195275E+02
   0.955932E+02   0.949119E+02   0.376174E+01   0.176914E+00  -0.186159E+02
   0.949926E+02   0.958633E+02   0.310526E+01   0.176914E+00  -0.179581E+02
   0.953733E+02   0.961608E+02   0.357168E+01   0.857902E+00  -0.192273E+02
   0.948675E+02   0.963361E+02   0.255621E+01   0.152391E+00  -0.172169E+02
   0.935161E+02   0.968766E+02   0.295666E+01   0.665095E+00  -0.208512E+02
   0.966755E+02   0.965719E+02   0.385804E+01   0.259112E+01  -0.230025E+02
   0.963077E+02   0.960905E+02   0.288926E+01   0.528852E+00  -0.175612E+02
   0.961864E+02   0.959628E+02   0.352450E+01   0.399870E+00  -0.172521E+02
   0.992086E+02   0.960525E+02   0.254110E+01   0.533687E+00  -0.199433E+02
   0.966081E+02   0.964685E+02   0.338113E+01   0.371361E+00  -0.174448E+02
   0.955969E+02   0.970704E+02   0.297687E+01   0.158628E+01  -0.206980E+02
   0.942088E+02   0.945864E+02   0.326341E+01   0.894974E+00  -0.239466E+02
   0.960304E+02   0.969646E+02   0.350124E+01   0.414548E-01  -0.187931E+02
   0.964173E+02   0.966988E+02   0.349888E+01   0.477488E+00  -0.180020E+02
   0.954675E+02   0.966988E+02   0.297847E+01   0.320368E-02  -0.178320E+02
   0.948742E+02   0.959932E+02   0.308447E+01   0.337582E+00  -0.180362E+02
   0.954202E+02   0.958519E+02   0.265049E+01   0.346077E+00  -0.175891E+02
   0.923661E+02   0.962112E+02   0.286049E+01   0.129879E+01  -0.205417E+02
   0.955618E+02   0.962112E+02   0.267862E+01   0.400891E+00  -0.172941E+02
   0.955262E+02   0.963582E+02   0.283531E+01   0.400891E+00  -0.173063E+02
   0.950699E+02   0.963495E+02   0.323235E+01   0.307420E+00  -0.179736E+02
   0.953809E+02   0.964598E+02   0.251874E+01   0.307420E+00  -0.172833E+02
   0.976384E+02   0.969272E+02   0.326773E+01   0.292690E+00  -0.188897E+02
   0.965189E+02   0.956673E+02   0.256213E+01   0.482439E+00  -0.182582E+02
   0.946667E+02   0.955932E+02   0.254441E+01   0.140521E+00  -0.182391E+02
   0.975386E+02   0.952273E+02   0.332931E+01   0.140521E+00  -0.179008E+02
   0.963885E+02   0.952843E+02   0.371380E+01   0.252117E+00  -0.170897E+02
   0.968713E+02   0.967884E+02   0.282654E+01   0.259247E+00  -0.180492E+02
   0.967483E+02   0.961856E+02   0.252995E+01   0.259247E+00  -0.174050E+02
   0.962818E+02   0.951947E+02   0.364224E+01   0.110255E+01  -0.189092E+02
   0.962818E+02   0.951349E+02   0.385731E+01   0.578015E+00  -0.175165E+02
   0.958271E+02   0.952987E+02   0.292878E+01   0.516564E+00  -0.190679E+02
   0.963056E+02   0.954594E+02   0.300835E+01   0.332176E+00  -0.183650E+02
   0.970225E+02   0.972626E+02   0.366704E+01   0.266849E+00  -0.194724E+02
   0.974121E+02   0.957731E+02   0.307987E+01   0.846378E+00  -0.188700E+02
   0.952807E+02   0.961852E+02   0.376302E+01   0.839208E+00  -0.198324E+02
   0.940152E+02   0.953574E+02   0.252735E+01   0.130048E+01  -0.206496E+02
   0.958497E+02   0.967830E+02   0.281330E+01   0.740040E-01  -0.176749E+02
   0.974873E+02   0.957129E+02   0.380595E+01   0.244077E+00  -0.178019E+02
   0.913014E+02   0.973321E+02   0.273208E+01   0.498768E+00  -0.231999E+02
   0.959513E+02   0.966559E+02   0.291778E+01   0.344237E+00  -0.177004E+02
   0.964774E+02   0.964306E+02   0.362453E+01   0.475813E+00  -0.175384E+02
   0.969640E+02   0.963269E+02   0.353385E+01   0.475813E+00  -0.174869E+02
   0.964662E+02   0.961644E+02   0.289228E+01   0.475813E+00  -0.174792E+02
   0.974384E+02   0.972074E+02   0.323520E+01   0.668115E+00  -0.197996E+02
   0.971952E+02   0.960490E+02   0.334776E+01   0.789369E+00  -0.177864E+02
   0.968602E+02   0.960490E+02   0.275560E+01   0.364689E+00  -0.176345E+02
   0.929824E+02   0.960490E+02   0.285780E+01   0.161530E+00  -0.186494E+02
   0.941100E+02   0.960885E+02   0.270953E+01   0.202823E+01  -0.215553E+02
   0.950450E+02   0.958040E+02   0.290338E+01   0.316139E+00  -0.180863E+02
   0.970828E+02   0.950396E+02   0.362034E+01   0.882803E+00  -0.187057E+02
   0.971647E+02   0.978064E+02   0.270659E+01   0.355904E+01  -0.261708E+02
   0.933298E+02   0.965076E+02   0.263898E+01   0.124692E+01  -0.197861E+02
   0.949696E+02   0.956616E+02   0.276080E+01   0.332581E+00  -0.180612E+02
   0.930083E+02   0.964662E+02   0.272988E+01   0.168886E+01  -0.210004E+02
   0.961773E+02   0.969304E+02   0.327108E+01   0.725510E+00  -0.190611E+02
   0.955135E+02   0.968669E+02   0.270612E+01   0.100752E+01  -0.188972E+02
   0.957778E+02   0.963753E+02   0.278059E+01   0.640268E+00  -0.176665E+02
   0.949260E+02   0.961819E+02   0.253508E+01   0.553192E+00  -0.176128E+02
   0.962604E+02   0.948687E+02   0.350218E+01   0.553192E+00  -0.186793E+02
   0.962604E+02   0.949648E+02   0.380626E+01   0.431975E+00  -0.175089E+02
   0.967559E+02   0.948144E+02   0.344760E+01   0.367956E+00  -0.185312E+02
   0.965707E+02   0.967861E+02   0.384816E+01   0.294436E+00  -0.179725E+02
   0.965707E+02   0.954284E+02   0.357862E+01   0.861599E+00  -0.181707E+02
   0.976652E+02   0.968450E+02   0.341893E+01   0.965378E+00  -0.197246E+02
   0.974373E+02   0.948618E+02   0.333275E+01   0.305822E+00  -0.189487E+02
   0.956918E+02   0.956404E+02   0.372975E+01   0.260632E+00  -0.178477E+02
   0.963372E+02   0.965763E+02   0.333682E+01   0.408756E+00  -0.177852E+02
   0.950544E+02   0.963442E+02   0.260011E+01   0.488810E+00  -0.174792E+02
   0.976565E+02   0.963468E+02   0.320022E+01   0.550102E+00  -0.184755E+02
   0.963840E+02   0.963089E+02   0.263395E+01   0.256596E+00  -0.172593E+02
   0.964605E+02   0.970687E+02   0.376442E+01   0.735907E+00  -0.189920E+02
   0.956768E+02   0.972421E+02   0.379340E+01   0.735907E+00  -0.203359E+02
   0.956500E+02   0.958583E+02   0.347281E+01   0.153081E+01  -0.202897E+02
   0.960925E+02   0.964611E+02   0.273964E+01   0.100603E+01  -0.184998E+02
   0.964799E+02   0.968608E+02   0.355591E+01   0.141301E+00  -0.181558E+02
   0.972003E+02   0.969599E+02   0.282385E+01   0.799712E-01  -0.186552E+02
   0.949153E+02   0.953414E+02   0.283905E+01   0.875322E+00  -0.196561E+02
   0.957862E+02   0.961095E+02   0.266107E+01   0.872537E+00  -0.181797E+02
   0.966207E+02   0.961095E+02   0.254352E+01   0.432058E+00  -0.175610E+02
   0.972117E+02   0.956237E+02   0.373937E+01   0.411648E+00  -0.173963E+02
   0.950505E+02   0.954603E+02   0.319353E+01   0.551537E+00  -0.191406E+02
   0.969569E+02   0.957951E+02   0.322933E+01   0.489802E+00  -0.179828E+02
   0.975978E+02   0.968217E+02   0.351379E+01   0.111794E+01  -0.198427E+02
   0.973647E+02   0.954980E+02   0.328240E+01   0.111794E+01  -0.189048E+02
   0.956177E+02   0.946974E+02   0.384766E+01   0.195791E+01  -0.217793E+02
   0.956337E+02   0.959511E+02   0.257803E+01   0.180294E-01  -0.172471E+02
   0.976808E+02   0.964120E+02   0.361242E+01   0.312564E+00  -0.187570E+02
   0.979016E+02   0.962607E+02   0.359498E+01   0.110502E+01  -0.197078E+02
   0.957755E+02   0.950411E+02   0.323190E+01   0.865073E+00  -0.201730E+02
   0.966504E+02   0.956920E+02   0.357410E+01   0.273039E+00  -0.169591E+02
   0.979335E+02   0.963298E+02   0.324320E+01   0.497184E+00  -0.181403E+02
   0.965502E+02   0.966557E+02   0.306881E+01   0.168644E+01  -0.204875E+02
   0.970433E+02   0.961220E+02   0.262118E+01   0.846567E+00  -0.184262E+02
   0.965682E+02   0.959249E+02   0.262744E+01   0.269689E+00  -0.175675E+02
   0.976058E+02   0.966444E+02   0.270415E+01   0.205910E-01  -0.181846E+02
   0.967047E+02   0.962448E+02   0.373743E+01   0.205910E-01  -0.169625E+02
   0.947850E+02   0.963656E+02   0.362871E+01   0.149732E+01  -0.218441E+02
   0.963742E+02   0.953160E+02   0.343653E+01   0.789196E+00  -0.181875E+02
   0.956139E+02   0.955666E+02   0.325233E+01   0.789196E+00  -0.187473E+02
   0.967496E+02   0.966073E+02   0.328468E+01   0.424701E-01  -0.174788E+02
   0.980826E+02   0.959936E+02   0.359768E+01   0.689258E+00  -0.193209E+02
   0.961931E+02   0.959936E+02   0.300828E+01   0.458242E+00  -0.175179E+02
   0.979884E+02   0.960920E+02   0.283146E+01   0.768453E+00  -0.188848E+02
   0.957211E+02   0.964099E+02   0.307438E+01   0.846096E-02  -0.172940E+02
   0.976575E+02   0.949551E+02   0.338695E+01   0.175445E+00  -0.190835E+02
   0.952915E+02   0.972318E+02   0.300095E+01   0.161336E+01  -0.211003E+02
   0.962383E+02   0.957127E+02   0.381923E+01   0.493497E-01  -0.167847E+02
   0.962383E+02   0.937151E+02   0.381923E+01   0.725301E+00  -0.204132E+02
   0.969996E+02   0.956752E+02   0.346937E+01   0.782916E+00  -0.179118E+02
   0.965262E+02   0.956057E+02   0.352950E+01   0.334486E+00  -0.170893E+02
   0.972620E+02   0.961815E+02   0.309737E+01   0.710109E+00  -0.181969E+02
   0.972538E+02   0.960275E+02   0.379401E+01   0.264155E+00  -0.174474E+02
   0.973671E+02   0.957180E+02   0.384902E+01   0.494473E+00  -0.177846E+02
   0.969338E+02   0.955573E+02   0.355791E+01   0.230632E-01  -0.170202E+02
   0.974867E+02   0.974341E+02   0.256525E+01   0.496219E+00  -0.207010E+02
   0.959675E+02   0.956777E+02   0.273698E+01   0.596618E+00  -0.182623E+02
   0.959193E+02   0.958491E+02   0.261643E+01   0.596618E+00  -0.179283E+02
   0.970084E+02   0.962915E+02   0.377008E+01   0.838024E+00  -0.181903E+02
   0.933279E+02   0.969932E+02   0.287907E+01   0.167676E+01  -0.211931E+02
   0.947735E+02   0.961140E+02   0.279140E+01   0.330818E+00  -0.174087E+02
   0.969066E+02   0.960936E+02   0.372690E+01   0.523957E+00  -0.174160E+02
   0.962972E+02   0.957734E+02   0.330615E+01   0.466833E-01  -0.169471E+02
   0.962972E+02   0.956278E+02   0.323606E+01   0.546552E+00  -0.175264E+02
   0.957462E+02   0.959960E+02   0.300426E+01   0.991412E+00  -0.186079E+02
   0.949402E+02   0.954587E+02   0.312548E+01   0.130734E+01  -0.204711E+02
   0.963931E+02   0.961294E+02   0.273851E+01   0.149452E+01  -0.198623E+02
   0.972563E+02   0.955058E+02   0.330140E+01   0.637373E+00  -0.177441E+02
   0.975773E+02   0.953280E+02   0.286852E+01   0.111907E+01  -0.205428E+02
   0.964742E+02   0.961725E+02   0.311266E+01   0.908097E+00  -0.182878E+02
   0.948726E+02   0.963980E+02   0.265007E+01   0.908097E+00  -0.183100E+02
   0.960704E+02   0.963732E+02   0.261339E+01   0.907838E-01  -0.171222E+02
   0.968688E+02   0.959844E+02   0.253030E+01   0.907838E-01  -0.175297E+02
   0.991466E+02   0.962673E+02   0.273565E+01   0.301935E+00  -0.196588E+02
   0.984669E+02   0.962673E+02   0.303503E+01   0.758859E-01  -0.190868E+02
   0.963787E+02   0.951286E+02   0.293317E+01   0.135293E+01  -0.207682E+02
   0.946170E+02   0.964045E+02   0.271356E+01   0.100334E+01  -0.185994E+02
   0.931761E+02   0.965237E+02   0.271356E+01   0.537178E+00  -0.187352E+02
   0.942292E+02   0.967771E+02   0.287954E+01   0.146991E+00  -0.180866E+02
   0.971153E+02   0.974841E+02   0.347719E+01   0.813473E+00  -0.204878E+02
   0.969998E+02   0.963262E+02   0.333429E+01   0.320989E+00  -0.171339E+02
   0.968688E+02   0.963262E+02   0.281903E+01   0.320989E+00  -0.175089E+02
   0.956587E+02   0.966733E+02   0.262914E+01   0.285924E-01  -0.174308E+02
   0.956653E+02   0.953912E+02   0.327564E+01   0.634059E+00  -0.186413E+02
   0.953325E+02   0.954477E+02   0.319492E+01   0.106495E+01  -0.196993E+02
   0.955479E+02   0.958817E+02   0.292179E+01   0.644990E+00  -0.180676E+02
   0.970298E+02   0.963038E+02   0.252797E+01   0.294919E+00  -0.175667E+02
   0.980730E+02   0.960641E+02   0.317847E+01   0.169298E+00  -0.188237E+02
   0.977112E+02   0.949929E+02   0.381756E+01   0.169298E+00  -0.188366E+02
   0.961135E+02   0.958762E+02   0.351715E+01   0.103973E+00  -0.170764E+02
   0.977351E+02   0.958762E+02   0.298540E+01   0.124603E+01  -0.198255E+02
   0.959570E+02   0.957818E+02   0.269910E+01   0.496327E+00  -0.179025E+02
   0.965801E+02   0.962668E+02   0.302139E+01   0.496327E+00  -0.175323E+02
   0.965751E+02   0.962668E+02   0.312222E+01   0.502178E-01  -0.171784E+02
   0.947882E+02   0.963967E+02   0.269858E+01   0.502178E-01  -0.172437E+02
   0.972872E+02   0.958895E+02   0.330392E+01   0.360223E+00  -0.170565E+02
   0.968322E+02   0.961911E+02   0.258577E+01   0.145238E+00  -0.173762E+02
   0.965867E+02   0.960813E+02   0.255906E+01   0.492620E+00  -0.176476E+02
   0.963902E+02   0.968749E+02   0.387431E+01   0.492620E+00  -0.183638E+02
   0.959956E+02   0.947641E+02   0.387110E+01   0.101393E+01  -0.190034E+02
   0.972350E+02   0.948323E+02   0.261989E+01   0.157943E+01  -0.225015E+02
   0.957050E+02   0.966496E+02   0.292759E+01   0.296963E+00  -0.177241E+02
   0.969417E+02   0.957372E+02   0.358060E+01   0.737428E+00  -0.177558E+02
   0.922903E+02   0.952021E+02   0.286428E+01   0.173290E+01  -0.226640E+02
   0.961616E+02   0.973469E+02   0.291473E+01   0.150658E+01  -0.209086E+02
   0.954365E+02   0.956982E+02   0.326844E+01   0.102213E+00  -0.182303E+02
   0.961548E+02   0.943412E+02   0.346091E+01   0.175342E+00  -0.203638E+02
   0.956847E+02   0.968397E+02   0.343587E+01   0.149380E+01  -0.206347E+02
   0.960895E+02   0.960407E+02   0.286250E+01   0.492632E+00  -0.175501E+02
   0.969897E+02   0.956887E+02   0.359363E+01   0.296307E+00  -0.171056E+02
   0.961628E+02   0.953538E+02   0.298758E+01   0.732812E+00  -0.191042E+02
   0.957791E+02   0.954566E+02   0.383837E+01   0.496496E+00  -0.179157E+02
   0.957611E+02   0.966654E+02   0.328420E+01   0.496496E+00  -0.186640E+02
   0.925110E+02   0.961374E+02   0.284593E+01   0.451410E+00  -0.192853E+02
   0.957085E+02   0.958492E+02   0.337197E+01   0.256928E+00  -0.177546E+02
   0.966401E+02   0.957393E+02   0.270813E+01   0.163695E+00  -0.178754E+02
   0.969841E+02   0.965942E+02   0.317671E+01   0.135770E+01  -0.196784E+02
   0.944186E+02   0.960151E+02   0.284337E+01   0.257082E+00  -0.175796E+02
   0.967066E+02   0.965967E+02   0.326138E+01   0.557328E+00  -0.178433E+02
   0.954415E+02   0.965967E+02   0.256982E+01   0.135735E-02  -0.173092E+02
   0.935162E+02   0.956762E+02   0.262553E+01   0.292189E+00  -0.188189E+02
   0.966011E+02   0.963154E+02   0.360158E+01   0.302080E+00  -0.171772E+02
   0.961345E+02   0.950295E+02   0.385689E+01   0.143406E+01  -0.197083E+02
   0.970260E+02   0.967912E+02   0.329358E+01   0.116485E+01  -0.193318E+02
   0.949777E+02   0.955043E+02   0.271630E+01   0.540837E+00  -0.187019E+02
   0.953728E+02   0.967345E+02   0.299173E+01   0.540837E+00  -0.182592E+02
   0.972292E+02   0.960922E+02   0.332779E+01   0.508091E+00  -0.172672E+02
   0.972292E+02   0.961104E+02   0.316742E+01   0.508091E+00  -0.179459E+02
   0.973879E+02   0.961962E+02   0.332258E+01   0.686502E+00  -0.177422E+02
   0.970971E+02   0.950050E+02   0.330328E+01   0.418718E+00  -0.183709E+02
   0.967077E+02   0.959393E+02   0.387390E+01   0.105631E+00  -0.167146E+02
   0.967081E+02   0.955805E+02   0.387390E+01   0.238699E-01  -0.166261E+02
   0.964386E+02   0.979367E+02   0.359814E+01   0.238699E-01  -0.227323E+02
   0.988240E+02   0.967874E+02   0.323475E+01   0.256150E+01  -0.238953E+02
   0.946508E+02   0.956528E+02   0.324112E+01   0.173411E+00  -0.203286E+02
   0.955009E+02   0.962628E+02   0.310348E+01   0.950123E+00  -0.185099E+02
   0.966777E+02   0.962513E+02   0.360628E+01   0.400816E+00  -0.172410E+02
   0.968658E+02   0.957955E+02   0.254250E+01   0.893582E+00  -0.187981E+02
   0.959065E+02   0.947147E+02   0.385146E+01   0.115857E+01  -0.194733E+02
   0.976916E+02   0.958236E+02   0.284614E+01   0.186809E+00  -0.183719E+02
   0.961146E+02   0.959881E+02   0.257622E+01   0.358383E+00  -0.174404E+02
   0.982162E+02   0.954210E+02   0.265287E+01   0.904153E+00  -0.204223E+02
   0.963870E+02   0.962331E+02   0.374783E+01   0.506390E+00  -0.173837E+02
   0.965494E+02   0.958883E+02   0.336011E+01   0.518326E+00  -0.172349E+02
   0.973841E+02   0.960556E+02   0.369338E+01   0.156635E+01  -0.203296E+02
   0.973841E+02   0.965315E+02   0.307948E+01   0.562996E-01  -0.178700E+02
   0.979373E+02   0.965079E+02   0.294407E+01   0.163403E+00  -0.184770E+02
   0.965827E+02   0.951686E+02   0.336192E+01   0.555011E+00  -0.179276E+02
   0.968517E+02   0.961342E+02   0.341635E+01   0.555011E+00  -0.173955E+02
   0.968870E+02   0.969392E+02   0.344905E+01   0.418674E-01  -0.184038E+02
   0.966234E+02   0.962590E+02   0.256111E+01   0.248497E+00  -0.173321E+02
   0.956323E+02   0.955407E+02   0.316639E+01   0.165404E+00  -0.181498E+02
   0.966206E+02   0.953473E+02   0.362080E+01   0.165404E+00  -0.170423E+02
   0.944587E+02   0.956455E+02   0.285657E+01   0.654794E-01  -0.181679E+02
   0.958935E+02   0.957355E+02   0.307775E+01   0.592553E-01  -0.175999E+02
   0.960620E+02   0.956657E+02   0.386347E+01   0.223974E+00  -0.170811E+02
   0.977241E+02   0.959766E+02   0.374704E+01   0.261570E+00  -0.185625E+02
   0.937925E+02   0.957684E+02   0.262741E+01   0.834226E+00  -0.190426E+02
   0.953554E+02   0.960581E+02   0.307663E+01   0.570531E+00  -0.178944E+02
   0.976102E+02   0.957084E+02   0.274616E+01   0.152537E+00  -0.185394E+02
   0.978395E+02   0.957890E+02   0.294450E+01   0.152537E+00  -0.185066E+02
   0.936061E+02   0.956921E+02   0.260526E+01   0.163018E+00  -0.186453E+02
   0.943320E+02   0.959095E+02   0.286578E+01   0.301382E+00  -0.177928E+02
   0.972258E+02   0.953047E+02   0.326781E+01   0.328795E+00  -0.176117E+02
   0.975094E+02   0.963234E+02   0.364240E+01   0.154993E+01  -0.204429E+02
   0.989537E+02   0.954276E+02   0.286112E+01   0.370309E+00  -0.208719E+02
   0.956265E+02   0.962806E+02   0.308723E+01   0.113066E+01  -0.189013E+02
   0.954911E+02   0.954259E+02   0.335818E+01   0.377047E+00  -0.185727E+02
   0.961244E+02   0.950846E+02   0.332768E+01   0.377047E+00  -0.184203E+02
   0.977371E+02   0.959450E+02   0.333002E+01   0.123932E-02  -0.172686E+02
   0.974591E+02   0.954136E+02   0.338379E+01   0.143617E+00  -0.178113E+02
   0.955257E+02   0.957279E+02   0.257136E+01   0.678871E+00  -0.182715E+02
   0.958192E+02   0.948768E+02   0.368174E+01   0.842706E+00  -0.190069E+02
   0.924553E+02   0.966147E+02   0.287723E+01   0.438712E+00  -0.195508E+02
   0.961883E+02   0.963840E+02   0.318792E+01   0.186602E+01  -0.208902E+02
   0.956834E+02   0.960310E+02   0.296294E+01   0.726388E+00  -0.180302E+02
   0.974784E+02   0.966743E+02   0.298357E+01   0.164873E+00  -0.182141E+02
   0.944701E+02   0.967666E+02   0.308578E+01   0.728051E+00  -0.193089E+02
   0.958976E+02   0.952327E+02   0.343187E+01   0.503280E+00  -0.182489E+02
   0.962228E+02   0.952904E+02   0.344619E+01   0.843038E+00  -0.184140E+02
   0.967769E+02   0.944418E+02   0.384195E+01   0.504405E+00  -0.183609E+02
   0.951194E+02   0.962635E+02   0.256709E+01   0.112822E+01  -0.187871E+02
   0.956253E+02   0.968144E+02   0.254560E+01   0.171574E+00  -0.177653E+02
   0.953825E+02   0.966837E+02   0.319154E+01   0.115057E+01  -0.193384E+02
   0.965546E+02   0.956543E+02   0.359430E+01   0.479213E+00  -0.172437E+02
   0.956349E+02   0.961311E+02   0.268366E+01   0.306490E+00  -0.172221E+02
   0.960619E+02   0.954282E+02   0.351812E+01   0.524862E-01  -0.174149E+02
   0.968076E+02   0.959481E+02   0.254246E+01   0.362273E+00  -0.177185E+02
   0.957110E+02   0.960102E+02   0.359291E+01   0.356366E+00  -0.178485E+02
   0.946169E+02   0.968120E+02   0.258523E+01   0.327273E+00  -0.180504E+02
   0.963697E+02   0.971513E+02   0.364357E+01   0.327273E+00  -0.189872E+02
   0.973076E+02   0.958196E+02   0.374384E+01   0.301576E+00  -0.174732E+02
   0.965714E+02   0.958181E+02   0.376508E+01   0.269903E+00  -0.167538E+02
   0.956080E+02   0.957294E+02   0.351671E+01   0.269903E+00  -0.179917E+02
   0.963930E+02   0.969878E+02   0.298436E+01   0.269903E+00  -0.184366E+02
   0.957240E+02   0.965548E+02   0.301310E+01   0.558731E+00  -0.178532E+02
   0.940878E+02   0.963604E+02   0.257674E+01   0.205282E+00  -0.176297E+02
   0.935058E+02   0.959370E+02   0.257674E+01   0.711748E+00  -0.187873E+02
   0.958051E+02   0.951728E+02   0.260796E+01   0.840332E+00  -0.200875E+02
   0.961032E+02   0.963135E+02   0.369201E+01   0.834054E+00  -0.182669E+02
   0.959209E+02   0.958213E+02   0.329111E+01   0.995105E+00  -0.186563E+02
   0.956988E+02   0.956720E+02   0.309875E+01   0.356102E+00  -0.179545E+02
   0.979212E+02   0.959031E+02   0.334638E+01   0.965624E+00  -0.187810E+02
   0.959628E+02   0.957326E+02   0.382357E+01   0.585317E+00  -0.176841E+02
   0.966528E+02   0.957638E+02   0.381198E+01   0.728258E+00  -0.174863E+02
   0.965157E+02   0.949802E+02   0.251824E+01   0.171744E+01  -0.221555E+02
   0.897988E+02   0.975354E+02   0.278861E+01   0.144627E+01  -0.249983E+02
   0.949101E+02   0.964505E+02   0.277113E+01   0.523118E+00  -0.176150E+02
   0.953461E+02   0.963107E+02   0.261480E+01   0.345211E+00  -0.172465E+02
   0.944854E+02   0.954114E+02   0.282610E+01   0.345211E+00  -0.190089E+02
   0.956474E+02   0.964483E+02   0.260765E+01   0.100503E+01  -0.184625E+02
   0.975580E+02   0.956820E+02   0.331736E+01   0.408163E-02  -0.171615E+02
   0.956470E+02   0.953618E+02   0.369212E+01   0.408163E-02  -0.180152E+02
   0.970920E+02   0.960264E+02   0.385111E+01   0.673147E-02  -0.170822E+02
   0.965749E+02   0.955214E+02   0.385010E+01   0.645939E+00  -0.173147E+02
   0.964415E+02   0.960781E+02   0.363064E+01   0.645939E+00  -0.175183E+02
   0.979781E+02   0.954373E+02   0.388381E+01   0.714624E-01  -0.193499E+02
   0.938564E+02   0.982651E+02   0.379632E+01   0.246466E+01  -0.270995E+02
   0.970249E+02   0.947784E+02   0.328446E+01   0.182255E+01  -0.215492E+02
   0.936818E+02   0.958214E+02   0.295660E+01   0.260600E+00  -0.199098E+02
   0.964217E+02   0.941779E+02   0.368694E+01   0.394809E+00  -0.194456E+02
   0.969652E+02   0.970489E+02   0.377888E+01   0.546439E+00  -0.189135E+02
   0.973681E+02   0.957771E+02   0.323281E+01   0.178402E+00  -0.181018E+02
   0.962407E+02   0.962049E+02   0.294284E+01   0.450480E+00  -0.174182E+02
   0.962407E+02   0.938610E+02   0.372853E+01   0.114279E+01  -0.208816E+02
   0.958187E+02   0.965537E+02   0.274807E+01   0.150360E+01  -0.198360E+02
   0.960092E+02   0.963499E+02   0.338210E+01   0.890503E-01  -0.174955E+02
   0.981565E+02   0.952179E+02   0.342208E+01   0.121202E-01  -0.197743E+02
   0.965202E+02   0.954378E+02   0.335883E+01   0.119588E+01  -0.190127E+02
   0.979701E+02   0.975640E+02   0.270211E+01   0.124040E+01  -0.216475E+02
   0.962200E+02   0.966090E+02   0.295011E+01   0.127481E+01  -0.193194E+02
   0.977105E+02   0.958406E+02   0.261708E+01   0.363373E+00  -0.184638E+02
   0.932701E+02   0.959641E+02   0.258515E+01   0.170666E+00  -0.184448E+02
   0.969259E+02   0.959898E+02   0.306378E+01   0.632937E+00  -0.179602E+02
   0.977152E+02   0.961265E+02   0.322931E+01   0.206393E+00  -0.182367E+02
   0.977873E+02   0.954745E+02   0.298009E+01   0.414209E+00  -0.192819E+02
   0.963182E+02   0.967308E+02   0.333662E+01   0.115213E+01  -0.193103E+02
   0.986667E+02   0.965378E+02   0.333662E+01   0.463679E+00  -0.198561E+02
   0.987247E+02   0.970740E+02   0.268746E+01   0.875856E+00  -0.205849E+02
   0.950973E+02   0.957890E+02   0.271965E+01   0.442555E+00  -0.178595E+02
   0.953550E+02   0.962046E+02   0.295813E+01   0.749254E+00  -0.181581E+02
   0.973597E+02   0.958376E+02   0.384678E+01   0.534526E+00  -0.178506E+02
   0.966918E+02   0.963841E+02   0.345068E+01   0.401338E+00  -0.173630E+02
   0.954342E+02   0.964526E+02   0.273662E+01   0.170512E+00  -0.171790E+02
   0.960261E+02   0.951832E+02   0.363776E+01   0.542857E+00  -0.179897E+02
   0.972414E+02   0.964141E+02   0.293889E+01   0.884339E-01  -0.176245E+02
   0.952961E+02   0.963750E+02   0.301813E+01   0.175654E+00  -0.175378E+02
   0.938960E+02   0.963750E+02   0.253151E+01   0.519487E+00  -0.180445E+02
   0.954280E+02   0.963750E+02   0.333035E+01   0.111427E+00  -0.184962E+02
   0.971183E+02   0.960804E+02   0.283934E+01   0.246000E+00  -0.176476E+02
   0.976811E+02   0.966525E+02   0.258414E+01   0.143906E+00  -0.182792E+02
   0.985940E+02   0.962924E+02   0.282796E+01   0.468580E+00  -0.190449E+02
   0.969423E+02   0.956003E+02   0.359577E+01   0.103716E-01  -0.169876E+02
   0.971139E+02   0.956240E+02   0.323716E+01   0.251233E+00  -0.170056E+02
   0.949928E+02   0.950452E+02   0.273661E+01   0.103555E+01  -0.208415E+02
   0.972355E+02   0.965474E+02   0.329345E+01   0.369581E+00  -0.176261E+02
   0.970304E+02   0.954572E+02   0.285081E+01   0.607661E+00  -0.191894E+02
   0.975040E+02   0.964548E+02   0.295482E+01   0.863738E+00  -0.187196E+02
   0.957007E+02   0.965701E+02   0.288947E+01   0.863738E+00  -0.184017E+02
   0.975156E+02   0.956588E+02   0.316870E+01   0.138486E+01  -0.202991E+02
   0.954325E+02   0.962801E+02   0.295741E+01   0.575786E+00  -0.178189E+02
   0.979794E+02   0.950043E+02   0.330820E+01   0.503552E+00  -0.192804E+02
   0.982209E+02   0.971316E+02   0.286154E+01   0.503552E+00  -0.201211E+02
   0.975938E+02   0.956893E+02   0.254241E+01   0.503552E+00  -0.188075E+02
   0.939100E+02   0.957916E+02   0.258687E+01   0.417671E-01  -0.181531E+02
   0.942992E+02   0.957933E+02   0.254693E+01   0.267178E+00  -0.179876E+02
   0.966972E+02   0.962985E+02   0.289182E+01   0.855660E+00  -0.182171E+02
   0.963864E+02   0.948680E+02   0.291855E+01   0.451459E-02  -0.207622E+02
   0.974095E+02   0.954979E+02   0.368623E+01   0.429985E+00  -0.179665E+02
   0.963370E+02   0.960779E+02   0.349171E+01   0.354990E+00  -0.171270E+02
   0.964570E+02   0.955664E+02   0.301253E+01   0.112594E+01  -0.193899E+02
   0.973877E+02   0.948858E+02   0.344332E+01   0.151651E+00  -0.187785E+02
   0.971175E+02   0.950580E+02   0.374301E+01   0.136641E-01  -0.173623E+02
   0.965889E+02   0.958823E+02   0.332516E+01   0.938390E+00  -0.180950E+02
   0.950697E+02   0.961604E+02   0.270485E+01   0.563385E+00  -0.176030E+02
   0.974486E+02   0.955217E+02   0.373757E+01   0.129253E+00  -0.176696E+02
   0.979084E+02   0.950696E+02   0.356730E+01   0.120098E+01  -0.204207E+02
   0.959215E+02   0.961554E+02   0.389192E+01   0.925979E+00  -0.184997E+02
   0.970038E+02   0.944909E+02   0.367664E+01   0.656242E+00  -0.189917E+02
   0.939425E+02   0.965912E+02   0.263119E+01   0.119764E+00  -0.179162E+02
   0.984442E+02   0.967331E+02   0.305586E+01   0.156069E+01  -0.211436E+02
   0.958001E+02   0.956841E+02   0.359731E+01   0.517315E+00  -0.179270E+02
   0.962178E+02   0.955619E+02   0.380003E+01   0.172271E+00  -0.168610E+02
   0.967968E+02   0.960016E+02   0.388958E+01   0.172271E+00  -0.168242E+02
   0.967909E+02   0.963129E+02   0.338179E+01   0.480907E+00  -0.174022E+02
   0.981487E+02   0.962298E+02   0.295236E+01   0.232606E+00  -0.186123E+02
   0.941867E+02   0.964598E+02   0.260328E+01   0.513591E+00  -0.179083E+02
   0.974234E+02   0.953518E+02   0.327801E+01   0.358796E+00  -0.176843E+02
   0.970563E+02   0.964220E+02   0.334710E+01   0.331675E+00  -0.172944E+02
   0.979712E+02   0.962947E+02   0.270165E+01   0.283194E+00  -0.182651E+02
   0.938765E+02   0.954538E+02   0.273578E+01   0.756356E+00  -0.195879E+02
   0.929851E+02   0.960592E+02   0.271973E+01   0.115091E+01  -0.198467E+02
   0.977369E+02   0.967033E+02   0.342130E+01   0.134975E+00  -0.189688E+02
   0.959076E+02   0.948107E+02   0.355139E+01   0.611612E+00  -0.192354E+02
   0.969600E+02   0.960732E+02   0.304293E+01   0.115786E+01  -0.190546E+02
   0.960880E+02   0.964032E+02   0.310382E+01   0.123979E-01  -0.172020E+02
   0.978112E+02   0.957175E+02   0.252862E+01   0.973415E-01  -0.186767E+02
   0.950846E+02   0.967415E+02   0.282746E+01   0.973415E-01  -0.176431E+02
   0.966204E+02   0.948382E+02   0.355331E+01   0.763068E+00  -0.189106E+02
   0.941056E+02   0.969523E+02   0.281196E+01   0.440397E+00  -0.187342E+02
   0.956003E+02   0.957351E+02   0.388928E+01   0.884428E+00  -0.189161E+02
   0.954634E+02   0.968992E+02   0.327872E+01   0.421414E+00  -0.197123E+02
   0.961585E+02   0.967038E+02   0.323457E+01   0.161557E+00  -0.180746E+02
   0.935511E+02   0.965434E+02   0.279482E+01   0.308524E+00  -0.182401E+02
   0.959902E+02   0.956192E+02   0.251542E+01   0.232130E+01  -0.225243E+02
   0.982431E+02   0.973821E+02   0.255604E+01   0.116528E+01  -0.212251E+02
   0.948868E+02   0.956783E+02   0.385494E+01   0.101776E+01  -0.211132E+02
   0.976343E+02   0.963379E+02   0.328508E+01   0.616561E+00  -0.179505E+02
   0.946658E+02   0.961114E+02   0.319423E+01   0.413436E+00  -0.185712E+02
   0.982903E+02   0.961835E+02   0.277241E+01   0.413436E+00  -0.186854E+02
   0.963078E+02   0.961648E+02   0.382661E+01   0.130066E+01  -0.191845E+02
   0.971772E+02   0.961226E+02   0.370092E+01   0.118088E+01  -0.191053E+02
   0.964033E+02   0.944202E+02   0.371928E+01   0.832233E+00  -0.191889E+02
   0.977883E+02   0.962225E+02   0.292703E+01   0.832233E+00  -0.188386E+02
   0.957320E+02   0.960677E+02   0.345618E+01   0.797574E+00  -0.184685E+02
   0.962257E+02   0.959677E+02   0.330095E+01   0.290061E+00  -0.171040E+02
   0.960738E+02   0.960369E+02   0.274873E+01   0.290061E+00  -0.173150E+02
   0.965730E+02   0.965454E+02   0.347838E+01   0.190312E+00  -0.174402E+02
   0.964198E+02   0.952512E+02   0.314001E+01   0.242107E-01  -0.188301E+02
   0.962759E+02   0.959852E+02   0.366862E+01   0.574420E+00  -0.174138E+02
   0.961959E+02   0.958059E+02   0.289934E+01   0.708358E+00  -0.181279E+02
   0.964698E+02   0.976384E+02   0.342616E+01   0.149351E+01  -0.214533E+02
   0.956290E+02   0.964243E+02   0.334460E+01   0.733089E+00  -0.187319E+02
   0.939795E+02   0.964243E+02   0.284469E+01   0.571988E+00  -0.180834E+02
   0.976800E+02   0.971066E+02   0.351637E+01   0.207002E+00  -0.199822E+02
   0.974552E+02   0.959327E+02   0.253213E+01   0.443221E+00  -0.182013E+02
   0.955987E+02   0.963779E+02   0.264807E+01   0.197586E-01  -0.170758E+02
   0.966168E+02   0.967087E+02   0.382483E+01   0.262414E+00  -0.177911E+02
   0.965808E+02   0.947928E+02   0.367965E+01   0.104465E+00  -0.177160E+02
   0.965808E+02   0.963307E+02   0.371767E+01   0.149081E+00  -0.171090E+02
   0.967814E+02   0.962941E+02   0.254524E+01   0.149081E+00  -0.173468E+02
   0.945358E+02   0.958684E+02   0.284183E+01   0.262995E+00  -0.177283E+02
   0.950880E+02   0.956646E+02   0.253105E+01   0.864055E-01  -0.178912E+02
   0.962847E+02   0.966300E+02   0.320660E+01   0.135708E+01  -0.195473E+02
   0.974047E+02   0.966826E+02   0.271701E+01   0.258029E+00  -0.181579E+02
   0.999090E+02   0.972326E+02   0.288772E+01   0.250797E+01  -0.246504E+02
   0.946932E+02   0.960804E+02   0.346068E+01   0.204850E+01  -0.227337E+02
   0.964227E+02   0.941185E+02   0.370607E+01   0.598221E+00  -0.196875E+02
   0.966972E+02   0.956874E+02   0.322313E+01   0.536468E+00  -0.180774E+02
   0.966972E+02   0.963148E+02   0.329219E+01   0.536468E+00  -0.173949E+02
   0.952342E+02   0.961359E+02   0.281976E+01   0.870599E+00  -0.181845E+02
   0.949278E+02   0.971819E+02   0.273486E+01   0.888180E+00  -0.194604E+02
   0.955399E+02   0.964546E+02   0.354783E+01   0.875236E+00  -0.191742E+02
   0.970128E+02   0.944410E+02   0.387932E+01   0.274845E+00  -0.184219E+02
   0.971782E+02   0.968563E+02   0.372444E+01   0.170213E+00  -0.185561E+02
   0.966151E+02   0.972771E+02   0.292960E+01   0.103003E+01  -0.199626E+02
   0.965171E+02   0.962810E+02   0.325641E+01   0.648189E+00  -0.176052E+02
   0.976440E+02   0.966474E+02   0.279245E+01   0.877057E+00  -0.189572E+02
   0.968120E+02   0.969637E+02   0.265203E+01   0.108511E+01  -0.194106E+02
   0.968120E+02   0.956702E+02   0.313523E+01   0.435193E+00  -0.180355E+02
   0.982258E+02   0.955704E+02   0.279811E+01   0.177577E-02  -0.194802E+02
   0.956232E+02   0.962426E+02   0.301374E+01   0.141130E+00  -0.172783E+02
   0.955483E+02   0.959830E+02   0.322041E+01   0.141130E+00  -0.174695E+02
   0.929385E+02   0.965036E+02   0.274381E+01   0.844162E+00  -0.193113E+02
   0.949721E+02   0.969697E+02   0.281455E+01   0.916013E+00  -0.189802E+02
   0.945787E+02   0.971389E+02   0.264061E+01   0.762386E+00  -0.192968E+02
