res1           res2           tau1           Y1_gamma1      LogPost        
   0.100617E+03   0.114069E+03   0.567411E+01   0.336529E+01  -0.854908E+02
   0.101527E+03   0.111924E+03   0.578991E+01   0.389443E+01  -0.861148E+02
   0.100523E+03   0.115603E+03   0.580004E+01   0.343740E+01  -0.868683E+02
   0.100582E+03   0.115647E+03   0.547237E+01   0.368323E+01  -0.864607E+02
   0.100301E+03   0.113316E+03   0.557492E+01   0.403546E+01  -0.851566E+02
   0.101024E+03   0.113533E+03   0.618824E+01   0.359900E+01  -0.850571E+02
   0.101045E+03   0.115289E+03   0.634100E+01   0.426516E+01  -0.859414E+02
   0.101119E+03   0.114923E+03   0.628979E+01   0.460042E+01  -0.860579E+02
   0.100455E+03   0.110329E+03   0.576591E+01   0.441424E+01  -0.881657E+02
   0.100847E+03   0.110956E+03   0.586004E+01   0.422919E+01  -0.870791E+02
   0.101747E+03   0.112397E+03   0.633541E+01   0.385413E+01  -0.858860E+02
   0.100338E+03   0.113476E+03   0.613485E+01   0.520130E+01  -0.868897E+02
   0.101362E+03   0.114358E+03   0.582192E+01   0.414705E+01  -0.853457E+02
   0.102446E+03   0.107138E+03   0.536021E+01   0.635399E+01  -0.959209E+02
   0.100515E+03   0.113943E+03   0.580273E+01   0.435647E+01  -0.853402E+02
   0.996961E+02   0.113521E+03   0.565761E+01   0.481980E+01  -0.864988E+02
   0.101961E+03   0.114533E+03   0.622817E+01   0.424922E+01  -0.859852E+02
   0.100420E+03   0.114528E+03   0.554114E+01   0.380848E+01  -0.853068E+02
   0.100437E+03   0.114130E+03   0.579908E+01   0.443036E+01  -0.854987E+02
   0.996898E+02   0.113147E+03   0.576186E+01   0.293905E+01  -0.882044E+02
   0.100549E+03   0.114218E+03   0.578465E+01   0.340702E+01  -0.854976E+02
   0.998986E+02   0.113605E+03   0.567648E+01   0.321783E+01  -0.864582E+02
   0.100256E+03   0.114085E+03   0.630196E+01   0.397890E+01  -0.852025E+02
   0.977895E+02   0.113106E+03   0.627037E+01   0.585934E+01  -0.908822E+02
   0.102264E+03   0.114110E+03   0.609430E+01   0.391889E+01  -0.861426E+02
   0.101340E+03   0.114580E+03   0.548528E+01   0.413225E+01  -0.854330E+02
   0.100195E+03   0.112351E+03   0.559706E+01   0.452730E+01  -0.860662E+02
   0.100362E+03   0.112305E+03   0.583446E+01   0.394393E+01  -0.856060E+02
   0.101422E+03   0.113859E+03   0.616540E+01   0.393829E+01  -0.851424E+02
   0.986749E+02   0.112646E+03   0.537434E+01   0.492031E+01  -0.893086E+02
   0.995072E+02   0.112450E+03   0.577037E+01   0.437509E+01  -0.864476E+02
   0.101037E+03   0.111590E+03   0.607382E+01   0.410775E+01  -0.862379E+02
   0.100326E+03   0.112259E+03   0.592453E+01   0.354880E+01  -0.859698E+02
   0.101207E+03   0.112193E+03   0.612863E+01   0.367414E+01  -0.857834E+02
   0.969958E+02   0.114564E+03   0.634206E+01   0.510812E+01  -0.918012E+02
   0.101058E+03   0.113524E+03   0.607456E+01   0.290991E+01  -0.869796E+02
   0.100304E+03   0.116507E+03   0.551678E+01   0.400933E+01  -0.876499E+02
   0.100791E+03   0.114859E+03   0.548384E+01   0.442228E+01  -0.857450E+02
   0.101022E+03   0.117127E+03   0.553933E+01   0.416993E+01  -0.885737E+02
   0.984089E+02   0.115016E+03   0.628498E+01   0.476185E+01  -0.886244E+02
   0.100267E+03   0.115156E+03   0.555054E+01   0.419559E+01  -0.859148E+02
   0.101688E+03   0.114180E+03   0.560726E+01   0.401950E+01  -0.854480E+02
   0.102883E+03   0.114180E+03   0.548295E+01   0.344080E+01  -0.882763E+02
   0.101918E+03   0.116812E+03   0.551723E+01   0.341807E+01  -0.901604E+02
   0.101007E+03   0.116609E+03   0.629689E+01   0.413825E+01  -0.876255E+02
   0.102305E+03   0.113165E+03   0.626384E+01   0.441069E+01  -0.863642E+02
   0.100816E+03   0.111675E+03   0.554825E+01   0.343324E+01  -0.867636E+02
   0.100279E+03   0.114685E+03   0.585516E+01   0.388965E+01  -0.854699E+02
   0.996414E+02   0.115229E+03   0.634393E+01   0.387426E+01  -0.865850E+02
   0.998679E+02   0.114081E+03   0.563058E+01   0.397499E+01  -0.855298E+02
   0.996378E+02   0.112746E+03   0.577392E+01   0.492981E+01  -0.868989E+02
   0.999357E+02   0.113403E+03   0.591288E+01   0.401468E+01  -0.854170E+02
   0.100455E+03   0.112992E+03   0.582333E+01   0.305552E+01  -0.866217E+02
   0.102359E+03   0.112047E+03   0.594054E+01   0.562806E+01  -0.889053E+02
   0.100975E+03   0.113805E+03   0.630702E+01   0.382365E+01  -0.849472E+02
   0.102059E+03   0.114052E+03   0.619192E+01   0.372199E+01  -0.859228E+02
   0.995876E+02   0.112714E+03   0.576206E+01   0.481090E+01  -0.867574E+02
   0.100928E+03   0.113079E+03   0.635769E+01   0.328446E+01  -0.856831E+02
   0.100827E+03   0.111702E+03   0.633608E+01   0.295172E+01  -0.886565E+02
   0.101575E+03   0.108756E+03   0.551533E+01   0.444713E+01  -0.915834E+02
   0.101370E+03   0.112316E+03   0.629342E+01   0.359823E+01  -0.858416E+02
   0.100500E+03   0.113952E+03   0.627816E+01   0.373953E+01  -0.850546E+02
   0.100092E+03   0.114133E+03   0.611181E+01   0.398022E+01  -0.853361E+02
   0.100678E+03   0.113740E+03   0.611379E+01   0.353878E+01  -0.851208E+02
   0.100533E+03   0.113841E+03   0.567085E+01   0.351087E+01  -0.852166E+02
   0.100140E+03   0.115624E+03   0.586126E+01   0.420736E+01  -0.864632E+02
   0.101122E+03   0.114158E+03   0.637821E+01   0.391632E+01  -0.850673E+02
   0.100025E+03   0.112766E+03   0.621047E+01   0.336008E+01  -0.861925E+02
   0.103156E+03   0.113113E+03   0.574148E+01   0.536072E+01  -0.889269E+02
   0.102685E+03   0.113448E+03   0.554486E+01   0.433465E+01  -0.868416E+02
   0.100338E+03   0.112995E+03   0.602943E+01   0.411129E+01  -0.852636E+02
   0.973912E+02   0.114210E+03   0.611427E+01   0.482607E+01  -0.905999E+02
   0.982280E+02   0.111274E+03   0.625456E+01   0.403669E+01  -0.902454E+02
   0.101675E+03   0.113361E+03   0.637019E+01   0.385026E+01  -0.853483E+02
   0.100309E+03   0.113771E+03   0.573719E+01   0.369929E+01  -0.851492E+02
   0.100621E+03   0.112340E+03   0.587714E+01   0.473148E+01  -0.862258E+02
   0.102242E+03   0.115100E+03   0.599725E+01   0.360785E+01  -0.870896E+02
   0.101849E+03   0.114077E+03   0.570429E+01   0.298680E+01  -0.875468E+02
   0.100457E+03   0.115200E+03   0.588605E+01   0.436160E+01  -0.859917E+02
   0.998796E+02   0.112292E+03   0.530883E+01   0.448532E+01  -0.877813E+02
   0.100421E+03   0.111605E+03   0.615952E+01   0.448965E+01  -0.865214E+02
   0.980665E+02   0.114762E+03   0.637894E+01   0.522904E+01  -0.896102E+02
   0.100587E+03   0.112905E+03   0.562615E+01   0.448367E+01  -0.855886E+02
   0.101703E+03   0.113815E+03   0.586651E+01   0.386621E+01  -0.853632E+02
   0.102928E+03   0.111298E+03   0.593225E+01   0.388263E+01  -0.891415E+02
   0.959587E+02   0.114868E+03   0.431598E+01   0.801122E+01  -0.101902E+03
   0.100621E+03   0.112305E+03   0.638515E+01   0.551897E+01  -0.878601E+02
   0.101505E+03   0.114703E+03   0.601339E+01   0.406285E+01  -0.855727E+02
   0.994073E+02   0.112147E+03   0.616481E+01   0.504194E+01  -0.875943E+02
   0.102055E+03   0.111479E+03   0.605093E+01   0.444675E+01  -0.872000E+02
   0.986324E+02   0.112459E+03   0.605418E+01   0.476939E+01  -0.880885E+02
   0.998885E+02   0.114676E+03   0.601009E+01   0.478247E+01  -0.865279E+02
   0.100325E+03   0.111479E+03   0.557263E+01   0.339919E+01  -0.873766E+02
   0.996205E+02   0.116446E+03   0.586019E+01   0.510709E+01  -0.886647E+02
   0.100417E+03   0.114448E+03   0.549829E+01   0.396416E+01  -0.852554E+02
   0.101198E+03   0.114338E+03   0.547187E+01   0.464146E+01  -0.858631E+02
   0.102574E+03   0.116489E+03   0.602053E+01   0.476197E+01  -0.889299E+02
   0.101232E+03   0.113718E+03   0.565794E+01   0.413058E+01  -0.851193E+02
   0.100821E+03   0.112409E+03   0.552476E+01   0.413058E+01  -0.854588E+02
   0.100712E+03   0.113054E+03   0.579465E+01   0.458191E+01  -0.856688E+02
   0.100813E+03   0.114424E+03   0.614302E+01   0.390834E+01  -0.851354E+02
   0.101081E+03   0.113483E+03   0.551462E+01   0.290083E+01  -0.870412E+02
   0.993718E+02   0.114115E+03   0.573865E+01   0.376884E+01  -0.863214E+02
   0.101555E+03   0.115469E+03   0.560980E+01   0.385257E+01  -0.863319E+02
   0.101221E+03   0.112721E+03   0.631276E+01   0.397932E+01  -0.852774E+02
   0.100883E+03   0.113883E+03   0.632627E+01   0.336263E+01  -0.854020E+02
   0.100266E+03   0.115108E+03   0.576379E+01   0.443837E+01  -0.860792E+02
   0.100389E+03   0.114438E+03   0.557854E+01   0.374423E+01  -0.852976E+02
   0.100389E+03   0.114488E+03   0.600850E+01   0.454634E+01  -0.857991E+02
   0.101356E+03   0.112769E+03   0.593835E+01   0.356837E+01  -0.855075E+02
   0.101937E+03   0.111922E+03   0.590215E+01   0.369001E+01  -0.867288E+02
   0.102889E+03   0.112661E+03   0.633328E+01   0.410053E+01  -0.874537E+02
   0.999295E+02   0.112992E+03   0.575296E+01   0.410053E+01  -0.855555E+02
   0.101351E+03   0.113727E+03   0.610220E+01   0.402838E+01  -0.851151E+02
   0.101436E+03   0.114556E+03   0.581507E+01   0.389487E+01  -0.854079E+02
   0.100296E+03   0.114028E+03   0.588374E+01   0.367975E+01  -0.852216E+02
   0.102211E+03   0.112533E+03   0.544769E+01   0.386048E+01  -0.863885E+02
   0.100195E+03   0.114425E+03   0.626655E+01   0.468513E+01  -0.860733E+02
   0.101124E+03   0.114568E+03   0.576263E+01   0.317426E+01  -0.863141E+02
   0.101838E+03   0.112494E+03   0.591988E+01   0.403458E+01  -0.858855E+02
   0.988885E+02   0.114027E+03   0.632954E+01   0.435960E+01  -0.870569E+02
   0.102040E+03   0.114241E+03   0.563965E+01   0.377669E+01  -0.859209E+02
   0.101151E+03   0.114241E+03   0.628216E+01   0.330786E+01  -0.857195E+02
   0.101588E+03   0.112736E+03   0.636587E+01   0.397797E+01  -0.854950E+02
   0.100173E+03   0.111933E+03   0.599171E+01   0.305492E+01  -0.880985E+02
   0.100052E+03   0.114146E+03   0.625406E+01   0.395085E+01  -0.853694E+02
   0.100187E+03   0.112348E+03   0.616453E+01   0.395085E+01  -0.856809E+02
   0.101529E+03   0.114525E+03   0.551581E+01   0.373709E+01  -0.855121E+02
   0.100263E+03   0.111737E+03   0.617437E+01   0.388197E+01  -0.862581E+02
   0.100660E+03   0.111421E+03   0.603197E+01   0.535100E+01  -0.880233E+02
   0.100695E+03   0.113540E+03   0.590420E+01   0.357371E+01  -0.850761E+02
   0.100900E+03   0.112515E+03   0.631286E+01   0.399277E+01  -0.853307E+02
   0.100108E+03   0.112278E+03   0.553190E+01   0.518025E+01  -0.872710E+02
   0.101311E+03   0.114095E+03   0.553190E+01   0.309301E+01  -0.864081E+02
   0.100833E+03   0.110149E+03   0.579395E+01   0.454798E+01  -0.884415E+02
   0.100817E+03   0.114943E+03   0.581660E+01   0.442424E+01  -0.858012E+02
   0.997329E+02   0.114271E+03   0.552382E+01   0.373092E+01  -0.858506E+02
   0.100864E+03   0.114468E+03   0.611021E+01   0.429951E+01  -0.853924E+02
   0.101301E+03   0.114380E+03   0.633553E+01   0.363959E+01  -0.853389E+02
   0.101177E+03   0.111789E+03   0.616853E+01   0.367290E+01  -0.862399E+02
   0.101177E+03   0.115318E+03   0.627630E+01   0.374881E+01  -0.859934E+02
   0.101237E+03   0.111400E+03   0.580425E+01   0.380910E+01  -0.866598E+02
   0.100988E+03   0.112683E+03   0.596337E+01   0.470808E+01  -0.860086E+02
   0.102121E+03   0.114928E+03   0.630646E+01   0.373694E+01  -0.865281E+02
   0.100795E+03   0.114462E+03   0.563040E+01   0.444621E+01  -0.855645E+02
   0.100351E+03   0.113127E+03   0.581367E+01   0.429295E+01  -0.853658E+02
   0.989920E+02   0.114345E+03   0.581445E+01   0.461135E+01  -0.871638E+02
   0.101432E+03   0.113805E+03   0.603853E+01   0.481071E+01  -0.861382E+02
   0.101165E+03   0.116626E+03   0.556228E+01   0.571689E+01  -0.895264E+02
   0.100252E+03   0.113719E+03   0.575449E+01   0.577567E+01  -0.882941E+02
   0.994298E+02   0.114487E+03   0.605520E+01   0.473305E+01  -0.867910E+02
   0.102762E+03   0.114872E+03   0.623014E+01   0.382411E+01  -0.876008E+02
   0.101311E+03   0.111635E+03   0.564085E+01   0.408480E+01  -0.862777E+02
   0.101302E+03   0.114133E+03   0.573806E+01   0.398750E+01  -0.851497E+02
   0.991596E+02   0.112866E+03   0.592181E+01   0.393854E+01  -0.866838E+02
   0.101695E+03   0.112214E+03   0.593033E+01   0.365614E+01  -0.861555E+02
   0.999630E+02   0.111951E+03   0.604311E+01   0.490533E+01  -0.870328E+02
   0.984868E+02   0.114399E+03   0.596024E+01   0.470503E+01  -0.881294E+02
   0.999633E+02   0.112626E+03   0.591858E+01   0.370758E+01  -0.857866E+02
   0.100991E+03   0.111389E+03   0.517265E+01   0.574392E+01  -0.897356E+02
   0.101031E+03   0.111976E+03   0.536607E+01   0.491921E+01  -0.880791E+02
   0.101986E+03   0.112892E+03   0.627570E+01   0.434857E+01  -0.860083E+02
   0.100530E+03   0.113028E+03   0.571099E+01   0.463879E+01  -0.857986E+02
   0.999283E+02   0.114788E+03   0.602372E+01   0.525687E+01  -0.874506E+02
   0.100989E+03   0.112644E+03   0.604061E+01   0.311762E+01  -0.865170E+02
   0.100008E+03   0.111512E+03   0.616941E+01   0.372972E+01  -0.869147E+02
   0.997847E+02   0.113422E+03   0.593865E+01   0.458264E+01  -0.860571E+02
   0.100427E+03   0.115137E+03   0.584279E+01   0.392891E+01  -0.857540E+02
   0.986063E+02   0.114703E+03   0.597783E+01   0.385427E+01  -0.881934E+02
   0.100056E+03   0.112188E+03   0.578844E+01   0.386844E+01  -0.859446E+02
   0.100557E+03   0.111959E+03   0.549262E+01   0.447526E+01  -0.861424E+02
   0.101968E+03   0.114871E+03   0.594979E+01   0.287475E+01  -0.891114E+02
   0.101735E+03   0.113877E+03   0.630512E+01   0.352881E+01  -0.856635E+02
   0.100522E+03   0.112560E+03   0.633582E+01   0.353092E+01  -0.856084E+02
   0.999040E+02   0.113059E+03   0.620492E+01   0.341717E+01  -0.860453E+02
   0.100323E+03   0.115445E+03   0.619715E+01   0.442590E+01  -0.863224E+02
   0.995380E+02   0.111132E+03   0.547947E+01   0.478874E+01  -0.879494E+02
   0.100039E+03   0.111109E+03   0.585993E+01   0.429730E+01  -0.871821E+02
   0.100853E+03   0.111863E+03   0.578663E+01   0.497066E+01  -0.869379E+02
   0.101373E+03   0.113298E+03   0.578564E+01   0.426155E+01  -0.853237E+02
   0.101107E+03   0.111839E+03   0.578564E+01   0.425653E+01  -0.860501E+02
   0.101079E+03   0.111237E+03   0.602152E+01   0.541604E+01  -0.883183E+02
   0.101482E+03   0.110842E+03   0.592401E+01   0.376035E+01  -0.878126E+02
   0.102063E+03   0.115195E+03   0.599001E+01   0.351653E+01  -0.870701E+02
   0.102935E+03   0.113675E+03   0.619037E+01   0.507379E+01  -0.880721E+02
   0.100245E+03   0.114013E+03   0.564287E+01   0.582708E+01  -0.884501E+02
   0.100838E+03   0.114151E+03   0.575491E+01   0.381627E+01  -0.850194E+02
   0.999744E+02   0.113323E+03   0.624754E+01   0.393530E+01  -0.853806E+02
   0.100962E+03   0.112410E+03   0.562335E+01   0.471228E+01  -0.861447E+02
   0.989471E+02   0.113763E+03   0.551921E+01   0.584020E+01  -0.893054E+02
   0.101529E+03   0.112365E+03   0.532003E+01   0.316981E+01  -0.901929E+02
   0.100957E+03   0.113544E+03   0.562003E+01   0.385241E+01  -0.849341E+02
   0.102053E+03   0.112543E+03   0.599275E+01   0.415891E+01  -0.861327E+02
   0.985071E+02   0.115767E+03   0.634112E+01   0.546280E+01  -0.898390E+02
   0.984586E+02   0.111148E+03   0.603227E+01   0.461441E+01  -0.894067E+02
   0.995490E+02   0.113580E+03   0.633735E+01   0.419805E+01  -0.859130E+02
   0.100101E+03   0.113802E+03   0.557676E+01   0.499697E+01  -0.865572E+02
   0.100434E+03   0.113808E+03   0.555629E+01   0.573779E+01  -0.881550E+02
   0.101072E+03   0.111359E+03   0.532448E+01   0.357780E+01  -0.889610E+02
   0.100098E+03   0.116378E+03   0.574191E+01   0.316302E+01  -0.898240E+02
   0.101288E+03   0.116272E+03   0.547393E+01   0.447038E+01  -0.872716E+02
   0.101996E+03   0.112972E+03   0.546300E+01   0.366658E+01  -0.859679E+02
   0.100101E+03   0.112096E+03   0.556477E+01   0.409730E+01  -0.859716E+02
   0.100210E+03   0.113948E+03   0.552531E+01   0.437407E+01  -0.854939E+02
   0.100246E+03   0.115209E+03   0.633661E+01   0.402668E+01  -0.859208E+02
   0.101703E+03   0.113773E+03   0.519233E+01   0.393135E+01  -0.883742E+02
   0.101720E+03   0.114437E+03   0.577278E+01   0.421108E+01  -0.856768E+02
   0.101003E+03   0.115172E+03   0.545716E+01   0.335168E+01  -0.864044E+02
   0.999484E+02   0.113236E+03   0.556996E+01   0.303730E+01  -0.871643E+02
   0.101926E+03   0.113236E+03   0.609573E+01   0.327746E+01  -0.865178E+02
   0.102364E+03   0.113340E+03   0.557916E+01   0.411827E+01  -0.862436E+02
   0.102574E+03   0.114868E+03   0.554262E+01   0.464992E+01  -0.873086E+02
   0.101255E+03   0.113957E+03   0.554213E+01   0.394737E+01  -0.850694E+02
   0.100518E+03   0.115121E+03   0.553215E+01   0.386918E+01  -0.857138E+02
   0.983811E+02   0.115417E+03   0.598577E+01   0.481783E+01  -0.890015E+02
   0.102700E+03   0.114155E+03   0.603022E+01   0.385163E+01  -0.870139E+02
   0.101334E+03   0.113737E+03   0.623892E+01   0.388533E+01  -0.850689E+02
   0.100465E+03   0.114393E+03   0.552909E+01   0.485426E+01  -0.862535E+02
   0.100436E+03   0.110971E+03   0.636685E+01   0.474921E+01  -0.874986E+02
   0.102076E+03   0.112873E+03   0.598371E+01   0.458491E+01  -0.863749E+02
   0.994299E+02   0.113240E+03   0.581176E+01   0.565819E+01  -0.884735E+02
   0.102177E+03   0.110202E+03   0.580487E+01   0.505442E+01  -0.894426E+02
   0.100598E+03   0.112396E+03   0.603935E+01   0.524798E+01  -0.872060E+02
   0.101471E+03   0.112652E+03   0.621139E+01   0.396792E+01  -0.854530E+02
   0.968557E+02   0.114936E+03   0.535376E+01   0.641064E+01  -0.946442E+02
   0.100650E+03   0.112228E+03   0.603168E+01   0.503168E+01  -0.868322E+02
   0.101572E+03   0.114496E+03   0.626995E+01   0.370279E+01  -0.855556E+02
   0.100923E+03   0.113299E+03   0.583034E+01   0.354665E+01  -0.851308E+02
   0.100383E+03   0.113248E+03   0.523181E+01   0.460237E+01  -0.876372E+02
   0.998550E+02   0.113039E+03   0.601341E+01   0.522099E+01  -0.872227E+02
   0.100914E+03   0.113541E+03   0.548487E+01   0.347363E+01  -0.851873E+02
   0.101328E+03   0.112856E+03   0.606601E+01   0.500219E+01  -0.865802E+02
   0.100796E+03   0.111004E+03   0.478159E+01   0.361904E+01  -0.923728E+02
   0.101070E+03   0.113358E+03   0.566278E+01   0.345778E+01  -0.852674E+02
   0.999117E+02   0.110922E+03   0.522211E+01   0.533749E+01  -0.894143E+02
   0.101206E+03   0.111418E+03   0.576358E+01   0.424302E+01  -0.865321E+02
   0.101317E+03   0.110840E+03   0.630299E+01   0.442225E+01  -0.874192E+02
   0.103173E+03   0.113090E+03   0.557170E+01   0.375828E+01  -0.883141E+02
   0.997940E+02   0.115131E+03   0.564453E+01   0.409060E+01  -0.862440E+02
   0.990841E+02   0.113229E+03   0.580645E+01   0.498836E+01  -0.874619E+02
   0.101263E+03   0.113528E+03   0.545903E+01   0.448145E+01  -0.855170E+02
   0.101332E+03   0.114606E+03   0.609947E+01   0.402696E+01  -0.853942E+02
   0.101265E+03   0.111949E+03   0.557742E+01   0.376804E+01  -0.859914E+02
   0.100403E+03   0.113269E+03   0.557544E+01   0.440145E+01  -0.854377E+02
   0.100122E+03   0.116715E+03   0.624377E+01   0.467190E+01  -0.881546E+02
   0.101583E+03   0.111806E+03   0.598689E+01   0.419492E+01  -0.862864E+02
   0.101349E+03   0.115126E+03   0.625206E+01   0.454906E+01  -0.862015E+02
   0.101150E+03   0.114717E+03   0.578270E+01   0.379600E+01  -0.853872E+02
   0.100793E+03   0.112086E+03   0.571301E+01   0.340136E+01  -0.862647E+02
   0.101889E+03   0.113089E+03   0.624066E+01   0.344731E+01  -0.860966E+02
   0.992535E+02   0.113344E+03   0.633299E+01   0.396869E+01  -0.863478E+02
   0.101516E+03   0.114421E+03   0.617220E+01   0.445141E+01  -0.857613E+02
   0.992593E+02   0.116171E+03   0.598523E+01   0.457985E+01  -0.881831E+02
   0.998231E+02   0.112689E+03   0.558066E+01   0.463788E+01  -0.862962E+02
   0.100997E+03   0.115118E+03   0.616613E+01   0.324121E+01  -0.866502E+02
   0.101213E+03   0.113226E+03   0.573387E+01   0.442266E+01  -0.854549E+02
   0.100557E+03   0.112249E+03   0.557433E+01   0.511579E+01  -0.870047E+02
   0.102424E+03   0.111946E+03   0.610204E+01   0.476539E+01  -0.875182E+02
   0.999957E+02   0.113645E+03   0.619032E+01   0.372335E+01  -0.853947E+02
   0.100276E+03   0.114397E+03   0.601844E+01   0.477539E+01  -0.861777E+02
   0.100250E+03   0.114372E+03   0.625434E+01   0.499118E+01  -0.865866E+02
   0.100111E+03   0.113843E+03   0.597594E+01   0.474065E+01  -0.860748E+02
   0.100984E+03   0.113894E+03   0.629118E+01   0.392895E+01  -0.849692E+02
   0.100579E+03   0.114808E+03   0.550362E+01   0.429570E+01  -0.856053E+02
   0.100595E+03   0.112185E+03   0.635001E+01   0.413216E+01  -0.856596E+02
   0.998984E+02   0.113677E+03   0.583488E+01   0.527385E+01  -0.872505E+02
   0.102120E+03   0.111116E+03   0.484184E+01   0.441232E+01  -0.912564E+02
   0.101451E+03   0.115669E+03   0.625421E+01   0.372997E+01  -0.866203E+02
   0.101132E+03   0.110820E+03   0.546425E+01   0.522759E+01  -0.883587E+02
   0.101154E+03   0.112645E+03   0.560324E+01   0.386012E+01  -0.852900E+02
   0.998174E+02   0.112295E+03   0.635820E+01   0.350729E+01  -0.865445E+02
   0.100743E+03   0.114172E+03   0.609509E+01   0.499720E+01  -0.864292E+02
   0.101103E+03   0.114210E+03   0.621924E+01   0.458728E+01  -0.857117E+02
   0.101791E+03   0.111380E+03   0.593559E+01   0.407610E+01  -0.869512E+02
   0.102427E+03   0.115540E+03   0.550734E+01   0.398166E+01  -0.874575E+02
   0.101275E+03   0.113649E+03   0.552591E+01   0.364168E+01  -0.851162E+02
   0.994916E+02   0.114183E+03   0.626808E+01   0.370994E+01  -0.862005E+02
   0.100107E+03   0.112735E+03   0.563763E+01   0.371591E+01  -0.855640E+02
   0.100616E+03   0.113018E+03   0.635532E+01   0.377771E+01  -0.850870E+02
   0.100636E+03   0.114070E+03   0.566593E+01   0.425671E+01  -0.852266E+02
   0.100281E+03   0.111629E+03   0.587547E+01   0.361851E+01  -0.866717E+02
   0.100507E+03   0.114245E+03   0.576293E+01   0.382231E+01  -0.851210E+02
   0.996829E+02   0.113331E+03   0.578449E+01   0.442327E+01  -0.859657E+02
   0.997427E+02   0.112733E+03   0.592457E+01   0.458533E+01  -0.862751E+02
   0.101375E+03   0.114388E+03   0.606809E+01   0.307986E+01  -0.866827E+02
   0.997081E+02   0.113867E+03   0.581392E+01   0.529665E+01  -0.874363E+02
   0.996824E+02   0.112832E+03   0.623727E+01   0.401472E+01  -0.858702E+02
   0.100231E+03   0.111738E+03   0.627381E+01   0.302674E+01  -0.885227E+02
   0.100887E+03   0.113281E+03   0.597383E+01   0.277573E+01  -0.877852E+02
   0.100049E+03   0.111623E+03   0.516442E+01   0.382619E+01  -0.883135E+02
   0.998990E+02   0.115229E+03   0.619014E+01   0.403050E+01  -0.862233E+02
   0.100590E+03   0.114765E+03   0.593395E+01   0.399422E+01  -0.853910E+02
   0.100607E+03   0.113523E+03   0.549705E+01   0.425617E+01  -0.851785E+02
   0.101111E+03   0.113373E+03   0.611093E+01   0.396722E+01  -0.850045E+02
   0.101900E+03   0.114126E+03   0.605502E+01   0.424071E+01  -0.857560E+02
   0.101684E+03   0.114248E+03   0.564231E+01   0.439847E+01  -0.857499E+02
   0.100891E+03   0.114436E+03   0.571192E+01   0.365728E+01  -0.852249E+02
   0.101243E+03   0.112413E+03   0.589223E+01   0.445765E+01  -0.858379E+02
   0.101024E+03   0.112413E+03   0.559495E+01   0.311185E+01  -0.867884E+02
   0.102643E+03   0.116004E+03   0.568929E+01   0.424065E+01  -0.882859E+02
   0.101823E+03   0.112712E+03   0.625736E+01   0.385792E+01  -0.857479E+02
   0.995040E+02   0.116611E+03   0.602308E+01   0.415684E+01  -0.885035E+02
   0.100513E+03   0.113393E+03   0.626304E+01   0.409046E+01  -0.850782E+02
   0.102231E+03   0.111404E+03   0.587757E+01   0.426177E+01  -0.874267E+02
   0.100743E+03   0.111166E+03   0.635418E+01   0.509004E+01  -0.877416E+02
   0.100023E+03   0.114034E+03   0.623930E+01   0.455716E+01  -0.858673E+02
   0.101005E+03   0.115173E+03   0.610369E+01   0.444436E+01  -0.860058E+02
   0.102049E+03   0.113437E+03   0.626591E+01   0.389176E+01  -0.857655E+02
   0.992935E+02   0.113942E+03   0.599637E+01   0.610727E+01  -0.896551E+02
   0.101851E+03   0.114725E+03   0.576974E+01   0.345024E+01  -0.863990E+02
   0.996523E+02   0.111038E+03   0.636140E+01   0.443350E+01  -0.876726E+02
   0.102634E+03   0.115478E+03   0.617796E+01   0.562479E+01  -0.893304E+02
   0.100733E+03   0.114292E+03   0.639886E+01   0.275244E+01  -0.881261E+02
   0.100465E+03   0.112639E+03   0.606833E+01   0.499842E+01  -0.866051E+02
   0.100878E+03   0.112589E+03   0.604417E+01   0.427450E+01  -0.854576E+02
   0.101838E+03   0.114898E+03   0.575618E+01   0.391026E+01  -0.860082E+02
   0.995455E+02   0.114757E+03   0.609400E+01   0.351587E+01  -0.867728E+02
   0.994267E+02   0.113623E+03   0.594674E+01   0.501878E+01  -0.871016E+02
   0.995000E+02   0.112526E+03   0.632015E+01   0.464919E+01  -0.866976E+02
   0.100546E+03   0.113187E+03   0.567455E+01   0.450797E+01  -0.855532E+02
   0.100710E+03   0.112031E+03   0.579805E+01   0.428993E+01  -0.858716E+02
   0.100488E+03   0.112543E+03   0.559466E+01   0.452188E+01  -0.858259E+02
   0.101573E+03   0.113109E+03   0.593231E+01   0.344228E+01  -0.857041E+02
   0.101093E+03   0.114234E+03   0.591191E+01   0.569744E+01  -0.880881E+02
   0.100481E+03   0.114621E+03   0.581944E+01   0.388989E+01  -0.853217E+02
   0.101410E+03   0.114286E+03   0.598071E+01   0.387652E+01  -0.852529E+02
   0.100460E+03   0.113264E+03   0.592058E+01   0.520474E+01  -0.868825E+02
   0.102070E+03   0.112072E+03   0.525820E+01   0.437832E+01  -0.883524E+02
   0.996456E+02   0.114522E+03   0.623817E+01   0.424764E+01  -0.860508E+02
   0.101388E+03   0.112552E+03   0.560386E+01   0.436418E+01  -0.857121E+02
   0.987928E+02   0.115839E+03   0.571097E+01   0.517088E+01  -0.890674E+02
   0.100601E+03   0.113168E+03   0.573284E+01   0.422128E+01  -0.851991E+02
   0.101318E+03   0.112477E+03   0.557278E+01   0.476395E+01  -0.862842E+02
   0.999357E+02   0.113483E+03   0.579791E+01   0.417440E+01  -0.854832E+02
   0.100139E+03   0.114214E+03   0.550915E+01   0.469175E+01  -0.860461E+02
   0.993934E+02   0.111713E+03   0.580826E+01   0.325563E+01  -0.888956E+02
   0.996310E+02   0.111723E+03   0.549816E+01   0.454081E+01  -0.870078E+02
   0.991722E+02   0.113631E+03   0.594948E+01   0.365710E+01  -0.867674E+02
   0.101685E+03   0.114124E+03   0.607581E+01   0.355529E+01  -0.856384E+02
   0.995524E+02   0.113266E+03   0.565039E+01   0.347339E+01  -0.864057E+02
   0.987989E+02   0.113922E+03   0.596567E+01   0.426544E+01  -0.871752E+02
   0.101685E+03   0.112780E+03   0.606120E+01   0.385220E+01  -0.855655E+02
   0.102044E+03   0.114064E+03   0.595946E+01   0.388178E+01  -0.858130E+02
   0.100708E+03   0.111569E+03   0.614519E+01   0.390736E+01  -0.862773E+02
   0.100736E+03   0.113654E+03   0.585018E+01   0.490541E+01  -0.861785E+02
   0.101796E+03   0.114143E+03   0.590398E+01   0.361637E+01  -0.857008E+02
   0.101741E+03   0.112699E+03   0.579885E+01   0.420489E+01  -0.857397E+02
   0.103449E+03   0.112446E+03   0.498337E+01   0.509221E+01  -0.928081E+02
   0.102494E+03   0.113399E+03   0.603417E+01   0.384194E+01  -0.865251E+02
   0.985199E+02   0.113333E+03   0.633959E+01   0.403014E+01  -0.878608E+02
   0.101337E+03   0.114800E+03   0.562036E+01   0.390324E+01  -0.855112E+02
   0.100797E+03   0.110955E+03   0.633056E+01   0.462290E+01  -0.873174E+02
   0.992300E+02   0.114483E+03   0.619487E+01   0.530156E+01  -0.879868E+02
   0.101111E+03   0.114483E+03   0.590736E+01   0.406838E+01  -0.852543E+02
   0.101220E+03   0.114561E+03   0.516289E+01   0.436053E+01  -0.884364E+02
   0.100390E+03   0.112006E+03   0.630306E+01   0.451024E+01  -0.861971E+02
   0.100032E+03   0.113928E+03   0.552249E+01   0.347694E+01  -0.856778E+02
   0.100189E+03   0.115598E+03   0.606023E+01   0.296379E+01  -0.890593E+02
   0.101072E+03   0.114064E+03   0.561531E+01   0.320947E+01  -0.858714E+02
   0.101826E+03   0.114059E+03   0.549642E+01   0.402898E+01  -0.855492E+02
   0.102423E+03   0.113235E+03   0.585654E+01   0.331331E+01  -0.874085E+02
   0.101849E+03   0.113858E+03   0.571831E+01   0.438443E+01  -0.857868E+02
   0.994370E+02   0.114543E+03   0.610053E+01   0.382554E+01  -0.863630E+02
   0.101263E+03   0.112293E+03   0.623244E+01   0.369006E+01  -0.856985E+02
   0.100673E+03   0.111887E+03   0.563040E+01   0.394114E+01  -0.858929E+02
   0.101505E+03   0.115333E+03   0.546643E+01   0.393099E+01  -0.861044E+02
   0.100237E+03   0.114592E+03   0.617406E+01   0.421542E+01  -0.855499E+02
   0.101276E+03   0.111545E+03   0.565460E+01   0.463170E+01  -0.867542E+02
   0.993516E+02   0.111596E+03   0.535069E+01   0.392737E+01  -0.889244E+02
   0.101171E+03   0.113746E+03   0.546246E+01   0.415894E+01  -0.851207E+02
   0.100874E+03   0.114117E+03   0.594793E+01   0.349759E+01  -0.852419E+02
   0.100712E+03   0.113312E+03   0.627037E+01   0.388761E+01  -0.849669E+02
   0.100132E+03   0.111593E+03   0.572608E+01   0.530085E+01  -0.879326E+02
   0.100446E+03   0.113293E+03   0.575501E+01   0.421458E+01  -0.852134E+02
   0.100240E+03   0.113486E+03   0.566364E+01   0.416527E+01  -0.852487E+02
   0.101008E+03   0.112699E+03   0.538179E+01   0.415699E+01  -0.874172E+02
   0.100611E+03   0.112504E+03   0.590116E+01   0.319458E+01  -0.864150E+02
   0.995760E+02   0.109815E+03   0.518303E+01   0.551522E+01  -0.908574E+02
   0.998900E+02   0.112106E+03   0.618713E+01   0.375443E+01  -0.862749E+02
   0.103316E+03   0.114164E+03   0.619845E+01   0.453632E+01  -0.882325E+02
   0.102140E+03   0.114214E+03   0.612164E+01   0.429143E+01  -0.860932E+02
   0.996687E+02   0.113386E+03   0.562208E+01   0.343397E+01  -0.862604E+02
   0.102851E+03   0.114597E+03   0.596619E+01   0.461832E+01  -0.875655E+02
   0.991926E+02   0.112729E+03   0.638024E+01   0.461832E+01  -0.869417E+02
   0.101183E+03   0.115147E+03   0.571481E+01   0.371785E+01  -0.858311E+02
   0.102456E+03   0.114901E+03   0.548459E+01   0.388989E+01  -0.869335E+02
   0.101103E+03   0.112521E+03   0.558421E+01   0.341860E+01  -0.858057E+02
   0.100427E+03   0.115405E+03   0.563784E+01   0.518337E+01  -0.874310E+02
   0.100129E+03   0.115340E+03   0.617950E+01   0.418677E+01  -0.861660E+02
   0.101733E+03   0.116842E+03   0.590922E+01   0.512586E+01  -0.889457E+02
   0.101670E+03   0.113511E+03   0.553960E+01   0.374768E+01  -0.853599E+02
   0.986454E+02   0.113428E+03   0.608865E+01   0.316496E+01  -0.899233E+02
   0.999525E+02   0.112149E+03   0.577632E+01   0.389692E+01  -0.860671E+02
   0.100849E+03   0.114661E+03   0.596599E+01   0.381087E+01  -0.852865E+02
   0.101729E+03   0.112828E+03   0.568881E+01   0.433089E+01  -0.857723E+02
   0.101391E+03   0.114188E+03   0.628664E+01   0.457355E+01  -0.857854E+02
   0.100623E+03   0.111731E+03   0.547102E+01   0.402137E+01  -0.860705E+02
   0.998613E+02   0.113982E+03   0.565044E+01   0.492291E+01  -0.865809E+02
   0.101424E+03   0.114019E+03   0.571233E+01   0.392220E+01  -0.851734E+02
   0.997103E+02   0.112672E+03   0.552375E+01   0.428181E+01  -0.860220E+02
   0.100618E+03   0.114438E+03   0.589652E+01   0.444942E+01  -0.855787E+02
   0.100115E+03   0.111926E+03   0.547148E+01   0.393464E+01  -0.861290E+02
   0.101402E+03   0.113736E+03   0.579799E+01   0.393464E+01  -0.851150E+02
   0.986870E+02   0.113800E+03   0.575187E+01   0.501341E+01  -0.880277E+02
   0.101442E+03   0.111689E+03   0.580656E+01   0.488758E+01  -0.870658E+02
   0.100769E+03   0.113669E+03   0.617590E+01   0.337601E+01  -0.853537E+02
   0.100893E+03   0.113893E+03   0.555805E+01   0.355257E+01  -0.851089E+02
   0.100537E+03   0.111104E+03   0.560327E+01   0.449638E+01  -0.870523E+02
   0.100987E+03   0.113880E+03   0.634657E+01   0.438603E+01  -0.853316E+02
   0.101821E+03   0.113066E+03   0.580713E+01   0.384087E+01  -0.855824E+02
   0.101328E+03   0.112345E+03   0.560371E+01   0.470073E+01  -0.862553E+02
   0.101328E+03   0.111538E+03   0.571512E+01   0.455241E+01  -0.866884E+02
   0.998096E+02   0.113860E+03   0.557376E+01   0.481881E+01  -0.864150E+02
   0.100249E+03   0.114217E+03   0.588979E+01   0.357616E+01  -0.854236E+02
   0.995732E+02   0.115128E+03   0.565293E+01   0.442412E+01  -0.866461E+02
   0.101496E+03   0.113861E+03   0.631736E+01   0.295138E+01  -0.871260E+02
   0.995032E+02   0.113254E+03   0.598896E+01   0.469055E+01  -0.865072E+02
   0.101447E+03   0.114309E+03   0.611866E+01   0.453892E+01  -0.857992E+02
   0.999687E+02   0.116961E+03   0.557620E+01   0.542780E+01  -0.895170E+02
   0.998088E+02   0.112315E+03   0.536876E+01   0.500652E+01  -0.883234E+02
   0.101907E+03   0.116005E+03   0.590588E+01   0.428716E+01  -0.872671E+02
   0.101433E+03   0.113230E+03   0.545868E+01   0.524091E+01  -0.870469E+02
   0.102260E+03   0.114211E+03   0.633388E+01   0.408017E+01  -0.861581E+02
   0.101194E+03   0.114208E+03   0.616319E+01   0.490042E+01  -0.862899E+02
   0.998662E+02   0.116269E+03   0.624294E+01   0.327557E+01  -0.893370E+02
   0.999279E+02   0.112448E+03   0.572026E+01   0.518331E+01  -0.872929E+02
   0.100979E+03   0.112666E+03   0.550405E+01   0.416824E+01  -0.853346E+02
   0.101591E+03   0.115440E+03   0.619356E+01   0.476186E+01  -0.868682E+02
   0.995377E+02   0.115471E+03   0.598689E+01   0.394282E+01  -0.869508E+02
   0.102954E+03   0.112072E+03   0.614394E+01   0.408105E+01  -0.880361E+02
   0.997277E+02   0.112652E+03   0.550127E+01   0.373275E+01  -0.860350E+02
   0.101395E+03   0.113529E+03   0.622900E+01   0.373275E+01  -0.851353E+02
   0.989016E+02   0.114506E+03   0.556915E+01   0.400516E+01  -0.872222E+02
   0.101137E+03   0.112418E+03   0.623831E+01   0.372504E+01  -0.855045E+02
   0.101455E+03   0.113500E+03   0.562269E+01   0.319012E+01  -0.861034E+02
   0.997561E+02   0.113436E+03   0.630707E+01   0.355199E+01  -0.858931E+02
   0.100445E+03   0.111684E+03   0.621963E+01   0.274819E+01  -0.902985E+02
   0.100665E+03   0.113565E+03   0.550784E+01   0.462018E+01  -0.856620E+02
   0.100385E+03   0.112608E+03   0.591984E+01   0.381078E+01  -0.853920E+02
   0.999023E+02   0.112449E+03   0.566449E+01   0.330677E+01  -0.867765E+02
   0.100853E+03   0.112394E+03   0.570785E+01   0.464134E+01  -0.860334E+02
   0.100675E+03   0.112304E+03   0.608225E+01   0.410867E+01  -0.855370E+02
   0.103323E+03   0.113888E+03   0.624658E+01   0.494655E+01  -0.885434E+02
   0.100087E+03   0.113107E+03   0.607039E+01   0.473982E+01  -0.861331E+02
   0.100744E+03   0.116408E+03   0.612750E+01   0.504993E+01  -0.880365E+02
   0.100985E+03   0.111840E+03   0.591894E+01   0.349970E+01  -0.863868E+02
   0.100158E+03   0.113698E+03   0.586477E+01   0.423023E+01  -0.853502E+02
   0.990690E+02   0.109097E+03   0.549993E+01   0.478160E+01  -0.916421E+02
   0.101299E+03   0.112956E+03   0.461572E+01   0.474959E+01  -0.905846E+02
   0.101287E+03   0.114388E+03   0.639443E+01   0.469796E+01  -0.860037E+02
   0.999434E+02   0.115374E+03   0.573758E+01   0.415871E+01  -0.863377E+02
   0.101973E+03   0.115085E+03   0.567029E+01   0.419236E+01  -0.863326E+02
   0.101418E+03   0.113936E+03   0.603271E+01   0.385091E+01  -0.851489E+02
   0.101101E+03   0.114889E+03   0.562781E+01   0.356561E+01  -0.857057E+02
   0.100078E+03   0.112260E+03   0.638686E+01   0.443116E+01  -0.860843E+02
   0.100078E+03   0.113350E+03   0.565978E+01   0.383712E+01  -0.852897E+02
   0.100290E+03   0.112601E+03   0.559701E+01   0.376720E+01  -0.854738E+02
   0.100872E+03   0.112266E+03   0.565804E+01   0.387320E+01  -0.855190E+02
   0.102639E+03   0.114040E+03   0.611073E+01   0.507775E+01  -0.877122E+02
   0.999879E+02   0.113858E+03   0.590886E+01   0.466800E+01  -0.860321E+02
   0.100373E+03   0.112217E+03   0.596070E+01   0.435582E+01  -0.858755E+02
   0.102881E+03   0.114904E+03   0.567356E+01   0.543292E+01  -0.889354E+02
   0.100419E+03   0.113332E+03   0.629472E+01   0.388458E+01  -0.850549E+02
   0.100608E+03   0.113974E+03   0.594874E+01   0.404980E+01  -0.850490E+02
   0.102172E+03   0.115659E+03   0.594874E+01   0.350476E+01  -0.879290E+02
   0.101635E+03   0.113708E+03   0.600982E+01   0.515381E+01  -0.869252E+02
   0.102127E+03   0.113933E+03   0.575190E+01   0.450334E+01  -0.862196E+02
   0.101022E+03   0.112305E+03   0.635987E+01   0.485886E+01  -0.864646E+02
   0.101746E+03   0.114844E+03   0.578823E+01   0.394130E+01  -0.858619E+02
   0.101465E+03   0.113138E+03   0.582978E+01   0.370329E+01  -0.852812E+02
   0.100706E+03   0.115730E+03   0.537288E+01   0.370329E+01  -0.911661E+02
   0.998407E+02   0.113213E+03   0.613237E+01   0.386574E+01  -0.855547E+02
   0.101325E+03   0.113284E+03   0.586719E+01   0.425415E+01  -0.852949E+02
   0.101029E+03   0.112921E+03   0.560041E+01   0.412653E+01  -0.851931E+02
   0.999990E+02   0.116798E+03   0.597758E+01   0.392043E+01  -0.885223E+02
   0.101274E+03   0.112836E+03   0.469120E+01   0.477941E+01  -0.905065E+02
   0.101109E+03   0.113681E+03   0.637749E+01   0.386072E+01  -0.849671E+02
   0.101737E+03   0.113176E+03   0.588845E+01   0.337427E+01  -0.860081E+02
   0.995219E+02   0.113176E+03   0.611150E+01   0.426151E+01  -0.860384E+02
   0.100594E+03   0.113173E+03   0.560504E+01   0.411215E+01  -0.851118E+02
   0.999351E+02   0.113795E+03   0.555283E+01   0.382093E+01  -0.854195E+02
   0.101697E+03   0.115057E+03   0.608512E+01   0.403809E+01  -0.859878E+02
   0.996028E+02   0.113757E+03   0.630527E+01   0.371880E+01  -0.859103E+02
   0.101583E+03   0.113737E+03   0.592651E+01   0.402360E+01  -0.852687E+02
   0.101851E+03   0.115434E+03   0.548377E+01   0.382332E+01  -0.866073E+02
   0.100792E+03   0.116588E+03   0.585912E+01   0.478764E+01  -0.878956E+02
   0.101203E+03   0.112131E+03   0.561933E+01   0.478764E+01  -0.864860E+02
   0.990191E+02   0.115223E+03   0.598038E+01   0.411533E+01  -0.874668E+02
   0.100065E+03   0.113680E+03   0.605164E+01   0.374459E+01  -0.853138E+02
   0.999817E+02   0.114502E+03   0.622360E+01   0.429867E+01  -0.857510E+02
   0.100051E+03   0.111477E+03   0.577627E+01   0.528827E+01  -0.880344E+02
   0.102556E+03   0.113905E+03   0.583677E+01   0.394232E+01  -0.865948E+02
   0.101130E+03   0.115418E+03   0.589405E+01   0.394232E+01  -0.859962E+02
   0.101536E+03   0.113139E+03   0.531860E+01   0.465564E+01  -0.879021E+02
   0.101942E+03   0.113128E+03   0.515271E+01   0.394950E+01  -0.883296E+02
   0.101501E+03   0.115105E+03   0.587551E+01   0.375964E+01  -0.859471E+02
   0.100473E+03   0.112451E+03   0.545359E+01   0.530871E+01  -0.873394E+02
   0.101164E+03   0.113413E+03   0.616850E+01   0.347768E+01  -0.852616E+02
   0.102969E+03   0.110481E+03   0.632207E+01   0.419729E+01  -0.900969E+02
   0.992051E+02   0.114917E+03   0.600308E+01   0.362563E+01  -0.873561E+02
