res1           res2           tau1           Y1_gamma1      LogPost        
   0.997015E+02   0.107661E+03   0.558029E+01   0.691988E+00  -0.109505E+03
   0.995186E+02   0.107915E+03   0.573598E+01   0.872442E+00  -0.110434E+03
   0.994863E+02   0.108408E+03   0.566171E+01   0.518034E-01  -0.112959E+03
   0.996959E+02   0.108374E+03   0.562013E+01   0.484457E+00  -0.109298E+03
   0.996988E+02   0.108374E+03   0.577170E+01   0.455750E+00  -0.109378E+03
   0.997760E+02   0.107779E+03   0.554770E+01   0.588827E+00  -0.109092E+03
   0.999830E+02   0.108969E+03   0.563320E+01   0.831245E+00  -0.110931E+03
   0.999830E+02   0.107393E+03   0.548931E+01   0.152199E+00  -0.110746E+03
   0.996778E+02   0.107766E+03   0.551852E+01   0.724339E+00  -0.109481E+03
   0.995602E+02   0.108395E+03   0.566601E+01   0.663131E+00  -0.109593E+03
   0.997257E+02   0.107290E+03   0.554718E+01   0.378202E+00  -0.109982E+03
   0.997829E+02   0.107822E+03   0.568218E+01   0.467299E+00  -0.108980E+03
   0.100176E+03   0.108198E+03   0.575570E+01   0.794198E+00  -0.111859E+03
   0.995927E+02   0.108753E+03   0.556311E+01   0.126872E+01  -0.112676E+03
   0.996353E+02   0.108730E+03   0.579018E+01   0.104757E+01  -0.110882E+03
   0.993933E+02   0.108417E+03   0.564807E+01   0.314706E+00  -0.112693E+03
   0.995509E+02   0.107088E+03   0.566268E+01   0.500762E+00  -0.111361E+03
   0.998720E+02   0.107952E+03   0.577889E+01   0.233149E-01  -0.109938E+03
   0.994908E+02   0.108545E+03   0.568285E+01   0.986585E+00  -0.110926E+03
   0.997257E+02   0.108418E+03   0.570314E+01   0.909795E+00  -0.109882E+03
   0.996581E+02   0.108039E+03   0.551740E+01   0.429828E+00  -0.109160E+03
   0.995340E+02   0.109143E+03   0.552632E+01   0.922988E+00  -0.111134E+03
   0.996780E+02   0.107095E+03   0.579798E+01   0.112795E+01  -0.113281E+03
   0.999778E+02   0.107969E+03   0.566447E+01   0.992052E+00  -0.111263E+03
   0.996314E+02   0.108834E+03   0.554533E+01   0.315081E+00  -0.112137E+03
   0.994752E+02   0.107928E+03   0.555654E+01   0.922951E+00  -0.110897E+03
   0.997972E+02   0.107667E+03   0.576524E+01   0.692216E+00  -0.109519E+03
   0.997972E+02   0.107679E+03   0.566533E+01   0.357745E+00  -0.109187E+03
   0.995627E+02   0.108587E+03   0.570216E+01   0.878937E+00  -0.110141E+03
   0.993159E+02   0.107874E+03   0.565776E+01   0.107986E+01  -0.112938E+03
   0.100012E+03   0.108244E+03   0.553538E+01   0.644666E+00  -0.110047E+03
   0.100324E+03   0.107958E+03   0.579163E+01   0.111017E+01  -0.114991E+03
   0.996870E+02   0.109040E+03   0.573187E+01   0.110341E+01  -0.111447E+03
   0.996684E+02   0.107566E+03   0.553243E+01   0.663673E+00  -0.109653E+03
   0.996789E+02   0.107631E+03   0.551041E+01   0.663673E+00  -0.109512E+03
   0.997796E+02   0.107955E+03   0.574482E+01   0.597159E+00  -0.108965E+03
   0.997042E+02   0.109028E+03   0.548916E+01   0.590105E+00  -0.110657E+03
   0.995789E+02   0.107448E+03   0.576993E+01   0.297527E+00  -0.110291E+03
   0.998221E+02   0.107213E+03   0.552043E+01   0.807808E+00  -0.111087E+03
   0.998221E+02   0.108467E+03   0.550099E+01   0.100155E+01  -0.110520E+03
   0.998221E+02   0.107655E+03   0.568520E+01   0.561731E+00  -0.109290E+03
   0.998767E+02   0.107882E+03   0.554815E+01   0.276083E+00  -0.109447E+03
   0.997073E+02   0.107715E+03   0.560928E+01   0.681316E+00  -0.109383E+03
   0.997073E+02   0.107715E+03   0.552923E+01   0.335026E+00  -0.109228E+03
   0.994089E+02   0.108209E+03   0.550670E+01   0.420682E+00  -0.111331E+03
   0.997467E+02   0.108409E+03   0.559280E+01   0.646304E+00  -0.109116E+03
   0.999194E+02   0.108166E+03   0.558189E+01   0.925084E+00  -0.110424E+03
   0.996337E+02   0.108138E+03   0.567847E+01   0.753417E+00  -0.109373E+03
   0.995023E+02   0.107010E+03   0.554779E+01   0.465288E+00  -0.112090E+03
   0.995592E+02   0.106896E+03   0.570465E+01   0.485528E+00  -0.112146E+03
   0.997997E+02   0.108512E+03   0.559086E+01   0.152433E+00  -0.111288E+03
   0.997997E+02   0.108529E+03   0.574467E+01   0.358318E+00  -0.110167E+03
   0.997997E+02   0.107620E+03   0.564785E+01   0.867910E+00  -0.110362E+03
   0.995697E+02   0.108872E+03   0.573102E+01   0.549867E+00  -0.110797E+03
   0.996340E+02   0.107322E+03   0.550506E+01   0.290603E+00  -0.110272E+03
   0.997611E+02   0.108266E+03   0.576919E+01   0.602267E+00  -0.108985E+03
   0.100041E+03   0.108419E+03   0.557347E+01   0.631961E+00  -0.110417E+03
   0.995288E+02   0.108369E+03   0.563681E+01   0.690747E+00  -0.109757E+03
   0.994360E+02   0.107863E+03   0.559990E+01   0.505142E+00  -0.110606E+03
   0.994360E+02   0.107081E+03   0.559690E+01   0.413729E+00  -0.112562E+03
   0.994724E+02   0.107930E+03   0.578556E+01   0.929942E+00  -0.110947E+03
   0.993561E+02   0.108527E+03   0.572443E+01   0.415214E+00  -0.112740E+03
   0.997908E+02   0.108232E+03   0.578359E+01   0.736655E-01  -0.110393E+03
   0.997525E+02   0.108850E+03   0.549858E+01   0.423927E+00  -0.110956E+03
   0.996855E+02   0.108422E+03   0.562946E+01   0.208084E+00  -0.110763E+03
   0.994271E+02   0.108874E+03   0.577163E+01   0.121601E+01  -0.112870E+03
   0.996200E+02   0.108144E+03   0.574393E+01   0.748203E-01  -0.110663E+03
   0.998180E+02   0.108144E+03   0.556417E+01   0.710755E+00  -0.109192E+03
   0.999777E+02   0.108432E+03   0.562160E+01   0.425159E+00  -0.110381E+03
   0.997653E+02   0.108629E+03   0.573139E+01   0.781611E+00  -0.109546E+03
   0.999523E+02   0.107175E+03   0.569881E+01   0.807965E-01  -0.111205E+03
   0.997694E+02   0.108814E+03   0.567348E+01   0.411311E+00  -0.110896E+03
   0.994989E+02   0.108182E+03   0.579300E+01   0.648324E+00  -0.109857E+03
   0.996054E+02   0.108027E+03   0.557588E+01   0.852377E+00  -0.109890E+03
   0.998793E+02   0.107418E+03   0.558808E+01   0.608306E+00  -0.110040E+03
   0.998522E+02   0.108127E+03   0.569003E+01   0.572328E+00  -0.109076E+03
   0.100081E+03   0.108559E+03   0.578506E+01   0.108239E+01  -0.112263E+03
   0.998017E+02   0.107636E+03   0.552517E+01   0.270550E+00  -0.109342E+03
   0.999446E+02   0.108552E+03   0.572294E+01   0.469158E+00  -0.110271E+03
   0.995411E+02   0.107957E+03   0.552802E+01   0.151347E+00  -0.110742E+03
   0.100022E+03   0.108291E+03   0.568136E+01   0.385212E+00  -0.110610E+03
   0.999015E+02   0.107916E+03   0.566122E+01   0.397184E+00  -0.109348E+03
   0.999015E+02   0.107876E+03   0.575266E+01   0.397184E+00  -0.109351E+03
   0.996159E+02   0.107185E+03   0.579898E+01   0.460496E+00  -0.110641E+03
   0.996159E+02   0.107855E+03   0.554788E+01   0.763003E+00  -0.109652E+03
   0.998744E+02   0.107746E+03   0.569645E+01   0.669256E+00  -0.109539E+03
   0.993100E+02   0.109607E+03   0.555518E+01   0.669256E+00  -0.115329E+03
   0.100105E+03   0.108403E+03   0.572404E+01   0.110401E+01  -0.112583E+03
   0.100105E+03   0.108805E+03   0.578531E+01   0.124884E+01  -0.113698E+03
   0.998942E+02   0.108516E+03   0.565969E+01   0.129730E+01  -0.113081E+03
   0.998865E+02   0.109283E+03   0.557225E+01   0.856235E+00  -0.111191E+03
   0.997182E+02   0.108420E+03   0.578639E+01   0.813304E+00  -0.109467E+03
   0.996317E+02   0.109011E+03   0.573800E+01   0.813304E+00  -0.110338E+03
   0.997067E+02   0.107582E+03   0.579704E+01   0.225426E+00  -0.109542E+03
   0.994745E+02   0.107727E+03   0.551447E+01   0.212235E+00  -0.111171E+03
   0.997571E+02   0.107903E+03   0.550590E+01   0.726761E-01  -0.109667E+03
   0.996435E+02   0.107882E+03   0.579591E+01   0.842571E+00  -0.109878E+03
   0.996016E+02   0.108522E+03   0.566136E+01   0.704125E+00  -0.109547E+03
   0.997159E+02   0.108983E+03   0.562390E+01   0.596091E+00  -0.110460E+03
   0.100078E+03   0.107646E+03   0.564553E+01   0.583317E+00  -0.110936E+03
   0.996815E+02   0.108226E+03   0.552352E+01   0.466797E+00  -0.109163E+03
   0.996815E+02   0.108588E+03   0.563850E+01   0.108104E+01  -0.110992E+03
   0.997025E+02   0.108588E+03   0.552366E+01   0.688258E+00  -0.109374E+03
   0.998261E+02   0.107803E+03   0.559228E+01   0.525471E+00  -0.109078E+03
   0.995813E+02   0.108051E+03   0.568108E+01   0.886690E+00  -0.110115E+03
   0.995980E+02   0.107931E+03   0.573664E+01   0.503013E+00  -0.109311E+03
   0.993106E+02   0.107963E+03   0.577623E+01   0.148546E+01  -0.116206E+03
   0.997978E+02   0.108686E+03   0.553723E+01   0.118616E+01  -0.111879E+03
   0.995061E+02   0.108515E+03   0.562831E+01   0.873942E+00  -0.110342E+03
   0.996478E+02   0.107624E+03   0.565194E+01   0.716655E+00  -0.109742E+03
   0.998267E+02   0.108556E+03   0.554008E+01   0.531185E+00  -0.109560E+03
   0.997978E+02   0.106937E+03   0.566796E+01   0.618679E+00  -0.111457E+03
   0.997978E+02   0.108295E+03   0.571829E+01   0.627190E+00  -0.109052E+03
   0.100018E+03   0.108563E+03   0.565320E+01   0.106755E+01  -0.111759E+03
   0.996918E+02   0.108025E+03   0.555773E+01   0.558150E+00  -0.108950E+03
   0.996644E+02   0.108553E+03   0.579235E+01   0.558150E+00  -0.109514E+03
   0.994756E+02   0.107139E+03   0.578237E+01   0.581289E+00  -0.111719E+03
   0.995640E+02   0.108255E+03   0.574868E+01   0.733443E+00  -0.109577E+03
   0.995808E+02   0.107483E+03   0.560942E+01   0.613137E+00  -0.110038E+03
   0.998964E+02   0.108181E+03   0.577161E+01   0.211874E+00  -0.110125E+03
   0.997767E+02   0.107644E+03   0.577406E+01   0.692526E+00  -0.109533E+03
   0.997143E+02   0.107675E+03   0.557527E+01   0.554371E+00  -0.109188E+03
   0.997277E+02   0.107430E+03   0.570939E+01   0.754355E+00  -0.110180E+03
   0.100020E+03   0.107993E+03   0.570168E+01   0.836618E+00  -0.110671E+03
   0.996607E+02   0.108346E+03   0.571569E+01   0.396430E+00  -0.109650E+03
   0.994702E+02   0.108261E+03   0.575378E+01   0.681506E+00  -0.110097E+03
   0.997661E+02   0.109300E+03   0.551988E+01   0.848331E+00  -0.110951E+03
   0.100121E+03   0.108125E+03   0.578282E+01   0.794748E+00  -0.111297E+03
   0.994081E+02   0.107978E+03   0.565331E+01   0.316824E+00  -0.111641E+03
   0.998131E+02   0.108445E+03   0.565589E+01   0.539275E+00  -0.109299E+03
   0.997599E+02   0.107702E+03   0.576018E+01   0.278621E+00  -0.109257E+03
   0.997430E+02   0.107635E+03   0.578068E+01   0.199455E+00  -0.109453E+03
   0.999046E+02   0.108043E+03   0.549772E+01   0.530179E+00  -0.109269E+03
   0.100029E+03   0.108043E+03   0.568753E+01   0.988712E+00  -0.111480E+03
   0.997903E+02   0.108115E+03   0.566324E+01   0.239091E+00  -0.109595E+03
   0.996946E+02   0.107561E+03   0.569421E+01   0.184245E+00  -0.109669E+03
   0.997024E+02   0.108257E+03   0.575933E+01   0.868461E+00  -0.109684E+03
   0.999333E+02   0.107898E+03   0.551967E+01   0.639135E+00  -0.109578E+03
   0.994624E+02   0.107082E+03   0.558958E+01   0.782495E+00  -0.112263E+03
   0.992185E+02   0.108685E+03   0.574267E+01   0.102634E+01  -0.113276E+03
   0.995366E+02   0.108224E+03   0.563804E+01   0.110979E+01  -0.111572E+03
   0.995717E+02   0.108195E+03   0.554857E+01   0.412464E+00  -0.109790E+03
   0.100108E+03   0.107982E+03   0.564238E+01   0.556661E+00  -0.110925E+03
   0.998196E+02   0.108279E+03   0.564400E+01   0.533538E+00  -0.109096E+03
   0.996630E+02   0.107971E+03   0.552219E+01   0.814662E+00  -0.109625E+03
   0.998060E+02   0.107749E+03   0.558122E+01   0.132686E+00  -0.109501E+03
   0.999279E+02   0.108508E+03   0.570370E+01   0.662482E+00  -0.109728E+03
   0.996873E+02   0.107878E+03   0.574557E+01   0.631600E+00  -0.109104E+03
   0.996263E+02   0.107139E+03   0.563860E+01   0.425503E+00  -0.110777E+03
   0.100029E+03   0.107173E+03   0.552938E+01   0.740318E+00  -0.111985E+03
   0.995676E+02   0.108604E+03   0.552351E+01   0.649322E+00  -0.109826E+03
   0.997272E+02   0.107506E+03   0.572657E+01   0.573069E+00  -0.109509E+03
   0.995892E+02   0.107876E+03   0.569553E+01   0.300798E+00  -0.109793E+03
   0.997350E+02   0.108284E+03   0.572484E+01   0.105789E+01  -0.110830E+03
   0.997350E+02   0.108433E+03   0.572368E+01   0.927402E+00  -0.109978E+03
   0.999259E+02   0.107911E+03   0.567327E+01   0.786878E+00  -0.109969E+03
   0.999259E+02   0.108316E+03   0.564146E+01   0.113914E+01  -0.111855E+03
   0.100107E+03   0.108376E+03   0.558528E+01   0.343727E+00  -0.111926E+03
   0.997987E+02   0.108276E+03   0.561164E+01   0.626179E+00  -0.109042E+03
   0.999813E+02   0.108903E+03   0.560450E+01   0.319393E+00  -0.112986E+03
   0.999813E+02   0.107864E+03   0.554526E+01   0.473216E+00  -0.109798E+03
   0.995895E+02   0.108785E+03   0.566339E+01   0.396316E+00  -0.111414E+03
   0.998511E+02   0.107924E+03   0.549029E+01   0.431614E+00  -0.109101E+03
   0.997354E+02   0.108150E+03   0.569486E+01   0.823587E+00  -0.109496E+03
   0.998332E+02   0.107847E+03   0.555972E+01   0.444215E+00  -0.109061E+03
   0.995378E+02   0.108458E+03   0.577440E+01   0.995851E+00  -0.110748E+03
   0.100198E+03   0.108878E+03   0.555265E+01   0.110414E+01  -0.113503E+03
   0.998596E+02   0.109146E+03   0.570640E+01   0.109954E+01  -0.111732E+03
   0.998261E+02   0.107966E+03   0.575367E+01   0.638436E+00  -0.109105E+03
   0.998261E+02   0.108278E+03   0.578232E+01   0.829478E+00  -0.109606E+03
   0.995816E+02   0.108567E+03   0.569964E+01   0.618688E+00  -0.109736E+03
   0.100039E+03   0.108994E+03   0.568913E+01   0.100148E+01  -0.111843E+03
   0.998639E+02   0.108546E+03   0.558252E+01   0.738811E+00  -0.109572E+03
   0.999616E+02   0.107771E+03   0.568215E+01   0.673890E+00  -0.109956E+03
   0.998825E+02   0.107735E+03   0.550016E+01   0.792180E+00  -0.110021E+03
   0.998825E+02   0.108615E+03   0.571910E+01   0.930277E+00  -0.110338E+03
   0.100214E+03   0.108299E+03   0.576594E+01   0.629965E+00  -0.112272E+03
   0.997655E+02   0.108391E+03   0.565444E+01   0.861655E+00  -0.109662E+03
   0.997321E+02   0.108050E+03   0.562480E+01   0.197547E+00  -0.109643E+03
   0.996935E+02   0.108706E+03   0.563397E+01   0.888302E+00  -0.109963E+03
   0.995726E+02   0.107167E+03   0.562241E+01   0.769023E+00  -0.111321E+03
   0.994061E+02   0.108866E+03   0.575257E+01   0.832710E+00  -0.111288E+03
   0.100092E+03   0.107589E+03   0.560076E+01   0.337257E+00  -0.111289E+03
   0.998497E+02   0.107768E+03   0.549556E+01   0.337257E+00  -0.109253E+03
   0.998769E+02   0.107899E+03   0.561156E+01   0.974664E+00  -0.110784E+03
   0.999470E+02   0.108041E+03   0.575071E+01   0.459588E+00  -0.109554E+03
   0.997199E+02   0.107624E+03   0.559050E+01   0.946916E+00  -0.110760E+03
   0.998696E+02   0.108772E+03   0.558504E+01   0.702299E+00  -0.109898E+03
   0.994567E+02   0.108557E+03   0.564344E+01   0.567394E+00  -0.110729E+03
   0.996384E+02   0.107048E+03   0.578844E+01   0.105183E+01  -0.112923E+03
   0.997704E+02   0.108175E+03   0.556605E+01   0.649123E-01  -0.110229E+03
   0.997704E+02   0.108175E+03   0.576478E+01   0.626799E-01  -0.110232E+03
   0.995865E+02   0.108981E+03   0.575982E+01   0.103889E+01  -0.111162E+03
   0.998540E+02   0.107321E+03   0.550728E+01   0.509278E+00  -0.110054E+03
   0.999342E+02   0.106792E+03   0.554041E+01   0.509278E+00  -0.112556E+03
   0.996284E+02   0.108037E+03   0.551543E+01   0.964401E+00  -0.110432E+03
   0.998171E+02   0.108515E+03   0.564943E+01   0.113295E+01  -0.111454E+03
   0.995574E+02   0.108376E+03   0.564106E+01   0.359414E+00  -0.110482E+03
   0.995375E+02   0.108526E+03   0.574704E+01   0.843495E+00  -0.110091E+03
   0.998930E+02   0.108589E+03   0.573677E+01   0.433820E+00  -0.110245E+03
   0.996420E+02   0.109442E+03   0.553854E+01   0.118218E+01  -0.112564E+03
   0.993803E+02   0.108626E+03   0.570794E+01   0.668777E+00  -0.111283E+03
   0.996980E+02   0.108483E+03   0.554233E+01   0.349242E+00  -0.110128E+03
   0.996301E+02   0.108336E+03   0.549277E+01   0.786630E+00  -0.109485E+03
   0.996301E+02   0.107071E+03   0.557885E+01   0.509184E+00  -0.110997E+03
   0.997601E+02   0.107447E+03   0.556664E+01   0.572424E+00  -0.109638E+03
   0.999732E+02   0.108146E+03   0.549401E+01   0.504111E+00  -0.109735E+03
   0.999493E+02   0.108244E+03   0.570482E+01   0.829874E+00  -0.110084E+03
   0.999582E+02   0.108002E+03   0.577993E+01   0.815276E+00  -0.110177E+03
   0.998349E+02   0.107812E+03   0.573473E+01   0.578997E+00  -0.109146E+03
   0.996878E+02   0.107962E+03   0.574733E+01   0.845068E+00  -0.109738E+03
   0.998585E+02   0.107537E+03   0.563285E+01   0.412563E+00  -0.109508E+03
   0.998585E+02   0.108369E+03   0.550704E+01   0.877810E+00  -0.109914E+03
   0.995546E+02   0.107658E+03   0.551966E+01   0.434699E+00  -0.109871E+03
   0.994959E+02   0.107982E+03   0.570083E+01   0.343639E+00  -0.110482E+03
   0.997780E+02   0.107325E+03   0.567132E+01   0.539088E-01  -0.110112E+03
   0.998088E+02   0.107032E+03   0.555598E+01   0.539088E-01  -0.111204E+03
   0.995310E+02   0.108202E+03   0.560244E+01   0.854088E+00  -0.110101E+03
   0.998744E+02   0.107372E+03   0.579187E+01   0.796314E+00  -0.110746E+03
   0.999535E+02   0.108446E+03   0.556665E+01   0.107220E+00  -0.111793E+03
   0.997520E+02   0.107851E+03   0.557046E+01   0.431653E+00  -0.108973E+03
   0.995133E+02   0.108249E+03   0.567475E+01   0.577644E+00  -0.109828E+03
   0.995484E+02   0.108536E+03   0.564454E+01   0.817850E+00  -0.109973E+03
   0.999071E+02   0.107886E+03   0.551418E+01   0.374459E+00  -0.109409E+03
   0.998410E+02   0.107725E+03   0.573469E+01   0.649347E+00  -0.109405E+03
   0.994981E+02   0.109257E+03   0.554875E+01   0.801660E+00  -0.111520E+03
   0.994981E+02   0.109249E+03   0.563788E+01   0.758638E+00  -0.111585E+03
   0.996216E+02   0.107747E+03   0.560435E+01   0.935830E+00  -0.110610E+03
   0.996491E+02   0.108465E+03   0.564803E+01   0.506465E+00  -0.109530E+03
   0.996301E+02   0.108522E+03   0.579752E+01   0.666795E+00  -0.109435E+03
   0.996066E+02   0.108199E+03   0.559324E+01   0.329928E+00  -0.109904E+03
   0.100262E+03   0.107977E+03   0.556532E+01   0.785945E+00  -0.113011E+03
   0.997425E+02   0.107186E+03   0.549783E+01   0.375952E+00  -0.110310E+03
   0.997425E+02   0.107734E+03   0.577946E+01   0.599513E+00  -0.109151E+03
   0.999802E+02   0.108554E+03   0.553001E+01   0.635399E+00  -0.110120E+03
   0.999998E+02   0.107038E+03   0.554254E+01   0.312646E+00  -0.111955E+03
   0.995847E+02   0.108108E+03   0.572013E+01   0.100982E+01  -0.110779E+03
   0.993262E+02   0.108703E+03   0.572543E+01   0.100982E+01  -0.112212E+03
   0.100060E+03   0.107542E+03   0.577996E+01   0.109667E+01  -0.113105E+03
   0.996688E+02   0.108202E+03   0.554931E+01   0.277454E+00  -0.109825E+03
   0.995348E+02   0.107304E+03   0.550792E+01   0.123207E+01  -0.113885E+03
   0.997953E+02   0.107695E+03   0.573392E+01   0.189931E+00  -0.109415E+03
   0.998459E+02   0.107851E+03   0.571044E+01   0.613000E+00  -0.109194E+03
   0.100154E+03   0.107218E+03   0.557226E+01   0.317493E+00  -0.113057E+03
   0.998977E+02   0.107064E+03   0.561991E+01   0.103023E+01  -0.112979E+03
   0.994077E+02   0.107137E+03   0.575250E+01   0.872567E+00  -0.112759E+03
   0.995250E+02   0.107815E+03   0.571836E+01   0.883103E+00  -0.110571E+03
   0.996982E+02   0.108285E+03   0.578058E+01   0.852720E+00  -0.109611E+03
   0.996982E+02   0.107505E+03   0.570157E+01   0.193978E+00  -0.109726E+03
   0.996071E+02   0.107764E+03   0.556022E+01   0.410488E+00  -0.109462E+03
   0.996071E+02   0.108708E+03   0.554692E+01   0.838052E+00  -0.109964E+03
   0.995646E+02   0.107282E+03   0.551590E+01   0.417034E-01  -0.111228E+03
   0.996704E+02   0.107496E+03   0.568803E+01   0.101773E+00  -0.109966E+03
   0.995600E+02   0.108294E+03   0.551220E+01   0.531072E+00  -0.109636E+03
   0.997822E+02   0.108635E+03   0.562273E+01   0.650885E+00  -0.109450E+03
   0.996938E+02   0.108255E+03   0.564914E+01   0.699521E+00  -0.109119E+03
   0.996232E+02   0.108733E+03   0.574058E+01   0.874031E+00  -0.110056E+03
   0.996232E+02   0.108573E+03   0.549108E+01   0.482923E+00  -0.109965E+03
   0.994031E+02   0.108462E+03   0.562572E+01   0.789662E+00  -0.110819E+03
   0.993590E+02   0.107967E+03   0.562987E+01   0.789662E+00  -0.111270E+03
   0.995524E+02   0.108529E+03   0.560204E+01   0.104290E+01  -0.110990E+03
   0.997243E+02   0.107854E+03   0.578914E+01   0.269990E+00  -0.109277E+03
   0.997168E+02   0.108856E+03   0.555070E+01   0.474115E+00  -0.110661E+03
   0.997231E+02   0.107508E+03   0.551872E+01   0.940926E-01  -0.109773E+03
   0.997895E+02   0.106995E+03   0.549493E+01   0.235491E+00  -0.111214E+03
   0.998605E+02   0.108258E+03   0.563433E+01   0.512867E+00  -0.109212E+03
   0.996188E+02   0.107958E+03   0.568677E+01   0.623291E+00  -0.109223E+03
   0.997193E+02   0.108295E+03   0.576239E+01   0.612469E+00  -0.109016E+03
   0.997193E+02   0.107754E+03   0.554325E+01   0.128888E+00  -0.109563E+03
   0.995458E+02   0.107754E+03   0.552861E+01   0.752617E+00  -0.110034E+03
   0.997416E+02   0.108411E+03   0.551708E+01   0.717340E+00  -0.109200E+03
   0.996095E+02   0.107925E+03   0.577925E+01   0.977139E+00  -0.110664E+03
   0.996229E+02   0.107908E+03   0.551841E+01   0.850176E+00  -0.109936E+03
   0.997495E+02   0.108648E+03   0.555493E+01   0.809214E+00  -0.109627E+03
   0.993796E+02   0.108713E+03   0.569882E+01   0.535054E+00  -0.112077E+03
   0.997142E+02   0.108509E+03   0.556204E+01   0.415960E+00  -0.109822E+03
   0.999511E+02   0.109033E+03   0.572893E+01   0.762468E+00  -0.110840E+03
   0.100030E+03   0.108511E+03   0.564323E+01   0.778803E+00  -0.110536E+03
   0.995203E+02   0.108363E+03   0.554866E+01   0.691245E+00  -0.109806E+03
   0.999061E+02   0.108215E+03   0.562218E+01   0.300776E+00  -0.109920E+03
   0.997643E+02   0.106999E+03   0.557189E+01   0.568140E+00  -0.111096E+03
   0.997500E+02   0.109871E+03   0.579621E+01   0.487817E+00  -0.116635E+03
   0.997500E+02   0.107821E+03   0.576824E+01   0.145653E+00  -0.109496E+03
   0.995660E+02   0.108268E+03   0.573208E+01   0.234169E-01  -0.111563E+03
   0.997037E+02   0.108659E+03   0.551585E+01   0.689649E+00  -0.109481E+03
   0.997681E+02   0.108617E+03   0.563389E+01   0.645505E+00  -0.109408E+03
   0.996268E+02   0.108540E+03   0.576083E+01   0.628897E+00  -0.109490E+03
   0.995106E+02   0.107641E+03   0.561479E+01   0.594275E+00  -0.110138E+03
   0.999449E+02   0.108497E+03   0.570302E+01   0.109407E+01  -0.111556E+03
   0.997659E+02   0.108668E+03   0.549465E+01   0.603062E+00  -0.109556E+03
   0.995284E+02   0.108142E+03   0.556187E+01   0.591697E+00  -0.109658E+03
   0.100146E+03   0.108048E+03   0.569965E+01   0.288236E+00  -0.112062E+03
   0.997618E+02   0.108068E+03   0.553963E+01   0.740054E+00  -0.109221E+03
   0.997618E+02   0.107370E+03   0.554540E+01   0.527558E+00  -0.109771E+03
   0.997088E+02   0.108053E+03   0.554950E+01   0.676605E+00  -0.109061E+03
   0.998885E+02   0.108727E+03   0.563057E+01   0.780010E+00  -0.109961E+03
   0.992857E+02   0.108937E+03   0.566798E+01   0.981667E+00  -0.112693E+03
   0.996363E+02   0.108216E+03   0.554793E+01   0.857126E+00  -0.109736E+03
   0.998857E+02   0.108328E+03   0.554793E+01   0.278399E+00  -0.110193E+03
   0.998857E+02   0.107623E+03   0.567123E+01   0.736017E-01  -0.109830E+03
   0.998277E+02   0.107673E+03   0.576820E+01   0.398744E+00  -0.109215E+03
   0.998746E+02   0.107482E+03   0.557077E+01   0.149775E+00  -0.109889E+03
   0.999828E+02   0.107752E+03   0.554117E+01   0.149775E+00  -0.110330E+03
   0.998123E+02   0.108353E+03   0.554548E+01   0.785256E+00  -0.109421E+03
   0.994772E+02   0.108525E+03   0.579428E+01   0.600925E+00  -0.110387E+03
   0.992243E+02   0.108691E+03   0.555359E+01   0.780898E+00  -0.112984E+03
   0.998622E+02   0.107873E+03   0.556642E+01   0.321400E+00  -0.109299E+03
   0.997177E+02   0.107762E+03   0.579057E+01   0.558924E+00  -0.109076E+03
   0.997264E+02   0.107776E+03   0.569202E+01   0.164597E+00  -0.109487E+03
   0.997264E+02   0.107776E+03   0.559920E+01   0.508428E+00  -0.109020E+03
   0.998098E+02   0.107519E+03   0.576720E+01   0.337844E+00  -0.109451E+03
   0.996163E+02   0.108362E+03   0.573300E+01   0.978854E+00  -0.110399E+03
   0.998524E+02   0.107958E+03   0.572695E+01   0.460028E+00  -0.109079E+03
   0.996876E+02   0.107804E+03   0.575130E+01   0.709756E+00  -0.109370E+03
   0.995074E+02   0.108109E+03   0.578508E+01   0.440539E+00  -0.110103E+03
   0.100068E+03   0.107971E+03   0.576030E+01   0.686648E+00  -0.110618E+03
   0.997375E+02   0.107792E+03   0.562977E+01   0.542356E+00  -0.109015E+03
   0.996891E+02   0.107697E+03   0.555549E+01   0.643039E-01  -0.109742E+03
   0.997433E+02   0.108539E+03   0.574315E+01   0.432857E+00  -0.109796E+03
   0.998437E+02   0.107997E+03   0.553773E+01   0.736954E+00  -0.109392E+03
   0.997315E+02   0.107892E+03   0.554783E+01   0.494309E+00  -0.108933E+03
   0.993518E+02   0.108491E+03   0.553115E+01   0.793675E+00  -0.111311E+03
   0.999489E+02   0.109617E+03   0.548871E+01   0.927726E+00  -0.112467E+03
   0.999489E+02   0.108863E+03   0.573634E+01   0.133377E+01  -0.113646E+03
   0.998126E+02   0.107878E+03   0.566292E+01   0.732460E-01  -0.109651E+03
   0.999283E+02   0.107381E+03   0.579885E+01   0.841493E+00  -0.111158E+03
   0.100006E+03   0.108518E+03   0.559157E+01   0.852637E+00  -0.110578E+03
   0.998013E+02   0.108502E+03   0.572707E+01   0.597820E+00  -0.109291E+03
   0.996175E+02   0.108159E+03   0.560396E+01   0.605779E+00  -0.109187E+03
   0.100172E+03   0.109725E+03   0.576503E+01   0.764121E+00  -0.115122E+03
   0.999617E+02   0.108427E+03   0.563506E+01   0.764121E+00  -0.109983E+03
   0.994678E+02   0.107948E+03   0.560327E+01   0.113857E+01  -0.112300E+03
   0.998537E+02   0.107661E+03   0.558903E+01   0.897718E+00  -0.110579E+03
   0.996354E+02   0.108343E+03   0.576599E+01   0.895292E+00  -0.109903E+03
   0.997312E+02   0.107462E+03   0.571895E+01   0.209703E+00  -0.109702E+03
   0.996510E+02   0.107905E+03   0.560458E+01   0.608835E+00  -0.109132E+03
   0.998813E+02   0.109544E+03   0.561892E+01   0.685186E+00  -0.112522E+03
   0.999181E+02   0.109089E+03   0.558199E+01   0.111913E+01  -0.111976E+03
   0.997006E+02   0.107971E+03   0.571937E+01   0.420097E+00  -0.109035E+03
   0.995583E+02   0.108628E+03   0.552867E+01   0.810683E+00  -0.109993E+03
   0.100011E+03   0.107201E+03   0.574231E+01   0.220187E+00  -0.111498E+03
   0.998070E+02   0.107191E+03   0.570911E+01   0.177108E+00  -0.110465E+03
   0.995852E+02   0.108041E+03   0.571166E+01   0.293944E+00  -0.109956E+03
   0.998234E+02   0.107687E+03   0.572143E+01   0.359801E+00  -0.109220E+03
   0.999809E+02   0.107687E+03   0.549346E+01   0.508663E-01  -0.110430E+03
   0.998268E+02   0.108622E+03   0.569117E+01   0.893229E+00  -0.110009E+03
   0.995519E+02   0.108728E+03   0.551321E+01   0.488107E+00  -0.110790E+03
   0.100017E+03   0.107919E+03   0.572708E+01   0.293510E+00  -0.110382E+03
   0.997895E+02   0.108381E+03   0.570691E+01   0.477820E+00  -0.109287E+03
   0.997632E+02   0.108126E+03   0.569680E+01   0.677414E+00  -0.109038E+03
   0.996032E+02   0.109526E+03   0.555525E+01   0.750653E+00  -0.112078E+03
   0.998117E+02   0.107658E+03   0.555183E+01   0.158107E+00  -0.109500E+03
   0.998155E+02   0.108511E+03   0.564297E+01   0.950776E+00  -0.110213E+03
   0.995044E+02   0.109176E+03   0.578528E+01   0.848376E+00  -0.111249E+03
   0.995044E+02   0.107819E+03   0.572590E+01   0.651558E+00  -0.109985E+03
   0.999096E+02   0.107940E+03   0.549335E+01   0.377146E+00  -0.109423E+03
   0.999481E+02   0.107940E+03   0.575648E+01   0.510643E+00  -0.109527E+03
   0.995525E+02   0.108418E+03   0.554948E+01   0.575274E+00  -0.109745E+03
   0.994092E+02   0.107463E+03   0.565349E+01   0.955033E+00  -0.112239E+03
   0.996651E+02   0.107912E+03   0.569359E+01   0.204566E+00  -0.109659E+03
   0.996470E+02   0.107738E+03   0.550623E+01   0.496565E+00  -0.109236E+03
   0.998555E+02   0.108726E+03   0.562082E+01   0.366942E+00  -0.110994E+03
   0.995738E+02   0.108292E+03   0.576161E+01   0.343734E+00  -0.110243E+03
   0.995286E+02   0.107816E+03   0.563999E+01   0.598768E+00  -0.109781E+03
   0.994651E+02   0.108377E+03   0.549670E+01   0.100573E+01  -0.111146E+03
   0.999434E+02   0.108681E+03   0.560355E+01   0.949886E+00  -0.110732E+03
   0.996873E+02   0.109218E+03   0.558504E+01   0.635607E+00  -0.111172E+03
   0.999363E+02   0.108953E+03   0.562523E+01   0.896593E+00  -0.110794E+03
   0.995426E+02   0.108527E+03   0.555788E+01   0.724633E+00  -0.109838E+03
   0.993861E+02   0.108562E+03   0.577229E+01   0.708869E+00  -0.111060E+03
   0.996776E+02   0.108328E+03   0.556340E+01   0.383739E+00  -0.109607E+03
   0.995868E+02   0.108359E+03   0.568022E+01   0.677131E+00  -0.109442E+03
   0.998012E+02   0.108052E+03   0.560692E+01   0.431428E+00  -0.109014E+03
   0.997382E+02   0.107865E+03   0.571707E+01   0.851029E+00  -0.109847E+03
   0.992923E+02   0.108068E+03   0.563912E+01   0.894056E+00  -0.112110E+03
   0.999264E+02   0.107918E+03   0.554907E+01   0.523149E+00  -0.109404E+03
   0.100101E+03   0.108451E+03   0.579493E+01   0.486454E+00  -0.111380E+03
   0.996592E+02   0.107373E+03   0.551352E+01   0.394383E+00  -0.109904E+03
   0.996243E+02   0.108225E+03   0.561169E+01   0.282815E-01  -0.110947E+03
   0.995361E+02   0.107989E+03   0.563708E+01   0.775070E+00  -0.109901E+03
   0.994516E+02   0.109063E+03   0.569780E+01   0.715211E+00  -0.111483E+03
   0.995652E+02   0.107948E+03   0.571250E+01   0.366707E+00  -0.109785E+03
   0.995256E+02   0.107615E+03   0.566870E+01   0.269947E+00  -0.110527E+03
   0.997052E+02   0.107832E+03   0.579036E+01   0.291069E+00  -0.109268E+03
   0.994992E+02   0.108083E+03   0.562656E+01   0.477101E+00  -0.110050E+03
   0.997620E+02   0.107904E+03   0.561505E+01   0.664489E+00  -0.109109E+03
   0.997356E+02   0.108190E+03   0.572264E+01   0.478487E+00  -0.109015E+03
   0.996285E+02   0.108728E+03   0.564022E+01   0.615535E+00  -0.109866E+03
   0.996285E+02   0.107339E+03   0.566201E+01   0.771142E+00  -0.110625E+03
   0.998242E+02   0.107963E+03   0.554476E+01   0.247213E+00  -0.109403E+03
   0.997468E+02   0.108902E+03   0.558755E+01   0.733234E+00  -0.109933E+03
   0.999750E+02   0.108091E+03   0.576627E+01   0.901272E+00  -0.110616E+03
   0.999157E+02   0.107742E+03   0.554632E+01   0.108601E+01  -0.111930E+03
   0.993245E+02   0.107405E+03   0.567240E+01   0.105719E+01  -0.113546E+03
   0.994217E+02   0.107576E+03   0.572609E+01   0.920633E+00  -0.111752E+03
   0.994217E+02   0.108184E+03   0.570316E+01   0.798311E+00  -0.110625E+03
   0.998469E+02   0.108435E+03   0.573902E+01   0.496830E+00  -0.109458E+03
   0.999071E+02   0.107559E+03   0.566102E+01   0.104205E+00  -0.109972E+03
   0.997285E+02   0.107909E+03   0.568114E+01   0.545779E+00  -0.108934E+03
   0.997303E+02   0.107286E+03   0.570802E+01   0.833013E-02  -0.110287E+03
   0.995777E+02   0.108456E+03   0.560094E+01   0.194321E+00  -0.111607E+03
   0.995095E+02   0.108899E+03   0.574925E+01   0.815614E+00  -0.110623E+03
   0.992529E+02   0.108397E+03   0.549772E+01   0.108151E+01  -0.113125E+03
   0.999592E+02   0.107805E+03   0.574229E+01   0.554849E+00  -0.109701E+03
   0.999832E+02   0.108159E+03   0.570574E+01   0.477202E+00  -0.109854E+03
   0.999458E+02   0.107785E+03   0.560571E+01   0.870883E+00  -0.110608E+03
   0.999458E+02   0.108756E+03   0.570141E+01   0.474923E+00  -0.110868E+03
   0.995361E+02   0.107617E+03   0.579586E+01   0.450857E+00  -0.110045E+03
   0.995361E+02   0.108224E+03   0.550559E+01   0.353882E+00  -0.110352E+03
   0.995470E+02   0.107551E+03   0.565215E+01   0.521794E+00  -0.110034E+03
   0.997298E+02   0.108559E+03   0.562606E+01   0.944365E+00  -0.110107E+03
   0.995273E+02   0.108679E+03   0.555025E+01   0.775775E+00  -0.110146E+03
   0.994850E+02   0.107444E+03   0.571064E+01   0.774326E+00  -0.111042E+03
   0.998436E+02   0.108215E+03   0.574362E+01   0.165125E+00  -0.110175E+03
   0.998436E+02   0.108082E+03   0.561751E+01   0.410487E+00  -0.109162E+03
   0.999196E+02   0.107897E+03   0.571984E+01   0.862659E+00  -0.110299E+03
   0.996835E+02   0.108209E+03   0.552129E+01   0.542917E+00  -0.109026E+03
   0.994479E+02   0.108425E+03   0.570762E+01   0.790579E+00  -0.110444E+03
   0.997624E+02   0.107722E+03   0.567005E+01   0.329415E+00  -0.109164E+03
   0.997624E+02   0.108408E+03   0.577540E+01   0.542983E+00  -0.109174E+03
   0.995638E+02   0.107046E+03   0.563809E+01   0.434137E+00  -0.111500E+03
   0.998057E+02   0.108372E+03   0.556338E+01   0.352603E+00  -0.109737E+03
   0.998057E+02   0.108480E+03   0.562964E+01   0.219925E+00  -0.110792E+03
   0.996133E+02   0.107848E+03   0.577710E+01   0.680532E+00  -0.109429E+03
   0.997630E+02   0.107977E+03   0.573974E+01   0.649480E+00  -0.109027E+03
   0.997287E+02   0.107838E+03   0.549468E+01   0.461230E+00  -0.108974E+03
   0.995328E+02   0.107641E+03   0.557820E+01   0.464878E+00  -0.110019E+03
   0.995753E+02   0.107925E+03   0.564821E+01   0.460003E+00  -0.109496E+03
   0.997269E+02   0.108575E+03   0.571231E+01   0.705307E+00  -0.109349E+03
   0.100144E+03   0.108323E+03   0.561032E+01   0.831979E+00  -0.111602E+03
   0.997356E+02   0.108286E+03   0.564529E+01   0.230129E+00  -0.110063E+03
   0.997657E+02   0.107454E+03   0.560913E+01   0.545420E+00  -0.109585E+03
   0.100023E+03   0.109582E+03   0.568546E+01   0.985520E+00  -0.112860E+03
   0.999417E+02   0.108896E+03   0.578835E+01   0.786454E+00  -0.110498E+03
   0.995584E+02   0.107572E+03   0.564804E+01   0.421566E+00  -0.109992E+03
   0.994653E+02   0.108356E+03   0.579785E+01   0.532472E+00  -0.110439E+03
   0.999475E+02   0.109947E+03   0.555494E+01   0.625903E+00  -0.115669E+03
   0.998054E+02   0.107591E+03   0.552160E+01   0.631407E+00  -0.109498E+03
   0.997352E+02   0.109062E+03   0.572018E+01   0.917977E+00  -0.110545E+03
   0.100000E+03   0.107691E+03   0.564779E+01   0.354343E+00  -0.110181E+03
   0.999633E+02   0.107322E+03   0.573558E+01   0.683389E+00  -0.110913E+03
   0.999285E+02   0.107268E+03   0.551419E+01   0.864544E+00  -0.111568E+03
   0.997737E+02   0.108627E+03   0.579410E+01   0.816434E+00  -0.109643E+03
   0.999668E+02   0.108326E+03   0.571645E+01   0.520922E+00  -0.109838E+03
   0.995544E+02   0.107838E+03   0.556809E+01   0.550265E+00  -0.109589E+03
   0.996812E+02   0.108018E+03   0.567459E+01   0.148676E+00  -0.109876E+03
   0.996812E+02   0.107899E+03   0.579827E+01   0.501952E+00  -0.109008E+03
   0.998606E+02   0.108369E+03   0.560775E+01   0.913414E+00  -0.110098E+03
   0.997871E+02   0.108289E+03   0.565520E+01   0.418852E+00  -0.109290E+03
   0.997871E+02   0.107322E+03   0.562463E+01   0.533526E+00  -0.109932E+03
   0.997871E+02   0.107585E+03   0.558778E+01   0.504664E+00  -0.109287E+03
   0.997978E+02   0.108712E+03   0.562790E+01   0.678696E+00  -0.109601E+03
   0.994559E+02   0.108632E+03   0.554279E+01   0.923012E+00  -0.110878E+03
   0.994943E+02   0.108617E+03   0.565561E+01   0.923012E+00  -0.110647E+03
   0.998496E+02   0.109580E+03   0.551461E+01   0.105291E+01  -0.112275E+03
   0.996794E+02   0.107999E+03   0.560614E+01   0.329115E+00  -0.109311E+03
   0.997756E+02   0.108510E+03   0.570361E+01   0.876005E+00  -0.109778E+03
   0.100006E+03   0.109098E+03   0.557019E+01   0.847014E+00  -0.111364E+03
   0.997629E+02   0.107309E+03   0.567794E+01   0.543740E+00  -0.109964E+03
   0.996372E+02   0.108805E+03   0.555086E+01   0.754088E+00  -0.109878E+03
   0.996142E+02   0.107486E+03   0.560046E+01   0.818901E-01  -0.110327E+03
   0.996282E+02   0.107127E+03   0.576899E+01   0.650088E+00  -0.110938E+03
   0.998343E+02   0.106991E+03   0.575644E+01   0.610607E+00  -0.111298E+03
   0.998152E+02   0.107512E+03   0.560694E+01   0.514004E+00  -0.109480E+03
   0.996067E+02   0.107599E+03   0.578285E+01   0.114944E+00  -0.110196E+03
   0.997499E+02   0.107408E+03   0.558410E+01   0.149534E+00  -0.109857E+03
   0.100095E+03   0.108100E+03   0.556815E+01   0.797256E+00  -0.111066E+03
   0.999523E+02   0.106673E+03   0.572903E+01   0.766133E+00  -0.113520E+03
   0.100226E+03   0.108355E+03   0.562000E+01   0.877555E+00  -0.112633E+03
   0.996876E+02   0.108355E+03   0.564720E+01   0.593835E+00  -0.109112E+03
   0.998480E+02   0.107835E+03   0.566854E+01   0.546152E+00  -0.109127E+03
   0.998480E+02   0.108256E+03   0.567307E+01   0.850426E+00  -0.109756E+03
   0.999427E+02   0.108211E+03   0.572252E+01   0.531999E+00  -0.109549E+03
   0.994040E+02   0.107742E+03   0.566356E+01   0.279270E-01  -0.112601E+03
   0.995723E+02   0.107113E+03   0.552328E+01   0.417134E+00  -0.111191E+03
   0.997056E+02   0.108913E+03   0.569642E+01   0.919534E+00  -0.110320E+03
   0.993497E+02   0.108716E+03   0.568746E+01   0.896822E+00  -0.111665E+03
   0.994604E+02   0.108153E+03   0.558822E+01   0.455949E+00  -0.110530E+03
   0.997246E+02   0.108064E+03   0.568254E+01   0.570483E+00  -0.108910E+03
   0.999408E+02   0.108635E+03   0.556990E+01   0.409320E+00  -0.110785E+03
   0.999469E+02   0.108032E+03   0.569904E+01   0.552191E+00  -0.109506E+03
   0.994797E+02   0.107550E+03   0.555178E+01   0.122804E+00  -0.111487E+03
   0.995614E+02   0.107591E+03   0.574318E+01   0.448811E+00  -0.109907E+03
   0.995101E+02   0.108456E+03   0.573687E+01   0.743756E+00  -0.109977E+03
   0.997652E+02   0.107880E+03   0.577116E+01   0.937996E-01  -0.109609E+03
   0.995688E+02   0.108746E+03   0.572978E+01   0.693952E+00  -0.110030E+03
   0.998710E+02   0.107734E+03   0.571669E+01   0.641658E+00  -0.109472E+03
   0.999701E+02   0.107968E+03   0.570689E+01   0.481460E+00  -0.109682E+03
   0.996775E+02   0.107909E+03   0.552007E+01   0.355483E-01  -0.109920E+03
   0.996943E+02   0.108502E+03   0.573755E+01   0.590949E+00  -0.109298E+03
   0.997106E+02   0.108286E+03   0.577424E+01   0.705405E+00  -0.109122E+03
   0.998807E+02   0.108369E+03   0.556410E+01   0.641602E+00  -0.109350E+03
   0.995336E+02   0.107777E+03   0.569105E+01   0.540566E+00  -0.109784E+03
   0.997793E+02   0.108116E+03   0.554291E+01   0.939103E+00  -0.110146E+03
   0.998014E+02   0.107785E+03   0.574428E+01   0.112290E+01  -0.111854E+03
   0.997573E+02   0.108241E+03   0.566342E+01   0.330619E+00  -0.109500E+03
   0.997920E+02   0.107796E+03   0.562074E+01   0.682279E+00  -0.109296E+03
   0.997920E+02   0.107796E+03   0.556935E+01   0.272426E+00  -0.109235E+03
   0.100088E+03   0.107853E+03   0.566918E+01   0.105618E+00  -0.111559E+03
   0.997607E+02   0.108645E+03   0.573352E+01   0.597338E+00  -0.109514E+03
