res1           res2           tau1           Y1_gamma1      LogPost        
   0.987203E+02   0.102120E+03   0.203312E+01   0.821229E+00  -0.354331E+02
   0.986014E+02   0.102120E+03   0.189139E+01   0.788638E+00  -0.326799E+02
   0.988351E+02   0.101787E+03   0.188346E+01   0.844187E+00  -0.330664E+02
   0.986169E+02   0.101926E+03   0.188346E+01   0.617852E+00  -0.324873E+02
   0.976254E+02   0.101911E+03   0.190743E+01   0.119051E+00  -0.333564E+02
   0.982392E+02   0.101304E+03   0.186931E+01   0.676970E+00  -0.338162E+02
   0.980837E+02   0.101929E+03   0.173445E+01   0.564253E+00  -0.321778E+02
   0.991452E+02   0.101739E+03   0.182988E+01   0.643352E+00  -0.337864E+02
   0.983379E+02   0.101950E+03   0.193281E+01   0.515058E+00  -0.322605E+02
   0.977294E+02   0.101950E+03   0.168899E+01   0.103590E+01  -0.329609E+02
   0.984090E+02   0.102380E+03   0.192591E+01   0.123215E+01  -0.338506E+02
   0.986337E+02   0.103191E+03   0.176193E+01   0.101428E+01  -0.375022E+02
   0.974065E+02   0.100347E+03   0.158332E+01   0.152149E+01  -0.401850E+02
   0.973566E+02   0.101451E+03   0.158187E+01   0.814669E+00  -0.344790E+02
   0.978240E+02   0.101773E+03   0.195603E+01   0.842710E+00  -0.325958E+02
   0.981714E+02   0.101773E+03   0.151673E+01   0.457844E+00  -0.331601E+02
   0.980288E+02   0.102051E+03   0.185429E+01   0.119415E+01  -0.333012E+02
   0.990347E+02   0.102392E+03   0.203273E+01   0.134886E+01  -0.365740E+02
   0.978494E+02   0.101860E+03   0.160609E+01   0.108170E+01  -0.337652E+02
   0.986292E+02   0.101677E+03   0.150895E+01   0.904450E+00  -0.337955E+02
   0.978889E+02   0.101677E+03   0.155448E+01   0.831746E+00  -0.333794E+02
   0.980149E+02   0.101533E+03   0.183089E+01   0.121312E+01  -0.339089E+02
   0.987209E+02   0.102469E+03   0.155642E+01   0.244898E+00  -0.372376E+02
   0.975930E+02   0.101896E+03   0.175866E+01   0.128702E+01  -0.338835E+02
   0.983312E+02   0.101464E+03   0.197329E+01   0.118623E+01  -0.340350E+02
   0.987832E+02   0.101705E+03   0.186837E+01   0.696731E+00  -0.329628E+02
   0.983688E+02   0.103474E+03   0.188620E+01   0.122247E+01  -0.387757E+02
   0.978545E+02   0.101983E+03   0.180972E+01   0.251528E+00  -0.328475E+02
   0.982577E+02   0.102018E+03   0.177145E+01   0.124941E+01  -0.335071E+02
   0.100746E+03   0.102012E+03   0.321029E+01   0.272958E+01  -0.430741E+02
   0.100157E+03   0.100934E+03   0.378832E+01   0.183970E+01  -0.422751E+02
   0.101328E+03   0.102679E+03   0.326649E+01   0.156674E+01  -0.428983E+02
   0.100997E+03   0.102278E+03   0.224760E+01   0.175347E+01  -0.412017E+02
   0.998465E+02   0.102361E+03   0.194960E+01   0.145355E+01  -0.368577E+02
   0.987351E+02   0.101754E+03   0.182063E+01   0.509413E+00  -0.328325E+02
   0.979240E+02   0.102408E+03   0.162065E+01   0.632236E+00  -0.346131E+02
   0.981196E+02   0.101796E+03   0.152730E+01   0.109031E+01  -0.337783E+02
   0.979960E+02   0.102191E+03   0.173616E+01   0.770622E+00  -0.325404E+02
   0.977335E+02   0.102287E+03   0.160853E+01   0.799120E+00  -0.340228E+02
   0.981693E+02   0.101596E+03   0.186728E+01   0.159141E+01  -0.352450E+02
   0.987030E+02   0.102166E+03   0.186728E+01   0.102912E+01  -0.332364E+02
   0.973576E+02   0.101970E+03   0.175532E+01   0.111200E+01  -0.336012E+02
   0.991841E+02   0.102516E+03   0.187700E+01   0.611838E+00  -0.355556E+02
   0.993518E+02   0.102253E+03   0.169921E+01   0.846960E+00  -0.345654E+02
   0.980229E+02   0.101836E+03   0.194271E+01   0.102474E+01  -0.328301E+02
   0.989915E+02   0.101697E+03   0.194819E+01   0.774132E+00  -0.334499E+02
   0.979039E+02   0.101584E+03   0.173482E+01   0.687429E+00  -0.327539E+02
   0.982939E+02   0.101578E+03   0.172163E+01   0.957380E-02  -0.331290E+02
   0.992712E+02   0.101578E+03   0.152407E+01   0.713751E+00  -0.352405E+02
   0.969607E+02   0.102352E+03   0.153637E+01   0.551980E+00  -0.365201E+02
   0.980812E+02   0.102277E+03   0.168996E+01   0.115461E+01  -0.333633E+02
   0.998791E+02   0.101989E+03   0.178577E+01   0.128867E+01  -0.363694E+02
   0.981911E+02   0.102490E+03   0.174283E+01   0.293847E+00  -0.350877E+02
   0.966015E+02   0.101592E+03   0.193432E+01   0.191911E+01  -0.378378E+02
   0.986687E+02   0.101968E+03   0.175308E+01   0.799454E-01  -0.334040E+02
   0.974550E+02   0.101998E+03   0.177901E+01   0.112004E+01  -0.334817E+02
   0.979565E+02   0.102023E+03   0.160702E+01   0.407333E+00  -0.335326E+02
   0.985761E+02   0.101728E+03   0.193709E+01   0.763447E+00  -0.326631E+02
   0.982125E+02   0.102518E+03   0.171674E+01   0.124205E+01  -0.341039E+02
   0.965529E+02   0.102223E+03   0.190411E+01   0.568545E+00  -0.368928E+02
   0.979268E+02   0.101657E+03   0.163834E+01   0.566684E+00  -0.332675E+02
   0.970489E+02   0.102091E+03   0.172333E+01   0.219069E+00  -0.355884E+02
   0.989562E+02   0.100927E+03   0.201112E+01   0.103891E+01  -0.384043E+02
   0.981390E+02   0.101457E+03   0.138705E+01   0.164615E+01  -0.389560E+02
   0.981364E+02   0.102286E+03   0.170359E+01   0.429669E+00  -0.332493E+02
   0.985492E+02   0.102209E+03   0.184526E+01   0.501005E+00  -0.330154E+02
   0.976981E+02   0.101511E+03   0.169025E+01   0.794898E+00  -0.332545E+02
   0.981821E+02   0.101511E+03   0.188589E+01   0.212114E+00  -0.332058E+02
   0.967807E+02   0.101306E+03   0.190728E+01   0.695359E+00  -0.365454E+02
   0.973312E+02   0.102041E+03   0.192711E+01   0.387125E+00  -0.338136E+02
   0.981780E+02   0.101575E+03   0.177481E+01   0.916298E+00  -0.329980E+02
   0.966762E+02   0.101575E+03   0.150976E+01   0.113510E+01  -0.358400E+02
   0.987955E+02   0.101548E+03   0.191884E+01   0.652108E+00  -0.333736E+02
   0.981761E+02   0.101927E+03   0.173865E+01   0.108031E+01  -0.329304E+02
   0.968816E+02   0.102128E+03   0.182227E+01   0.119765E+01  -0.347588E+02
   0.979712E+02   0.102165E+03   0.178177E+01   0.214456E+01  -0.375310E+02
   0.984418E+02   0.102102E+03   0.171219E+01   0.493577E+00  -0.325965E+02
   0.985308E+02   0.101618E+03   0.182930E+01   0.249552E+00  -0.330642E+02
   0.977773E+02   0.101150E+03   0.159884E+01   0.865250E+00  -0.352513E+02
   0.975543E+02   0.102095E+03   0.171738E+01   0.599794E+00  -0.329122E+02
   0.982269E+02   0.102095E+03   0.184780E+01   0.335257E+00  -0.327617E+02
   0.981786E+02   0.101469E+03   0.181098E+01   0.198829E-01  -0.335323E+02
   0.976134E+02   0.102010E+03   0.164096E+01   0.148379E+01  -0.352331E+02
   0.100215E+03   0.102076E+03   0.197252E+01   0.137486E+01  -0.376035E+02
   0.967255E+02   0.102139E+03   0.160490E+01   0.154075E+01  -0.364579E+02
   0.982264E+02   0.101364E+03   0.177713E+01   0.103069E+01  -0.339130E+02
   0.972372E+02   0.102106E+03   0.192543E+01   0.453456E+00  -0.340737E+02
   0.982032E+02   0.102050E+03   0.175627E+01   0.104794E+01  -0.328435E+02
   0.984293E+02   0.101187E+03   0.192983E+01   0.782640E+00  -0.345673E+02
   0.981704E+02   0.102434E+03   0.182329E+01   0.702005E+00  -0.332990E+02
   0.981589E+02   0.102312E+03   0.187763E+01   0.957886E+00  -0.329709E+02
   0.978616E+02   0.101931E+03   0.181560E+01   0.675690E+00  -0.323001E+02
   0.989562E+02   0.101654E+03   0.202874E+01   0.397636E+00  -0.362059E+02
   0.983777E+02   0.101633E+03   0.178841E+01   0.172875E+00  -0.329354E+02
   0.986057E+02   0.101711E+03   0.174706E+01   0.138413E+00  -0.331290E+02
   0.988947E+02   0.101462E+03   0.187644E+01   0.116362E+01  -0.345144E+02
   0.972292E+02   0.101462E+03   0.153512E+01   0.926375E+00  -0.347197E+02
   0.979716E+02   0.101536E+03   0.164744E+01   0.204697E+00  -0.339200E+02
   0.988323E+02   0.102090E+03   0.198187E+01   0.337823E+00  -0.335911E+02
   0.988001E+02   0.101918E+03   0.178028E+01   0.344327E+00  -0.331692E+02
   0.991150E+02   0.101918E+03   0.178586E+01   0.767726E+00  -0.335309E+02
   0.994169E+02   0.101082E+03   0.196369E+01   0.764106E+00  -0.373360E+02
   0.977052E+02   0.101689E+03   0.165813E+01   0.464282E+00  -0.335084E+02
   0.984747E+02   0.102259E+03   0.194237E+01   0.710616E+00  -0.328164E+02
   0.978084E+02   0.102560E+03   0.154057E+01   0.672028E+00  -0.354731E+02
   0.984875E+02   0.102053E+03   0.191154E+01   0.994795E+00  -0.328421E+02
   0.969066E+02   0.101682E+03   0.192596E+01   0.134886E+01  -0.352830E+02
   0.980078E+02   0.102082E+03   0.175901E+01   0.327764E+00  -0.327820E+02
   0.993961E+02   0.101255E+03   0.185768E+01   0.106180E+01  -0.361047E+02
   0.989344E+02   0.101471E+03   0.194185E+01   0.581067E+00  -0.339975E+02
   0.979063E+02   0.101660E+03   0.151471E+01   0.577759E+00  -0.332698E+02
   0.979944E+02   0.101748E+03   0.182468E+01   0.165021E+01  -0.353142E+02
   0.975407E+02   0.103118E+03   0.175336E+01   0.112817E+01  -0.368288E+02
   0.982424E+02   0.103066E+03   0.190045E+01   0.120571E+01  -0.361805E+02
   0.997083E+02   0.101150E+03   0.151748E+01   0.117889E+01  -0.379005E+02
   0.981242E+02   0.101962E+03   0.169131E+01   0.113516E+01  -0.330919E+02
   0.979320E+02   0.102074E+03   0.157910E+01   0.731183E+00  -0.333339E+02
   0.979190E+02   0.102244E+03   0.186960E+01   0.743934E+00  -0.326978E+02
   0.976408E+02   0.102734E+03   0.190719E+01   0.121647E+01  -0.348949E+02
   0.983677E+02   0.101444E+03   0.180444E+01   0.109575E+01  -0.338525E+02
   0.978195E+02   0.102038E+03   0.179997E+01   0.724537E+00  -0.324128E+02
   0.978195E+02   0.101395E+03   0.176639E+01   0.241058E+00  -0.339835E+02
   0.986043E+02   0.102034E+03   0.194359E+01   0.137539E+00  -0.333742E+02
   0.985958E+02   0.101832E+03   0.194814E+01   0.913236E+00  -0.327969E+02
   0.977386E+02   0.102205E+03   0.204298E+01   0.153235E+01  -0.374296E+02
   0.984789E+02   0.101306E+03   0.188713E+01   0.189676E+01  -0.371740E+02
   0.980917E+02   0.101728E+03   0.192137E+01   0.565048E+00  -0.323040E+02
   0.975334E+02   0.101728E+03   0.191860E+01   0.198398E+00  -0.334744E+02
   0.983657E+02   0.102001E+03   0.195877E+01   0.312833E-02  -0.330598E+02
   0.979455E+02   0.102115E+03   0.188768E+01   0.164110E+01  -0.351477E+02
   0.984489E+02   0.102135E+03   0.188860E+01   0.563106E+00  -0.325854E+02
   0.971327E+02   0.102208E+03   0.196217E+01   0.126676E+01  -0.344807E+02
   0.980963E+02   0.101907E+03   0.195985E+01   0.899482E-01  -0.327608E+02
   0.985783E+02   0.101497E+03   0.169812E+01   0.878034E-01  -0.337389E+02
   0.978397E+02   0.101968E+03   0.192766E+01   0.608430E+00  -0.323349E+02
   0.966146E+02   0.101932E+03   0.179829E+01   0.993752E+00  -0.352505E+02
   0.989463E+02   0.102644E+03   0.165671E+01   0.795782E+00  -0.364764E+02
   0.962890E+02   0.102624E+03   0.191275E+01   0.148066E+01  -0.374952E+02
   0.978703E+02   0.101533E+03   0.163144E+01   0.266987E+00  -0.339300E+02
   0.984128E+02   0.102271E+03   0.185917E+01   0.266987E+00  -0.338106E+02
   0.971913E+02   0.101628E+03   0.196738E+01   0.427858E+00  -0.342989E+02
   0.987821E+02   0.102073E+03   0.188218E+01   0.907647E+00  -0.330229E+02
   0.977330E+02   0.101986E+03   0.167516E+01   0.676984E+00  -0.333401E+02
   0.969750E+02   0.101488E+03   0.156941E+01   0.676984E+00  -0.353832E+02
   0.978174E+02   0.102201E+03   0.159353E+01   0.687160E+00  -0.337294E+02
   0.984195E+02   0.101873E+03   0.155307E+01   0.523103E+00  -0.332527E+02
   0.984181E+02   0.101873E+03   0.155910E+01   0.394344E+00  -0.334059E+02
   0.979809E+02   0.102015E+03   0.155910E+01   0.863712E+00  -0.333366E+02
   0.981651E+02   0.101648E+03   0.173280E+01   0.130787E+01  -0.340104E+02
   0.988652E+02   0.101748E+03   0.162353E+01   0.881440E+00  -0.340390E+02
   0.983167E+02   0.102110E+03   0.204386E+01   0.935962E+00  -0.355656E+02
   0.982378E+02   0.102548E+03   0.171494E+01   0.630508E+00  -0.340448E+02
   0.967939E+02   0.101715E+03   0.173057E+01   0.595752E+00  -0.352818E+02
   0.992046E+02   0.102255E+03   0.180210E+01   0.997866E+00  -0.342224E+02
   0.985432E+02   0.101699E+03   0.196834E+01   0.587570E+00  -0.325830E+02
   0.968806E+02   0.101790E+03   0.173564E+01   0.850917E+00  -0.344822E+02
   0.972301E+02   0.102459E+03   0.169716E+01   0.735092E+00  -0.345594E+02
   0.988653E+02   0.102462E+03   0.156530E+01   0.795929E-01  -0.381572E+02
   0.972757E+02   0.102190E+03   0.197636E+01   0.873605E+00  -0.335354E+02
   0.974870E+02   0.101982E+03   0.165271E+01   0.950749E-01  -0.347790E+02
   0.984244E+02   0.102059E+03   0.165271E+01   0.917099E+00  -0.335941E+02
   0.982196E+02   0.101451E+03   0.184146E+01   0.422897E+00  -0.332285E+02
   0.975835E+02   0.101906E+03   0.176360E+01   0.552952E+00  -0.327164E+02
   0.975768E+02   0.102204E+03   0.192993E+01   0.310117E+00  -0.339100E+02
   0.972190E+02   0.101678E+03   0.193718E+01   0.849021E+00  -0.337161E+02
   0.971984E+02   0.101914E+03   0.183021E+01   0.267712E+00  -0.344121E+02
   0.991059E+02   0.101411E+03   0.190927E+01   0.976499E+00  -0.347023E+02
   0.982245E+02   0.101303E+03   0.190927E+01   0.799826E+00  -0.338485E+02
   0.988697E+02   0.101808E+03   0.189679E+01   0.747476E+00  -0.330115E+02
   0.977108E+02   0.101022E+03   0.178289E+01   0.110934E+01  -0.357564E+02
   0.995843E+02   0.101920E+03   0.203589E+01   0.135883E+01  -0.368757E+02
   0.985185E+02   0.101903E+03   0.213984E+01   0.137271E+01  -0.400812E+02
   0.981131E+02   0.101273E+03   0.181082E+01   0.108738E+01  -0.343759E+02
   0.983082E+02   0.103367E+03   0.175146E+01   0.187342E+01  -0.386141E+02
   0.995384E+02   0.102472E+03   0.243334E+01   0.150998E+01  -0.401042E+02
   0.981358E+02   0.101733E+03   0.168276E+01   0.770250E+00  -0.324124E+02
   0.981680E+02   0.101868E+03   0.178075E+01   0.770250E+00  -0.322696E+02
   0.974847E+02   0.102234E+03   0.184255E+01   0.816695E+00  -0.331988E+02
   0.975059E+02   0.101900E+03   0.170908E+01   0.295450E+00  -0.333293E+02
   0.971508E+02   0.101930E+03   0.156503E+01   0.114064E+01  -0.346101E+02
   0.982563E+02   0.102171E+03   0.195906E+01   0.229061E+01  -0.382526E+02
   0.984958E+02   0.101549E+03   0.173644E+01   0.864034E+00  -0.331281E+02
   0.982903E+02   0.102069E+03   0.186028E+01   0.837488E+00  -0.324279E+02
   0.981993E+02   0.102227E+03   0.151567E+01   0.598707E+00  -0.338169E+02
   0.975021E+02   0.102004E+03   0.149993E+01   0.937471E+00  -0.337832E+02
   0.993256E+02   0.102295E+03   0.163075E+01   0.165008E+01  -0.371092E+02
   0.984044E+02   0.102180E+03   0.185484E+01   0.745040E+00  -0.325675E+02
   0.984712E+02   0.102180E+03   0.163539E+01   0.874321E+00  -0.337896E+02
   0.971870E+02   0.101877E+03   0.177901E+01   0.697308E+00  -0.335520E+02
   0.979983E+02   0.101224E+03   0.182973E+01   0.434797E+00  -0.345895E+02
   0.982369E+02   0.102822E+03   0.182984E+01   0.102633E+01  -0.349152E+02
   0.984611E+02   0.100969E+03   0.193695E+01   0.102633E+01  -0.359422E+02
   0.981229E+02   0.102134E+03   0.153297E+01   0.951493E+00  -0.336318E+02
   0.965682E+02   0.102328E+03   0.174042E+01   0.128602E+01  -0.359065E+02
   0.991373E+02   0.102181E+03   0.155675E+01   0.129239E+01  -0.355484E+02
   0.974833E+02   0.101578E+03   0.171714E+01   0.104122E+01  -0.337231E+02
   0.989590E+02   0.102373E+03   0.173896E+01   0.889451E+00  -0.338694E+02
   0.977907E+02   0.101576E+03   0.193147E+01   0.401917E+00  -0.330113E+02
   0.976679E+02   0.101687E+03   0.191707E+01   0.885541E+00  -0.329562E+02
   0.977949E+02   0.101999E+03   0.169651E+01   0.885541E+00  -0.325833E+02
   0.985329E+02   0.101820E+03   0.186334E+01   0.128892E+01  -0.338775E+02
   0.983497E+02   0.101931E+03   0.172753E+01   0.503432E+00  -0.322658E+02
   0.975463E+02   0.102057E+03   0.179237E+01   0.657960E+00  -0.328162E+02
   0.980416E+02   0.102316E+03   0.177100E+01   0.104122E+01  -0.331451E+02
   0.979161E+02   0.101646E+03   0.167193E+01   0.123779E+01  -0.343726E+02
   0.973946E+02   0.101581E+03   0.168690E+01   0.210935E+00  -0.341903E+02
   0.970418E+02   0.102653E+03   0.195595E+01   0.102004E+01  -0.354172E+02
   0.976374E+02   0.101794E+03   0.161833E+01   0.517181E+00  -0.334615E+02
   0.977335E+02   0.101429E+03   0.190327E+01   0.838833E+00  -0.335483E+02
   0.979398E+02   0.101813E+03   0.185898E+01   0.187160E+01  -0.362918E+02
   0.982465E+02   0.101490E+03   0.183101E+01   0.128864E+01  -0.342754E+02
   0.983602E+02   0.102316E+03   0.194662E+01   0.549009E+00  -0.331327E+02
   0.981113E+02   0.102045E+03   0.170510E+01   0.741628E+00  -0.322770E+02
   0.975502E+02   0.102163E+03   0.178671E+01   0.823962E-01  -0.343669E+02
   0.973790E+02   0.101103E+03   0.161086E+01   0.968451E+00  -0.359245E+02
   0.978275E+02   0.101887E+03   0.184968E+01   0.108003E+01  -0.330344E+02
   0.993396E+02   0.101915E+03   0.196105E+01   0.113452E+01  -0.345826E+02
   0.986280E+02   0.102103E+03   0.184853E+01   0.613321E+00  -0.326877E+02
   0.981507E+02   0.102005E+03   0.175671E+01   0.568462E+00  -0.322203E+02
   0.975348E+02   0.101687E+03   0.183733E+01   0.112564E+01  -0.336479E+02
   0.978882E+02   0.101537E+03   0.188082E+01   0.949374E+00  -0.332383E+02
   0.978112E+02   0.101787E+03   0.180985E+01   0.684376E+00  -0.324237E+02
   0.975014E+02   0.101173E+03   0.173880E+01   0.122714E+01  -0.354314E+02
   0.983829E+02   0.102238E+03   0.152815E+01   0.897278E+00  -0.338820E+02
   0.978973E+02   0.101993E+03   0.163013E+01   0.807296E+00  -0.332781E+02
   0.986890E+02   0.101937E+03   0.192286E+01   0.527801E+00  -0.326586E+02
   0.972087E+02   0.102001E+03   0.173879E+01   0.104951E+01  -0.337225E+02
   0.976113E+02   0.101923E+03   0.194700E+01   0.387261E+00  -0.329123E+02
   0.976290E+02   0.101417E+03   0.171275E+01   0.390725E+00  -0.339599E+02
   0.978765E+02   0.101759E+03   0.176314E+01   0.606130E+00  -0.323768E+02
   0.982093E+02   0.101759E+03   0.184638E+01   0.606130E+00  -0.322558E+02
   0.972034E+02   0.102099E+03   0.183779E+01   0.849689E+00  -0.335668E+02
   0.981644E+02   0.101906E+03   0.157038E+01   0.254551E+00  -0.335271E+02
   0.982525E+02   0.101536E+03   0.182810E+01   0.125732E+00  -0.332074E+02
   0.983803E+02   0.102317E+03   0.195832E+01   0.124853E+01  -0.337823E+02
   0.989084E+02   0.101615E+03   0.177243E+01   0.980312E+00  -0.337281E+02
   0.984801E+02   0.101615E+03   0.193300E+01   0.181134E+00  -0.330873E+02
   0.972802E+02   0.102117E+03   0.182439E+01   0.415939E+00  -0.340811E+02
   0.982715E+02   0.101792E+03   0.185443E+01   0.711313E+00  -0.322873E+02
   0.975308E+02   0.101416E+03   0.188066E+01   0.384261E+00  -0.341916E+02
   0.981159E+02   0.101911E+03   0.150277E+01   0.128215E+01  -0.343610E+02
   0.967655E+02   0.101757E+03   0.188203E+01   0.153522E+01  -0.360220E+02
   0.978433E+02   0.102567E+03   0.181774E+01   0.140786E+01  -0.347700E+02
   0.990892E+02   0.102215E+03   0.174131E+01   0.168403E+01  -0.360256E+02
   0.991724E+02   0.102215E+03   0.191558E+01   0.703829E+00  -0.340602E+02
   0.976819E+02   0.101783E+03   0.172834E+01   0.508386E+00  -0.326341E+02
   0.980912E+02   0.102056E+03   0.174732E+01   0.712460E+00  -0.322740E+02
   0.980007E+02   0.101588E+03   0.173245E+01   0.715081E-01  -0.331068E+02
   0.988144E+02   0.102661E+03   0.150943E+01   0.155743E+01  -0.368965E+02
   0.982080E+02   0.102177E+03   0.186506E+01   0.152601E+01  -0.346624E+02
   0.977699E+02   0.102147E+03   0.170729E+01   0.106303E+01  -0.330759E+02
   0.983615E+02   0.101136E+03   0.157155E+01   0.106303E+01  -0.354514E+02
   0.978763E+02   0.101767E+03   0.164229E+01   0.572758E+00  -0.331688E+02
   0.989808E+02   0.101941E+03   0.197247E+01   0.751407E+00  -0.331925E+02
   0.978999E+02   0.102058E+03   0.150350E+01   0.498177E+00  -0.334937E+02
   0.992954E+02   0.102193E+03   0.178984E+01   0.523019E+00  -0.348346E+02
   0.973859E+02   0.101921E+03   0.157999E+01   0.364460E+00  -0.343294E+02
   0.979494E+02   0.102088E+03   0.186252E+01   0.633734E+00  -0.323720E+02
   0.974202E+02   0.101952E+03   0.195605E+01   0.905038E+00  -0.330928E+02
   0.978841E+02   0.101756E+03   0.182933E+01   0.770327E+00  -0.324731E+02
   0.978710E+02   0.101756E+03   0.182933E+01   0.742228E+00  -0.324531E+02
   0.984386E+02   0.101641E+03   0.168828E+01   0.940207E+00  -0.329995E+02
   0.982795E+02   0.101517E+03   0.174684E+01   0.102310E+01  -0.334186E+02
   0.982795E+02   0.101959E+03   0.179694E+01   0.478170E+00  -0.322726E+02
   0.984466E+02   0.102322E+03   0.170877E+01   0.813660E+00  -0.329693E+02
   0.982675E+02   0.101545E+03   0.158180E+01   0.728094E+00  -0.335300E+02
   0.985584E+02   0.101545E+03   0.160858E+01   0.445465E+00  -0.338757E+02
   0.976399E+02   0.101952E+03   0.176369E+01   0.261247E+00  -0.331412E+02
   0.969841E+02   0.101977E+03   0.180312E+01   0.104582E+01  -0.342084E+02
   0.987141E+02   0.102183E+03   0.184935E+01   0.104038E+01  -0.332967E+02
   0.976342E+02   0.101565E+03   0.182174E+01   0.645696E+00  -0.331125E+02
   0.983008E+02   0.101728E+03   0.202355E+01   0.321720E+00  -0.361185E+02
   0.983803E+02   0.102011E+03   0.170281E+01   0.145047E+01  -0.343511E+02
   0.989509E+02   0.102014E+03   0.156774E+01   0.131183E+01  -0.351545E+02
   0.972588E+02   0.101796E+03   0.173131E+01   0.736572E+00  -0.334056E+02
   0.975474E+02   0.101274E+03   0.197697E+01   0.581755E+00  -0.346265E+02
   0.990949E+02   0.102017E+03   0.180002E+01   0.581755E+00  -0.336362E+02
   0.986413E+02   0.102198E+03   0.175375E+01   0.854680E+00  -0.329122E+02
   0.983080E+02   0.102039E+03   0.172223E+01   0.105962E+01  -0.329018E+02
   0.979738E+02   0.101864E+03   0.195166E+01   0.592619E+00  -0.322167E+02
   0.985756E+02   0.102419E+03   0.171643E+01   0.632115E+00  -0.336225E+02
   0.986190E+02   0.101630E+03   0.183056E+01   0.524108E-01  -0.333773E+02
   0.983908E+02   0.101739E+03   0.157339E+01   0.391455E+00  -0.333747E+02
   0.975091E+02   0.102010E+03   0.191129E+01   0.163717E+00  -0.337785E+02
   0.990718E+02   0.102145E+03   0.181099E+01   0.110950E+01  -0.339918E+02
   0.989054E+02   0.102023E+03   0.201534E+01   0.172945E+01  -0.373348E+02
   0.975676E+02   0.101461E+03   0.196134E+01   0.539652E+00  -0.336765E+02
   0.980290E+02   0.102104E+03   0.179703E+01   0.556048E+00  -0.324151E+02
   0.977398E+02   0.101908E+03   0.152157E+01   0.254766E+00  -0.338146E+02
   0.977184E+02   0.102238E+03   0.157959E+01   0.555834E+00  -0.341644E+02
   0.977987E+02   0.101002E+03   0.156140E+01   0.890704E+00  -0.360784E+02
   0.988264E+02   0.101973E+03   0.191117E+01   0.330112E+00  -0.333321E+02
   0.982207E+02   0.101591E+03   0.178537E+01   0.259556E+00  -0.328681E+02
   0.982553E+02   0.101820E+03   0.186804E+01   0.779418E+00  -0.323315E+02
   0.968335E+02   0.102410E+03   0.178359E+01   0.122202E+01  -0.352875E+02
   0.974545E+02   0.102409E+03   0.179496E+01   0.102145E+01  -0.338056E+02
   0.984671E+02   0.101891E+03   0.179496E+01   0.894026E-01  -0.329237E+02
   0.992644E+02   0.101591E+03   0.179456E+01   0.929623E+00  -0.344947E+02
   0.993365E+02   0.102980E+03   0.215557E+01   0.121951E+01  -0.404740E+02
   0.991266E+02   0.102302E+03   0.154824E+01   0.121951E+01  -0.355585E+02
   0.972662E+02   0.101596E+03   0.151612E+01   0.131263E+01  -0.351159E+02
   0.979617E+02   0.101561E+03   0.163737E+01   0.729060E+00  -0.334755E+02
   0.979328E+02   0.102630E+03   0.166149E+01   0.847502E+00  -0.354186E+02
   0.985228E+02   0.101083E+03   0.173123E+01   0.303059E+00  -0.362246E+02
   0.984724E+02   0.101642E+03   0.183914E+01   0.557729E+00  -0.326310E+02
   0.987427E+02   0.101927E+03   0.178691E+01   0.706942E+00  -0.326955E+02
   0.984021E+02   0.101796E+03   0.171940E+01   0.123427E+01  -0.336154E+02
   0.969468E+02   0.102168E+03   0.174271E+01   0.680895E+00  -0.346009E+02
   0.980409E+02   0.101495E+03   0.159106E+01   0.830002E+00  -0.337208E+02
   0.969406E+02   0.101575E+03   0.188007E+01   0.830002E+00  -0.347155E+02
   0.984484E+02   0.101575E+03   0.190329E+01   0.121979E+01  -0.339352E+02
   0.981565E+02   0.101770E+03   0.194401E+01   0.108301E+01  -0.330587E+02
   0.976218E+02   0.102075E+03   0.193225E+01   0.649435E+00  -0.327149E+02
   0.989350E+02   0.102075E+03   0.187537E+01   0.120276E+01  -0.339656E+02
   0.984570E+02   0.102058E+03   0.179591E+01   0.522307E+00  -0.324810E+02
   0.984027E+02   0.101659E+03   0.176033E+01   0.693867E+00  -0.325665E+02
   0.984718E+02   0.100823E+03   0.205987E+01   0.125291E+01  -0.387874E+02
   0.975652E+02   0.101597E+03   0.181917E+01   0.320040E+00  -0.334809E+02
   0.975140E+02   0.101492E+03   0.188505E+01   0.437412E+00  -0.337914E+02
   0.969736E+02   0.102091E+03   0.152107E+01   0.156946E+01  -0.361598E+02
   0.977014E+02   0.102457E+03   0.158648E+01   0.109932E+01  -0.348112E+02
   0.980715E+02   0.102080E+03   0.153488E+01   0.312746E-01  -0.343638E+02
   0.981836E+02   0.101828E+03   0.172943E+01   0.700171E+00  -0.322251E+02
   0.983052E+02   0.101828E+03   0.201899E+01   0.695873E+00  -0.354586E+02
   0.983169E+02   0.101518E+03   0.194431E+01   0.124054E+01  -0.340669E+02
   0.984992E+02   0.101764E+03   0.194431E+01   0.119366E+01  -0.335678E+02
   0.975179E+02   0.101828E+03   0.194431E+01   0.681052E+00  -0.328078E+02
   0.987162E+02   0.102007E+03   0.189912E+01   0.154478E+01  -0.349789E+02
   0.985403E+02   0.101162E+03   0.178879E+01   0.673132E+00  -0.348799E+02
   0.983127E+02   0.101669E+03   0.188931E+01   0.535899E+00  -0.324516E+02
   0.982775E+02   0.101981E+03   0.171360E+01   0.409056E+00  -0.323890E+02
   0.986466E+02   0.101657E+03   0.183897E+01   0.109802E+01  -0.335590E+02
   0.985685E+02   0.101577E+03   0.171024E+01   0.719387E+00  -0.329536E+02
   0.986846E+02   0.101174E+03   0.166811E+01   0.351364E+00  -0.361863E+02
   0.978189E+02   0.101232E+03   0.160566E+01   0.460924E+00  -0.351544E+02
   0.976764E+02   0.101348E+03   0.162639E+01   0.938071E-01  -0.352411E+02
   0.979365E+02   0.101434E+03   0.156411E+01   0.117943E+01  -0.345852E+02
   0.982124E+02   0.101969E+03   0.153675E+01   0.134264E+01  -0.346098E+02
   0.984095E+02   0.102909E+03   0.182349E+01   0.165302E+01  -0.364987E+02
   0.961652E+02   0.102134E+03   0.151132E+01   0.161035E+01  -0.376955E+02
   0.985788E+02   0.102076E+03   0.199072E+01   0.848713E+00  -0.353631E+02
   0.982065E+02   0.102076E+03   0.164967E+01   0.834242E+00  -0.333893E+02
   0.974949E+02   0.101464E+03   0.176625E+01   0.837096E+00  -0.337428E+02
   0.979081E+02   0.101640E+03   0.187918E+01   0.131465E+01  -0.340775E+02
   0.975394E+02   0.101998E+03   0.179341E+01   0.211631E+00  -0.335700E+02
   0.975176E+02   0.101610E+03   0.178939E+01   0.764628E+00  -0.332060E+02
   0.984649E+02   0.102072E+03   0.181832E+01   0.688840E+00  -0.324221E+02
   0.982377E+02   0.102293E+03   0.173291E+01   0.372001E+00  -0.334724E+02
   0.994782E+02   0.102493E+03   0.157068E+01   0.891522E+00  -0.368860E+02
   0.967347E+02   0.101599E+03   0.165785E+01   0.113314E+01  -0.356567E+02
   0.989545E+02   0.102203E+03   0.171222E+01   0.331854E+00  -0.343616E+02
   0.983603E+02   0.101658E+03   0.187652E+01   0.247039E+00  -0.327758E+02
   0.977173E+02   0.101061E+03   0.174696E+01   0.798998E+00  -0.354878E+02
   0.985143E+02   0.101359E+03   0.180725E+01   0.104147E+01  -0.341060E+02
   0.986813E+02   0.102023E+03   0.190830E+01   0.693176E+00  -0.326358E+02
   0.979789E+02   0.101535E+03   0.190302E+01   0.325230E+00  -0.330461E+02
   0.977294E+02   0.101325E+03   0.182855E+01   0.718016E+00  -0.339541E+02
   0.973657E+02   0.101888E+03   0.166653E+01   0.138805E+01  -0.350395E+02
   0.988208E+02   0.101888E+03   0.179498E+01   0.131425E+01  -0.342064E+02
   0.973881E+02   0.102232E+03   0.195240E+01   0.330294E+00  -0.344733E+02
   0.988665E+02   0.102561E+03   0.170620E+01   0.129564E+01  -0.348549E+02
   0.982999E+02   0.102669E+03   0.175480E+01   0.882299E+00  -0.342410E+02
   0.975086E+02   0.101895E+03   0.194018E+01   0.309629E+00  -0.332888E+02
   0.998086E+02   0.101895E+03   0.187725E+01   0.645632E+00  -0.363272E+02
   0.999788E+02   0.102052E+03   0.183389E+01   0.106529E+01  -0.365071E+02
   0.971090E+02   0.102241E+03   0.183748E+01   0.104548E+01  -0.341192E+02
   0.979382E+02   0.101349E+03   0.156920E+01   0.108520E+00  -0.348853E+02
   0.984573E+02   0.102042E+03   0.186649E+01   0.106215E+01  -0.329916E+02
   0.978431E+02   0.101999E+03   0.192748E+01   0.308839E+00  -0.327798E+02
   0.973767E+02   0.102031E+03   0.181484E+01   0.729821E+00  -0.331021E+02
   0.988903E+02   0.101724E+03   0.163228E+01   0.748503E+00  -0.340003E+02
   0.978432E+02   0.102221E+03   0.194806E+01   0.819250E+00  -0.327218E+02
   0.985012E+02   0.101995E+03   0.168774E+01   0.182846E+01  -0.361137E+02
   0.982757E+02   0.101477E+03   0.184799E+01   0.142996E+01  -0.348281E+02
   0.973341E+02   0.102437E+03   0.194387E+01   0.846196E+00  -0.340581E+02
   0.983183E+02   0.101747E+03   0.188638E+01   0.100134E+01  -0.328950E+02
   0.993687E+02   0.101767E+03   0.177223E+01   0.956194E+00  -0.344824E+02
   0.984535E+02   0.101702E+03   0.173793E+01   0.918772E+00  -0.328468E+02
   0.986372E+02   0.101922E+03   0.189596E+01   0.143776E+00  -0.331831E+02
   0.978698E+02   0.101728E+03   0.157738E+01   0.387519E+00  -0.333736E+02
   0.980467E+02   0.102428E+03   0.178831E+01   0.428319E+00  -0.340617E+02
   0.984138E+02   0.101816E+03   0.175144E+01   0.462335E+00  -0.323533E+02
   0.974998E+02   0.102067E+03   0.193847E+01   0.761942E+00  -0.328911E+02
   0.977762E+02   0.101613E+03   0.173927E+01   0.762077E+00  -0.328419E+02
   0.984095E+02   0.101637E+03   0.186944E+01   0.764173E+00  -0.326870E+02
   0.980719E+02   0.102105E+03   0.173159E+01   0.460616E+00  -0.325377E+02
   0.984150E+02   0.102377E+03   0.192075E+01   0.460616E+00  -0.337251E+02
   0.976853E+02   0.101888E+03   0.170125E+01   0.429841E+00  -0.326807E+02
   0.977411E+02   0.102084E+03   0.192024E+01   0.112741E+01  -0.332285E+02
   0.964503E+02   0.102509E+03   0.176336E+01   0.103089E+01  -0.366597E+02
   0.983466E+02   0.101277E+03   0.160481E+01   0.751550E+00  -0.345746E+02
   0.983352E+02   0.101522E+03   0.161420E+01   0.593747E+00  -0.336070E+02
   0.975002E+02   0.102315E+03   0.165689E+01   0.103261E+01  -0.344708E+02
   0.988683E+02   0.101483E+03   0.165689E+01   0.504579E+00  -0.346129E+02
   0.986305E+02   0.101841E+03   0.194760E+01   0.432848E+00  -0.326519E+02
   0.977228E+02   0.101333E+03   0.155830E+01   0.182463E+01  -0.370950E+02
   0.984202E+02   0.101578E+03   0.196989E+01   0.497778E+00  -0.327848E+02
   0.987846E+02   0.102253E+03   0.176684E+01   0.224783E+00  -0.345018E+02
   0.978432E+02   0.101900E+03   0.179130E+01   0.788941E+00  -0.324035E+02
   0.984489E+02   0.102027E+03   0.172354E+01   0.408058E+00  -0.325904E+02
   0.969908E+02   0.101743E+03   0.172354E+01   0.492237E+00  -0.346779E+02
   0.976552E+02   0.101875E+03   0.176785E+01   0.422724E+00  -0.327432E+02
   0.985825E+02   0.101649E+03   0.170982E+01   0.102294E-01  -0.332738E+02
   0.967381E+02   0.101656E+03   0.184986E+01   0.117189E+01  -0.353261E+02
   0.979063E+02   0.101629E+03   0.196476E+01   0.117189E+01  -0.336041E+02
   0.976623E+02   0.102283E+03   0.170197E+01   0.728345E+00  -0.330688E+02
   0.974799E+02   0.102253E+03   0.168051E+01   0.306582E+00  -0.344046E+02
   0.980743E+02   0.101909E+03   0.190391E+01   0.958144E+00  -0.326029E+02
   0.979477E+02   0.102039E+03   0.197018E+01   0.114078E+01  -0.331413E+02
   0.979595E+02   0.102045E+03   0.156992E+01   0.961210E+00  -0.335324E+02
   0.988256E+02   0.102137E+03   0.189976E+01   0.164191E+00  -0.342079E+02
   0.974591E+02   0.101096E+03   0.189578E+01   0.253028E+00  -0.369836E+02
   0.974526E+02   0.101711E+03   0.197650E+01   0.529693E+00  -0.331769E+02
   0.988088E+02   0.101448E+03   0.155296E+01   0.412535E+00  -0.347485E+02
   0.979337E+02   0.102193E+03   0.160992E+01   0.962023E+00  -0.337761E+02
   0.974733E+02   0.101598E+03   0.167226E+01   0.683147E+00  -0.338790E+02
   0.985975E+02   0.101598E+03   0.168104E+01   0.113539E+01  -0.337358E+02
   0.974800E+02   0.101605E+03   0.184098E+01   0.115498E+01  -0.339479E+02
   0.982252E+02   0.102326E+03   0.151692E+01   0.124143E+01  -0.347033E+02
   0.984730E+02   0.101952E+03   0.164676E+01   0.590635E+00  -0.333276E+02
   0.989510E+02   0.102019E+03   0.155968E+01   0.695863E+00  -0.341856E+02
   0.974277E+02   0.103003E+03   0.197731E+01   0.128022E+01  -0.362984E+02
   0.988170E+02   0.101815E+03   0.178377E+01   0.796350E+00  -0.329461E+02
   0.989307E+02   0.101838E+03   0.170657E+01   0.821410E+00  -0.331716E+02
   0.978887E+02   0.101451E+03   0.178500E+01   0.224350E+00  -0.336228E+02
   0.979300E+02   0.102176E+03   0.171724E+01   0.162761E+00  -0.335922E+02
   0.982321E+02   0.101950E+03   0.171724E+01   0.801017E+00  -0.323008E+02
   0.982321E+02   0.101966E+03   0.179252E+01   0.520509E+00  -0.322240E+02
   0.981838E+02   0.101797E+03   0.171383E+01   0.120455E+00  -0.326660E+02
   0.982520E+02   0.101863E+03   0.190810E+01   0.427326E+00  -0.322758E+02
   0.984919E+02   0.102043E+03   0.191178E+01   0.102890E+01  -0.329275E+02
   0.987297E+02   0.101650E+03   0.178248E+01   0.708305E+00  -0.329883E+02
   0.983871E+02   0.102209E+03   0.182513E+01   0.282837E+00  -0.334254E+02
   0.977187E+02   0.102067E+03   0.176648E+01   0.559686E+00  -0.326327E+02
   0.977857E+02   0.101082E+03   0.177031E+01   0.114803E+01  -0.354431E+02
   0.986400E+02   0.102063E+03   0.183612E+01   0.495579E+00  -0.327696E+02
   0.979043E+02   0.101856E+03   0.195711E+01   0.123874E+01  -0.335384E+02
   0.967876E+02   0.102087E+03   0.190927E+01   0.113120E+01  -0.348554E+02
   0.984250E+02   0.102557E+03   0.191396E+01   0.152835E+01  -0.352136E+02
   0.983601E+02   0.102595E+03   0.151226E+01   0.198225E+01  -0.379713E+02
   0.976260E+02   0.101369E+03   0.194596E+01   0.657336E+00  -0.339016E+02
   0.995541E+02   0.101940E+03   0.186943E+01   0.167242E+01  -0.366861E+02
   0.983734E+02   0.102921E+03   0.186902E+01   0.140844E+01  -0.358357E+02
   0.988939E+02   0.102015E+03   0.182686E+01   0.395064E+00  -0.334278E+02
   0.976366E+02   0.101951E+03   0.197271E+01   0.751546E+00  -0.325967E+02
   0.989047E+02   0.101896E+03   0.170591E+01   0.724509E+00  -0.330177E+02
   0.988579E+02   0.101984E+03   0.175121E+01   0.724509E+00  -0.329302E+02
   0.979342E+02   0.101809E+03   0.202263E+01   0.101444E+01  -0.360694E+02
   0.979342E+02   0.101788E+03   0.188716E+01   0.104150E+01  -0.329534E+02
   0.975959E+02   0.102056E+03   0.180312E+01   0.573072E+00  -0.328003E+02
   0.964441E+02   0.102261E+03   0.180321E+01   0.164512E+01  -0.369567E+02
   0.977933E+02   0.102060E+03   0.189747E+01   0.208596E+01  -0.372646E+02
   0.977953E+02   0.101691E+03   0.190860E+01   0.278927E+01  -0.407046E+02
   0.966547E+02   0.102408E+03   0.188322E+01   0.913217E+00  -0.358048E+02
   0.986630E+02   0.101576E+03   0.192404E+01   0.625366E+00  -0.330542E+02
   0.986587E+02   0.101437E+03   0.182251E+01   0.844647E+00  -0.336509E+02
   0.990137E+02   0.102506E+03   0.192903E+01   0.127094E+01  -0.348742E+02
   0.985472E+02   0.101544E+03   0.181619E+01   0.925393E+00  -0.333008E+02
   0.985305E+02   0.101682E+03   0.150668E+01   0.478063E+00  -0.335035E+02
   0.983386E+02   0.102229E+03   0.158972E+01   0.129292E+00  -0.351492E+02
   0.982539E+02   0.102013E+03   0.174698E+01   0.630274E+00  -0.322230E+02
   0.979256E+02   0.101053E+03   0.157999E+01   0.148306E+01  -0.365686E+02
   0.988195E+02   0.101908E+03   0.169048E+01   0.117309E+01  -0.337133E+02
   0.984186E+02   0.101629E+03   0.186537E+01   0.284675E+00  -0.328514E+02
   0.978620E+02   0.102176E+03   0.163979E+01   0.148057E+00  -0.348451E+02
   0.982389E+02   0.101371E+03   0.161337E+01   0.126378E+01  -0.350101E+02
   0.993968E+02   0.101440E+03   0.195203E+01   0.376407E+00  -0.361790E+02
   0.976326E+02   0.101532E+03   0.165006E+01   0.995664E+00  -0.340870E+02
   0.974991E+02   0.101852E+03   0.169165E+01   0.553937E+00  -0.328945E+02
   0.979787E+02   0.101426E+03   0.196071E+01   0.530856E+00  -0.333033E+02
   0.983564E+02   0.100797E+03   0.157555E+01   0.127626E+01  -0.373613E+02
   0.985961E+02   0.101256E+03   0.114317E+01   0.165098E+01  -0.390792E+02
   0.993135E+02   0.102030E+03   0.178507E+01   0.483782E+00  -0.346387E+02
   0.993843E+02   0.101984E+03   0.177978E+01   0.416666E+00  -0.350816E+02
   0.988810E+02   0.102039E+03   0.173153E+01   0.891403E+00  -0.331431E+02
   0.972003E+02   0.102039E+03   0.180356E+01   0.851908E+00  -0.335232E+02
   0.985978E+02   0.102179E+03   0.173113E+01   0.275080E+00  -0.335870E+02
   0.989215E+02   0.102179E+03   0.175148E+01   0.118913E+01  -0.339718E+02
   0.985766E+02   0.102179E+03   0.174022E+01   0.392361E+00  -0.332163E+02
   0.974945E+02   0.101706E+03   0.188833E+01   0.809433E-01  -0.337490E+02
   0.975410E+02   0.102064E+03   0.166917E+01   0.667290E+00  -0.337165E+02
   0.976691E+02   0.102009E+03   0.194708E+01   0.112578E+01  -0.332606E+02
   0.980068E+02   0.102341E+03   0.193204E+01   0.104734E+01  -0.332181E+02
   0.962205E+02   0.101893E+03   0.163372E+01   0.111574E+01  -0.368751E+02
   0.985018E+02   0.101893E+03   0.163372E+01   0.534771E+00  -0.333449E+02
   0.986199E+02   0.102081E+03   0.183044E+01   0.102086E+01  -0.330462E+02
   0.977673E+02   0.102526E+03   0.182602E+01   0.232841E+01  -0.386336E+02
   0.986944E+02   0.101517E+03   0.173277E+01   0.106189E+01  -0.338365E+02
   0.987777E+02   0.101998E+03   0.178091E+01   0.601908E+00  -0.328070E+02
   0.989080E+02   0.101778E+03   0.158188E+01   0.549741E+00  -0.340667E+02
   0.989397E+02   0.101778E+03   0.157793E+01   0.165715E+01  -0.363966E+02
   0.969628E+02   0.102323E+03   0.181359E+01   0.102825E+01  -0.345944E+02
   0.992648E+02   0.101875E+03   0.195193E+01   0.135196E+01  -0.350443E+02
   0.971022E+02   0.101981E+03   0.195744E+01   0.132273E+01  -0.346078E+02
   0.972420E+02   0.101993E+03   0.183417E+01   0.113930E+01  -0.338566E+02
   0.983691E+02   0.101853E+03   0.160496E+01   0.107022E+00  -0.337709E+02
   0.969180E+02   0.102155E+03   0.171560E+01   0.479227E+00  -0.353420E+02
   0.984466E+02   0.102066E+03   0.191006E+01   0.115003E+01  -0.332588E+02
   0.980694E+02   0.102066E+03   0.191500E+01   0.770336E+00  -0.323274E+02
   0.979974E+02   0.101996E+03   0.170083E+01   0.578812E+00  -0.322481E+02
