res1           res2           tau1           Y1_gamma1      LogPost        
   0.113234E+03   0.114014E+03   0.658972E+01   0.480371E+00  -0.426432E+02
   0.112831E+03   0.114131E+03   0.625657E+01   0.907884E+00  -0.445399E+02
   0.112408E+03   0.113707E+03   0.654311E+01   0.793815E+00  -0.445256E+02
   0.113737E+03   0.113936E+03   0.665064E+01   0.361647E+00  -0.434015E+02
   0.111832E+03   0.113936E+03   0.614230E+01   0.220253E+00  -0.439976E+02
   0.112985E+03   0.113897E+03   0.665640E+01   0.151479E+00  -0.423189E+02
   0.114076E+03   0.112618E+03   0.888069E+01   0.811774E+00  -0.454807E+02
   0.113454E+03   0.114916E+03   0.888069E+01   0.133835E+01  -0.459314E+02
   0.114537E+03   0.114514E+03   0.851179E+01   0.124864E+01  -0.473627E+02
   0.112748E+03   0.113672E+03   0.729401E+01   0.696168E+00  -0.461381E+02
   0.113135E+03   0.113826E+03   0.661628E+01   0.770251E+00  -0.434484E+02
   0.113849E+03   0.113263E+03   0.715156E+01   0.191934E+00  -0.467182E+02
   0.112302E+03   0.113658E+03   0.599482E+01   0.885123E+00  -0.445374E+02
   0.112849E+03   0.113509E+03   0.620882E+01   0.980852E+00  -0.449784E+02
   0.113565E+03   0.113893E+03   0.647558E+01   0.601050E+00  -0.438111E+02
   0.113941E+03   0.114502E+03   0.886970E+01   0.148480E+00  -0.438656E+02
   0.114044E+03   0.112971E+03   0.886970E+01   0.116577E+01  -0.457547E+02
   0.113329E+03   0.113788E+03   0.628210E+01   0.130386E-01  -0.435175E+02
   0.113346E+03   0.113788E+03   0.628232E+01   0.163546E+00  -0.435362E+02
   0.113373E+03   0.113722E+03   0.677471E+01   0.103739E+00  -0.436257E+02
   0.114140E+03   0.111671E+03   0.878331E+01   0.589008E+00  -0.456204E+02
   0.113072E+03   0.113919E+03   0.674614E+01   0.191881E-01  -0.433684E+02
   0.112779E+03   0.113808E+03   0.599621E+01   0.256952E-01  -0.433715E+02
   0.111931E+03   0.113801E+03   0.618675E+01   0.256952E-01  -0.438592E+02
   0.114156E+03   0.114079E+03   0.694875E+01   0.105299E+01  -0.452579E+02
   0.114580E+03   0.114095E+03   0.658594E+01   0.143118E+01  -0.470762E+02
   0.112938E+03   0.113426E+03   0.596116E+01   0.480870E+00  -0.449517E+02
   0.114632E+03   0.114332E+03   0.761210E+01   0.907233E+00  -0.472966E+02
   0.113580E+03   0.113954E+03   0.894428E+01   0.451443E+00  -0.441734E+02
   0.112990E+03   0.113776E+03   0.637714E+01   0.264306E+00  -0.435518E+02
   0.114381E+03   0.114301E+03   0.831545E+01   0.221941E+00  -0.468179E+02
   0.114861E+03   0.114250E+03   0.667485E+01   0.172354E+01  -0.489125E+02
   0.110444E+03   0.113237E+03   0.625118E+01   0.771538E+00  -0.487243E+02
   0.113128E+03   0.114372E+03   0.747047E+01   0.173942E+00  -0.447798E+02
   0.113098E+03   0.113964E+03   0.623411E+01   0.112544E+01  -0.448239E+02
   0.111813E+03   0.113925E+03   0.593569E+01   0.109244E+01  -0.451735E+02
   0.113910E+03   0.114027E+03   0.690881E+01   0.901365E-01  -0.439729E+02
   0.113824E+03   0.113721E+03   0.834920E+01   0.111248E+01  -0.449629E+02
   0.113860E+03   0.114141E+03   0.636733E+01   0.884323E+00  -0.447531E+02
   0.111951E+03   0.113837E+03   0.599348E+01   0.323540E+00  -0.438747E+02
   0.113652E+03   0.113990E+03   0.638480E+01   0.187055E+00  -0.437669E+02
   0.113146E+03   0.113990E+03   0.631023E+01   0.160464E+01  -0.466635E+02
   0.112452E+03   0.114097E+03   0.652534E+01   0.930217E+00  -0.445391E+02
   0.113905E+03   0.115026E+03   0.884365E+01   0.200400E+00  -0.437504E+02
   0.113862E+03   0.113212E+03   0.884365E+01   0.165343E+00  -0.442627E+02
   0.113694E+03   0.117446E+03   0.884365E+01   0.191511E+00  -0.451064E+02
   0.113694E+03   0.115509E+03   0.884365E+01   0.263628E+00  -0.437885E+02
   0.113597E+03   0.116014E+03   0.884365E+01   0.776399E+00  -0.444212E+02
   0.113788E+03   0.113804E+03   0.690483E+01   0.239273E+00  -0.438390E+02
   0.113540E+03   0.113917E+03   0.890534E+01   0.860906E+00  -0.446199E+02
   0.113361E+03   0.114921E+03   0.856885E+01   0.995570E+00  -0.473127E+02
   0.113766E+03   0.114005E+03   0.829646E+01   0.582933E+00  -0.441465E+02
   0.113765E+03   0.114005E+03   0.739265E+01   0.443910E+00  -0.436461E+02
   0.112516E+03   0.114237E+03   0.659944E+01   0.270123E-01  -0.431496E+02
   0.113478E+03   0.113938E+03   0.677346E+01   0.418185E+00  -0.434485E+02
   0.111586E+03   0.114375E+03   0.596735E+01   0.644906E+00  -0.461938E+02
   0.114078E+03   0.113659E+03   0.650501E+01   0.770813E+00  -0.445034E+02
   0.112916E+03   0.113427E+03   0.727017E+01   0.132601E+01  -0.470187E+02
   0.112916E+03   0.113851E+03   0.628358E+01   0.193512E+00  -0.433617E+02
   0.113730E+03   0.113235E+03   0.646615E+01   0.590967E+00  -0.465654E+02
   0.113438E+03   0.118402E+03   0.888803E+01   0.270924E+00  -0.473679E+02
   0.113968E+03   0.117604E+03   0.888803E+01   0.767236E+00  -0.455159E+02
   0.113479E+03   0.113002E+03   0.888803E+01   0.417450E+00  -0.451313E+02
   0.113706E+03   0.113483E+03   0.861859E+01   0.836896E+00  -0.444056E+02
   0.113677E+03   0.114275E+03   0.667238E+01   0.506600E+00  -0.436474E+02
   0.111769E+03   0.113767E+03   0.601075E+01   0.223035E+00  -0.441181E+02
   0.112262E+03   0.113679E+03   0.624332E+01   0.204028E-01  -0.439022E+02
   0.113588E+03   0.113084E+03   0.886076E+01   0.271479E+00  -0.446801E+02
   0.113772E+03   0.111247E+03   0.886076E+01   0.111643E+01  -0.466780E+02
   0.113688E+03   0.113855E+03   0.801505E+01   0.648805E+00  -0.438848E+02
   0.114621E+03   0.113855E+03   0.625244E+01   0.722332E+00  -0.450173E+02
   0.114873E+03   0.114516E+03   0.700090E+01   0.138816E+01  -0.483164E+02
   0.114215E+03   0.113842E+03   0.671336E+01   0.713931E+00  -0.448946E+02
   0.113513E+03   0.116254E+03   0.889894E+01   0.902597E+00  -0.449088E+02
   0.113686E+03   0.116281E+03   0.889894E+01   0.554577E+00  -0.441861E+02
   0.113363E+03   0.113915E+03   0.637936E+01   0.414920E-01  -0.434498E+02
   0.113082E+03   0.114100E+03   0.628485E+01   0.588419E+00  -0.440310E+02
   0.112766E+03   0.113786E+03   0.599917E+01   0.671743E+00  -0.437970E+02
   0.112498E+03   0.113425E+03   0.599917E+01   0.727963E+00  -0.450506E+02
   0.111279E+03   0.113919E+03   0.592477E+01   0.990047E-01  -0.447484E+02
   0.113270E+03   0.113612E+03   0.779128E+01   0.895708E+00  -0.451198E+02
   0.113590E+03   0.114090E+03   0.775827E+01   0.698793E+00  -0.440616E+02
   0.114243E+03   0.115244E+03   0.893727E+01   0.516962E-01  -0.457404E+02
   0.114304E+03   0.113111E+03   0.870271E+01   0.154973E+01  -0.470789E+02
   0.114063E+03   0.113713E+03   0.643303E+01   0.855766E-02  -0.444644E+02
   0.113866E+03   0.113697E+03   0.828750E+01   0.413887E+00  -0.440672E+02
   0.114686E+03   0.113765E+03   0.673745E+01   0.144441E+01  -0.471432E+02
   0.113713E+03   0.114249E+03   0.657293E+01   0.644272E+00  -0.442295E+02
   0.113729E+03   0.113781E+03   0.625711E+01   0.745824E+00  -0.441593E+02
   0.113840E+03   0.114122E+03   0.825732E+01   0.365219E+00  -0.437352E+02
   0.113996E+03   0.114307E+03   0.787521E+01   0.785671E+00  -0.447602E+02
   0.114252E+03   0.113817E+03   0.885288E+01   0.498553E+00  -0.456879E+02
   0.113475E+03   0.115022E+03   0.802757E+01   0.822179E+00  -0.458928E+02
   0.114007E+03   0.114167E+03   0.644090E+01   0.778828E+00  -0.448424E+02
   0.113685E+03   0.113449E+03   0.874611E+01   0.364289E-02  -0.440117E+02
   0.113651E+03   0.113491E+03   0.821641E+01   0.912788E+00  -0.449447E+02
   0.114355E+03   0.113285E+03   0.745340E+01   0.912788E+00  -0.471952E+02
   0.111198E+03   0.113916E+03   0.629958E+01   0.595476E+00  -0.450347E+02
   0.113038E+03   0.113714E+03   0.654008E+01   0.327049E+00  -0.433023E+02
   0.112075E+03   0.114391E+03   0.654008E+01   0.110024E+00  -0.458384E+02
   0.113786E+03   0.114391E+03   0.742468E+01   0.800429E+00  -0.445714E+02
   0.113051E+03   0.113936E+03   0.750724E+01   0.832753E-01  -0.442047E+02
   0.113867E+03   0.113893E+03   0.805673E+01   0.669331E+00  -0.440954E+02
   0.114198E+03   0.113673E+03   0.660971E+01   0.738248E+00  -0.456737E+02
   0.113552E+03   0.113760E+03   0.659796E+01   0.257154E+00  -0.433516E+02
   0.113534E+03   0.113386E+03   0.865595E+01   0.709679E+00  -0.446535E+02
   0.114489E+03   0.113677E+03   0.691665E+01   0.774133E+00  -0.459569E+02
   0.113479E+03   0.113696E+03   0.864686E+01   0.819411E+00  -0.448897E+02
   0.113633E+03   0.113721E+03   0.890964E+01   0.768246E-01  -0.441801E+02
   0.113633E+03   0.115048E+03   0.890964E+01   0.451541E-01  -0.438955E+02
   0.113583E+03   0.114278E+03   0.783139E+01   0.232029E+00  -0.443782E+02
   0.114299E+03   0.117471E+03   0.889271E+01   0.192634E+01  -0.492490E+02
   0.114078E+03   0.117267E+03   0.884159E+01   0.183390E+01  -0.483917E+02
   0.113986E+03   0.114169E+03   0.865740E+01   0.176189E+00  -0.443472E+02
   0.111894E+03   0.113601E+03   0.617841E+01   0.569785E-01  -0.445917E+02
   0.113164E+03   0.113902E+03   0.660854E+01   0.470734E+00  -0.427021E+02
   0.113669E+03   0.114964E+03   0.678825E+01   0.145864E+01  -0.487038E+02
   0.113858E+03   0.113756E+03   0.831717E+01   0.846414E+00  -0.443488E+02
   0.113621E+03   0.114499E+03   0.794211E+01   0.259944E+00  -0.451490E+02
   0.114006E+03   0.114732E+03   0.893180E+01   0.889476E+00  -0.445284E+02
   0.113153E+03   0.114088E+03   0.676628E+01   0.797419E+00  -0.443655E+02
   0.113420E+03   0.114272E+03   0.765083E+01   0.797419E+00  -0.442547E+02
   0.113432E+03   0.113950E+03   0.762137E+01   0.571191E+00  -0.436732E+02
   0.113654E+03   0.113845E+03   0.672180E+01   0.114208E+01  -0.449874E+02
   0.112412E+03   0.113585E+03   0.665421E+01   0.198616E+00  -0.447263E+02
   0.114408E+03   0.113585E+03   0.630652E+01   0.103761E+01  -0.455603E+02
   0.112333E+03   0.114368E+03   0.689972E+01   0.185053E+01  -0.497656E+02
   0.114227E+03   0.113172E+03   0.776408E+01   0.100478E+01  -0.467725E+02
   0.112286E+03   0.114006E+03   0.624982E+01   0.521288E+00  -0.439029E+02
   0.113550E+03   0.112947E+03   0.839975E+01   0.262368E+00  -0.464065E+02
   0.113712E+03   0.113917E+03   0.608930E+01   0.777448E+00  -0.441713E+02
   0.113339E+03   0.113475E+03   0.857809E+01   0.117071E+01  -0.460071E+02
   0.113339E+03   0.113475E+03   0.805910E+01   0.173049E+01  -0.477754E+02
   0.114143E+03   0.114400E+03   0.856598E+01   0.121924E+01  -0.460130E+02
   0.114121E+03   0.114448E+03   0.824749E+01   0.143855E+01  -0.465228E+02
   0.113660E+03   0.113764E+03   0.752774E+01   0.181476E+01  -0.477224E+02
   0.113788E+03   0.112766E+03   0.851660E+01   0.830001E+00  -0.454765E+02
   0.113590E+03   0.114176E+03   0.752797E+01   0.910254E-01  -0.434916E+02
   0.113482E+03   0.113980E+03   0.729346E+01   0.520941E+00  -0.437379E+02
   0.113524E+03   0.114197E+03   0.744735E+01   0.144479E+01  -0.460717E+02
   0.113796E+03   0.113957E+03   0.826492E+01   0.171649E+00  -0.436488E+02
   0.113796E+03   0.113689E+03   0.843832E+01   0.617955E+00  -0.440520E+02
   0.112342E+03   0.113744E+03   0.622503E+01   0.617955E+00  -0.439206E+02
   0.113331E+03   0.114413E+03   0.734812E+01   0.244895E+00  -0.443719E+02
   0.113437E+03   0.114459E+03   0.616288E+01   0.123144E+01  -0.464042E+02
   0.113704E+03   0.113983E+03   0.648511E+01   0.100519E+01  -0.446341E+02
   0.113816E+03   0.113150E+03   0.850563E+01   0.195676E-01  -0.447481E+02
   0.113860E+03   0.113799E+03   0.769928E+01   0.631786E+00  -0.441624E+02
   0.113860E+03   0.114109E+03   0.842096E+01   0.357076E+00  -0.442059E+02
   0.114065E+03   0.114043E+03   0.869808E+01   0.357076E+00  -0.444732E+02
   0.113539E+03   0.111733E+03   0.876275E+01   0.662510E+00  -0.454367E+02
   0.113539E+03   0.113737E+03   0.884525E+01   0.897686E+00  -0.447460E+02
   0.113818E+03   0.115186E+03   0.791016E+01   0.117070E+01  -0.476969E+02
   0.114147E+03   0.112586E+03   0.847083E+01   0.830536E+00  -0.462268E+02
   0.114147E+03   0.113764E+03   0.622857E+01   0.119102E+01  -0.454342E+02
   0.113442E+03   0.113740E+03   0.862543E+01   0.103737E+01  -0.453817E+02
   0.112978E+03   0.114038E+03   0.601960E+01   0.345301E+00  -0.436907E+02
   0.113468E+03   0.114422E+03   0.795288E+01   0.736134E+00  -0.441759E+02
   0.113555E+03   0.114088E+03   0.665074E+01   0.333945E+00  -0.428858E+02
   0.111031E+03   0.114057E+03   0.611369E+01   0.333945E+00  -0.455316E+02
   0.112844E+03   0.113716E+03   0.660748E+01   0.221888E+00  -0.431014E+02
   0.112674E+03   0.113864E+03   0.629051E+01   0.962670E+00  -0.443646E+02
   0.113462E+03   0.113973E+03   0.676746E+01   0.845086E+00  -0.441721E+02
   0.114804E+03   0.114151E+03   0.652271E+01   0.113671E+01  -0.470516E+02
   0.114048E+03   0.114263E+03   0.814783E+01   0.434009E+00  -0.445185E+02
   0.113020E+03   0.114182E+03   0.703161E+01   0.961519E+00  -0.451026E+02
   0.113696E+03   0.113761E+03   0.742528E+01   0.144906E+01  -0.461200E+02
   0.112874E+03   0.113569E+03   0.608867E+01   0.335128E+00  -0.441650E+02
   0.112130E+03   0.113738E+03   0.648802E+01   0.725985E+00  -0.447240E+02
   0.113227E+03   0.114115E+03   0.619478E+01   0.725985E+00  -0.442362E+02
   0.113312E+03   0.113556E+03   0.673597E+01   0.595020E+00  -0.444621E+02
   0.112513E+03   0.114477E+03   0.668604E+01   0.328269E+00  -0.469984E+02
   0.111623E+03   0.113928E+03   0.597770E+01   0.150478E+01  -0.467184E+02
   0.113974E+03   0.113722E+03   0.729784E+01   0.105071E+01  -0.450539E+02
   0.113094E+03   0.114268E+03   0.739304E+01   0.653966E+00  -0.444909E+02
   0.113611E+03   0.114268E+03   0.654452E+01   0.769542E+00  -0.442717E+02
   0.113268E+03   0.113705E+03   0.659112E+01   0.107611E+01  -0.445810E+02
   0.113365E+03   0.114890E+03   0.884487E+01   0.119949E+01  -0.457376E+02
   0.113435E+03   0.113671E+03   0.869900E+01   0.111282E+01  -0.455685E+02
   0.113296E+03   0.114347E+03   0.713731E+01   0.789299E+00  -0.456159E+02
   0.114202E+03   0.113800E+03   0.893282E+01   0.432639E+00  -0.453854E+02
   0.114087E+03   0.114694E+03   0.893282E+01   0.469583E+00  -0.444666E+02
   0.114100E+03   0.111846E+03   0.887896E+01   0.536433E+00  -0.463097E+02
   0.114100E+03   0.113925E+03   0.850307E+01   0.133190E+01  -0.458273E+02
   0.112756E+03   0.114452E+03   0.811249E+01   0.161890E+01  -0.482756E+02
   0.113722E+03   0.114661E+03   0.869208E+01   0.677866E+00  -0.451357E+02
   0.113839E+03   0.113408E+03   0.886498E+01   0.149602E+00  -0.441024E+02
   0.113918E+03   0.111243E+03   0.886498E+01   0.613159E+00  -0.464325E+02
   0.113636E+03   0.113849E+03   0.891771E+01   0.613159E+00  -0.441402E+02
   0.113497E+03   0.113916E+03   0.701660E+01   0.115301E+01  -0.450213E+02
   0.113865E+03   0.114360E+03   0.734903E+01   0.175408E+00  -0.445449E+02
   0.113772E+03   0.114215E+03   0.824449E+01   0.419031E+00  -0.436877E+02
   0.113085E+03   0.114215E+03   0.659798E+01   0.494462E+00  -0.428092E+02
   0.113240E+03   0.114215E+03   0.659798E+01   0.832290E+00  -0.435444E+02
   0.113713E+03   0.113864E+03   0.803981E+01   0.751157E-01  -0.436662E+02
   0.114115E+03   0.114499E+03   0.887294E+01   0.213996E+00  -0.446897E+02
   0.113809E+03   0.113748E+03   0.873838E+01   0.212981E+00  -0.438473E+02
   0.113365E+03   0.114921E+03   0.893901E+01   0.965073E+00  -0.452109E+02
   0.113783E+03   0.115378E+03   0.885802E+01   0.163465E-01  -0.436617E+02
   0.113699E+03   0.113016E+03   0.885802E+01   0.677236E+00  -0.445513E+02
   0.113305E+03   0.114481E+03   0.717788E+01   0.108597E+01  -0.465306E+02
   0.114224E+03   0.113802E+03   0.595938E+01   0.210867E+00  -0.443878E+02
   0.113617E+03   0.113948E+03   0.683020E+01   0.372122E+00  -0.434961E+02
   0.113781E+03   0.113698E+03   0.701926E+01   0.447443E+00  -0.441369E+02
   0.111807E+03   0.114084E+03   0.629768E+01   0.598053E+00  -0.445533E+02
   0.113962E+03   0.114130E+03   0.708159E+01   0.128160E+01  -0.457769E+02
   0.113960E+03   0.114062E+03   0.617062E+01   0.417613E+00  -0.443623E+02
   0.113242E+03   0.113964E+03   0.664907E+01   0.393930E+00  -0.425398E+02
   0.113078E+03   0.114348E+03   0.738704E+01   0.556290E-01  -0.447132E+02
   0.114104E+03   0.113779E+03   0.889749E+01   0.638994E+00  -0.448047E+02
   0.113541E+03   0.114368E+03   0.875000E+01   0.427577E+00  -0.448863E+02
   0.113542E+03   0.113730E+03   0.614933E+01   0.107741E+01  -0.448239E+02
   0.113110E+03   0.113508E+03   0.705248E+01   0.300503E+00  -0.454514E+02
   0.113345E+03   0.113594E+03   0.671722E+01   0.610583E+00  -0.443194E+02
   0.113963E+03   0.114612E+03   0.876069E+01   0.263566E+00  -0.445854E+02
   0.112534E+03   0.114319E+03   0.655815E+01   0.367294E+00  -0.442628E+02
   0.112603E+03   0.113821E+03   0.655815E+01   0.309751E+00  -0.432632E+02
   0.113779E+03   0.114131E+03   0.653868E+01   0.956397E-01  -0.438780E+02
   0.113569E+03   0.116050E+03   0.890505E+01   0.100159E+01  -0.448961E+02
   0.113950E+03   0.115635E+03   0.884561E+01   0.698853E+00  -0.442158E+02
   0.113952E+03   0.112725E+03   0.884040E+01   0.574318E+00  -0.441744E+02
   0.113644E+03   0.113619E+03   0.793556E+01   0.238467E+00  -0.442139E+02
   0.113776E+03   0.114069E+03   0.611382E+01   0.356907E+00  -0.441969E+02
   0.113710E+03   0.114368E+03   0.782995E+01   0.848789E+00  -0.446117E+02
   0.113678E+03   0.113818E+03   0.806373E+01   0.849587E-01  -0.437354E+02
   0.113846E+03   0.113818E+03   0.714176E+01   0.943002E+00  -0.445510E+02
   0.113203E+03   0.113747E+03   0.782331E+01   0.228323E-02  -0.456986E+02
   0.113519E+03   0.114587E+03   0.745996E+01   0.247082E+00  -0.453404E+02
   0.112800E+03   0.113433E+03   0.661563E+01   0.247082E+00  -0.451263E+02
   0.113058E+03   0.113433E+03   0.652313E+01   0.488381E+00  -0.448502E+02
   0.113815E+03   0.113349E+03   0.657575E+01   0.101217E+01  -0.460937E+02
   0.112870E+03   0.113691E+03   0.765259E+01   0.109582E+01  -0.461118E+02
   0.112643E+03   0.114217E+03   0.630643E+01   0.119551E+00  -0.445799E+02
   0.113180E+03   0.113480E+03   0.716524E+01   0.337604E+00  -0.453739E+02
   0.113402E+03   0.113517E+03   0.671320E+01   0.218190E+00  -0.446955E+02
   0.113808E+03   0.113827E+03   0.661758E+01   0.101058E+01  -0.446698E+02
   0.113578E+03   0.115389E+03   0.885618E+01   0.284484E+00  -0.440837E+02
   0.113578E+03   0.114093E+03   0.692856E+01   0.152673E-01  -0.434311E+02
   0.113461E+03   0.114093E+03   0.793128E+01   0.481870E+00  -0.441106E+02
   0.112932E+03   0.113335E+03   0.602281E+01   0.424710E+00  -0.456791E+02
   0.112140E+03   0.114128E+03   0.635603E+01   0.123671E+01  -0.459007E+02
   0.114144E+03   0.113741E+03   0.622981E+01   0.120901E+00  -0.443983E+02
   0.113818E+03   0.114127E+03   0.817688E+01   0.204379E+00  -0.436723E+02
   0.111919E+03   0.113446E+03   0.598659E+01   0.539763E+00  -0.452739E+02
   0.113821E+03   0.115884E+03   0.895946E+01   0.137081E+00  -0.438324E+02
   0.113821E+03   0.112528E+03   0.861916E+01   0.137081E+00  -0.455805E+02
   0.113439E+03   0.113173E+03   0.849035E+01   0.647717E+00  -0.453007E+02
   0.113645E+03   0.114260E+03   0.752052E+01   0.577602E+00  -0.439170E+02
   0.112205E+03   0.113847E+03   0.600547E+01   0.848374E-01  -0.435798E+02
   0.112980E+03   0.113869E+03   0.659300E+01   0.278624E+00  -0.425008E+02
   0.113429E+03   0.113619E+03   0.755507E+01   0.902547E+00  -0.446920E+02
   0.114648E+03   0.114254E+03   0.645198E+01   0.532331E+00  -0.463202E+02
   0.111852E+03   0.113712E+03   0.619046E+01   0.123834E+01  -0.456819E+02
   0.113565E+03   0.113958E+03   0.759193E+01   0.432044E+00  -0.434829E+02
   0.113377E+03   0.113958E+03   0.684775E+01   0.509683E+00  -0.435594E+02
   0.113286E+03   0.113958E+03   0.657559E+01   0.178155E+00  -0.428399E+02
   0.112906E+03   0.113910E+03   0.640600E+01   0.124944E+01  -0.452606E+02
   0.113460E+03   0.114259E+03   0.770110E+01   0.817643E+00  -0.442418E+02
   0.112217E+03   0.113761E+03   0.653264E+01   0.948820E+00  -0.451112E+02
   0.113050E+03   0.113932E+03   0.599669E+01   0.528436E+00  -0.436150E+02
   0.112877E+03   0.113861E+03   0.660879E+01   0.657774E+00  -0.432127E+02
   0.112884E+03   0.114001E+03   0.712609E+01   0.103816E+01  -0.461572E+02
   0.112257E+03   0.114091E+03   0.619287E+01   0.648295E+00  -0.442507E+02
   0.113372E+03   0.114048E+03   0.737350E+01   0.599006E+00  -0.436825E+02
   0.112987E+03   0.114764E+03   0.771995E+01   0.750677E+00  -0.467075E+02
   0.114723E+03   0.114125E+03   0.613612E+01   0.560981E+00  -0.456095E+02
   0.112666E+03   0.113686E+03   0.654376E+01   0.378178E+00  -0.436565E+02
   0.113716E+03   0.113061E+03   0.774198E+01   0.775663E+00  -0.468925E+02
   0.114000E+03   0.113703E+03   0.869810E+01   0.134349E+01  -0.457555E+02
   0.117593E+03   0.113531E+03   0.608051E+01   0.155970E+01  -0.515259E+02
   0.113870E+03   0.113818E+03   0.884735E+01   0.182102E+00  -0.439204E+02
   0.114112E+03   0.114390E+03   0.860480E+01   0.126742E+01  -0.460093E+02
   0.114019E+03   0.114548E+03   0.781905E+01   0.267471E+00  -0.458313E+02
   0.113413E+03   0.113744E+03   0.683334E+01   0.267471E+00  -0.435972E+02
   0.111712E+03   0.113954E+03   0.617984E+01   0.507512E+00  -0.443041E+02
   0.112769E+03   0.114085E+03   0.660690E+01   0.107666E+01  -0.443838E+02
   0.113581E+03   0.114199E+03   0.816840E+01   0.128718E+01  -0.453569E+02
   0.113724E+03   0.114067E+03   0.804090E+01   0.743836E+00  -0.438978E+02
   0.113317E+03   0.114332E+03   0.831896E+01   0.130426E+01  -0.467156E+02
   0.113123E+03   0.112617E+03   0.851630E+01   0.102833E+01  -0.478621E+02
   0.114224E+03   0.113880E+03   0.655202E+01   0.242567E+00  -0.449880E+02
   0.113112E+03   0.114477E+03   0.659622E+01   0.430662E+00  -0.437442E+02
   0.113417E+03   0.113127E+03   0.862440E+01   0.981770E+00  -0.455398E+02
   0.113411E+03   0.113479E+03   0.746112E+01   0.114535E+01  -0.455833E+02
   0.113678E+03   0.113581E+03   0.703469E+01   0.474953E+00  -0.444245E+02
   0.113678E+03   0.116427E+03   0.888875E+01   0.573881E-02  -0.442703E+02
   0.113678E+03   0.114147E+03   0.877840E+01   0.516467E+00  -0.442800E+02
   0.113732E+03   0.113834E+03   0.824055E+01   0.244281E+00  -0.437269E+02
   0.113954E+03   0.114160E+03   0.773932E+01   0.244281E+00  -0.442051E+02
   0.113722E+03   0.114564E+03   0.744464E+01   0.705014E+00  -0.449643E+02
   0.113305E+03   0.114518E+03   0.660403E+01   0.589906E+00  -0.441178E+02
   0.113434E+03   0.114476E+03   0.660403E+01   0.422777E+00  -0.439956E+02
   0.112663E+03   0.113948E+03   0.660403E+01   0.634131E+00  -0.432910E+02
   0.112974E+03   0.114231E+03   0.660403E+01   0.296797E+00  -0.426083E+02
   0.112774E+03   0.114240E+03   0.601768E+01   0.112437E+01  -0.453367E+02
   0.110473E+03   0.113763E+03   0.591321E+01   0.100678E+01  -0.440402E+02
   0.113560E+03   0.113859E+03   0.802974E+01   0.869018E+00  -0.442314E+02
   0.114280E+03   0.113274E+03   0.827218E+01   0.759188E+00  -0.461447E+02
   0.113578E+03   0.113914E+03   0.642947E+01   0.249487E+00  -0.436161E+02
   0.114523E+03   0.114476E+03   0.728820E+01   0.832074E+00  -0.470939E+02
   0.113584E+03   0.114308E+03   0.866103E+01   0.132677E+01  -0.461564E+02
   0.113792E+03   0.115150E+03   0.878394E+01   0.734074E+00  -0.452106E+02
   0.113986E+03   0.114169E+03   0.807698E+01   0.103824E+01  -0.448972E+02
   0.112459E+03   0.113791E+03   0.598988E+01   0.756826E+00  -0.440178E+02
   0.113906E+03   0.113791E+03   0.655808E+01   0.716474E+00  -0.443589E+02
   0.110250E+03   0.114170E+03   0.591507E+01   0.443082E+00  -0.436423E+02
   0.112898E+03   0.114059E+03   0.591507E+01   0.964797E+00  -0.440081E+02
   0.113240E+03   0.113929E+03   0.620401E+01   0.771623E+00  -0.439680E+02
   0.112971E+03   0.114036E+03   0.638475E+01   0.620126E+00  -0.439000E+02
   0.113511E+03   0.113465E+03   0.798544E+01   0.250449E+00  -0.449465E+02
   0.113511E+03   0.116668E+03   0.886514E+01   0.165011E+00  -0.450954E+02
   0.114073E+03   0.116902E+03   0.886514E+01   0.130412E+01  -0.462477E+02
   0.113739E+03   0.113846E+03   0.785934E+01   0.339711E+00  -0.438079E+02
   0.113345E+03   0.113576E+03   0.680660E+01   0.339711E+00  -0.443001E+02
   0.113605E+03   0.113962E+03   0.670626E+01   0.356425E+00  -0.434725E+02
   0.113134E+03   0.113363E+03   0.672005E+01   0.513548E+00  -0.456252E+02
   0.113009E+03   0.114297E+03   0.784000E+01   0.154626E+01  -0.474149E+02
   0.112416E+03   0.113559E+03   0.595352E+01   0.977309E+00  -0.449297E+02
   0.114002E+03   0.113697E+03   0.659544E+01   0.358844E+00  -0.450080E+02
   0.114556E+03   0.113924E+03   0.632675E+01   0.631623E+00  -0.451502E+02
   0.110533E+03   0.114100E+03   0.612615E+01   0.890763E+00  -0.466942E+02
   0.113561E+03   0.113272E+03   0.661379E+01   0.125666E+00  -0.474671E+02
   0.111665E+03   0.113793E+03   0.612207E+01   0.495096E+00  -0.443222E+02
   0.113248E+03   0.114357E+03   0.779199E+01   0.495096E+00  -0.452371E+02
   0.113322E+03   0.113855E+03   0.757113E+01   0.600366E-01  -0.435752E+02
   0.112457E+03   0.113952E+03   0.667336E+01   0.450037E+00  -0.433656E+02
   0.112444E+03   0.113952E+03   0.617182E+01   0.201869E+00  -0.435291E+02
   0.113561E+03   0.113952E+03   0.620671E+01   0.425433E+00  -0.437636E+02
   0.113208E+03   0.114023E+03   0.624074E+01   0.239599E+00  -0.436649E+02
   0.114190E+03   0.113802E+03   0.848139E+01   0.656753E+00  -0.446124E+02
   0.112982E+03   0.113431E+03   0.650423E+01   0.877205E+00  -0.455365E+02
   0.114104E+03   0.114346E+03   0.778367E+01   0.605608E+00  -0.450737E+02
   0.112837E+03   0.113576E+03   0.762074E+01   0.265943E-01  -0.464084E+02
   0.114482E+03   0.116058E+03   0.679320E+01   0.236499E+01  -0.560336E+02
   0.113498E+03   0.114571E+03   0.653800E+01   0.218678E+01  -0.498656E+02
   0.112272E+03   0.113554E+03   0.620268E+01   0.413698E+00  -0.444259E+02
   0.113052E+03   0.113975E+03   0.664112E+01   0.659848E+00  -0.429921E+02
   0.113527E+03   0.114079E+03   0.759845E+01   0.463973E+00  -0.435253E+02
   0.113726E+03   0.113912E+03   0.712702E+01   0.463973E+00  -0.438843E+02
   0.113585E+03   0.113700E+03   0.814131E+01   0.488670E+00  -0.440233E+02
   0.113091E+03   0.114229E+03   0.741335E+01   0.487398E-01  -0.443639E+02
   0.113810E+03   0.114018E+03   0.842522E+01   0.611467E+00  -0.441693E+02
   0.113243E+03   0.113757E+03   0.642076E+01   0.283839E+00  -0.435837E+02
   0.110765E+03   0.113757E+03   0.611422E+01   0.877161E+00  -0.460613E+02
   0.113355E+03   0.114085E+03   0.752232E+01   0.618121E+00  -0.438218E+02
   0.113966E+03   0.113545E+03   0.696497E+01   0.844256E+00  -0.450544E+02
   0.113931E+03   0.114075E+03   0.684885E+01   0.473350E-01  -0.441041E+02
   0.113414E+03   0.113906E+03   0.740474E+01   0.295020E+00  -0.434037E+02
   0.112574E+03   0.113896E+03   0.641719E+01   0.942710E+00  -0.445244E+02
   0.113905E+03   0.114436E+03   0.803799E+01   0.123585E+01  -0.454838E+02
   0.112658E+03   0.113498E+03   0.644646E+01   0.773072E+00  -0.449024E+02
   0.113318E+03   0.113465E+03   0.632168E+01   0.647770E+00  -0.447821E+02
   0.113477E+03   0.114199E+03   0.826767E+01   0.370885E+00  -0.437365E+02
   0.114175E+03   0.115620E+03   0.893572E+01   0.258789E+00  -0.451664E+02
   0.113827E+03   0.117066E+03   0.893572E+01   0.489965E+00  -0.446645E+02
   0.113827E+03   0.117075E+03   0.893572E+01   0.458621E+00  -0.446651E+02
   0.113690E+03   0.115232E+03   0.893572E+01   0.114210E+01  -0.449391E+02
   0.113362E+03   0.114253E+03   0.738626E+01   0.564278E+00  -0.438815E+02
   0.114564E+03   0.114592E+03   0.612073E+01   0.776139E+00  -0.479310E+02
   0.113574E+03   0.114041E+03   0.685568E+01   0.661904E+00  -0.438719E+02
   0.113393E+03   0.118441E+03   0.893500E+01   0.591577E+00  -0.471758E+02
   0.114628E+03   0.115364E+03   0.893500E+01   0.162865E+01  -0.486741E+02
   0.113549E+03   0.112999E+03   0.889188E+01   0.770949E+00  -0.449201E+02
   0.113936E+03   0.115326E+03   0.889188E+01   0.996938E+00  -0.446398E+02
   0.113291E+03   0.114195E+03   0.669681E+01   0.738585E-01  -0.436370E+02
   0.112324E+03   0.113441E+03   0.591883E+01   0.321744E+00  -0.442297E+02
   0.111688E+03   0.114345E+03   0.591883E+01   0.583843E+00  -0.440875E+02
   0.113969E+03   0.113220E+03   0.814060E+01   0.127439E+01  -0.466621E+02
   0.114102E+03   0.113534E+03   0.714190E+01   0.122765E+01  -0.456345E+02
   0.113492E+03   0.114309E+03   0.783456E+01   0.122765E+01  -0.455025E+02
   0.111670E+03   0.113049E+03   0.618882E+01   0.661327E+00  -0.485896E+02
   0.110978E+03   0.113498E+03   0.624463E+01   0.636670E+00  -0.462633E+02
   0.114246E+03   0.113175E+03   0.834128E+01   0.685092E-01  -0.462952E+02
   0.114058E+03   0.117999E+03   0.895147E+01   0.264947E+00  -0.463616E+02
   0.113466E+03   0.113912E+03   0.878088E+01   0.601449E+00  -0.449374E+02
   0.112604E+03   0.113892E+03   0.596150E+01   0.296454E+00  -0.434470E+02
   0.113039E+03   0.114255E+03   0.671933E+01   0.296454E+00  -0.442321E+02
   0.112444E+03   0.113639E+03   0.613624E+01   0.446666E+00  -0.439827E+02
   0.112662E+03   0.113716E+03   0.603902E+01   0.664818E+00  -0.439056E+02
   0.112390E+03   0.113716E+03   0.618478E+01   0.199253E+00  -0.437047E+02
   0.113833E+03   0.113716E+03   0.614038E+01   0.199253E+00  -0.440789E+02
   0.113736E+03   0.113716E+03   0.766686E+01   0.199253E+00  -0.439967E+02
   0.113704E+03   0.113716E+03   0.698205E+01   0.879849E+00  -0.444496E+02
   0.113293E+03   0.113940E+03   0.822174E+01   0.879849E+00  -0.445392E+02
   0.115446E+03   0.113444E+03   0.596306E+01   0.106440E+01  -0.473766E+02
   0.114183E+03   0.113952E+03   0.596306E+01   0.786738E+00  -0.445923E+02
   0.113679E+03   0.113719E+03   0.688633E+01   0.814861E+00  -0.443112E+02
   0.113570E+03   0.113530E+03   0.705939E+01   0.730594E+00  -0.446058E+02
   0.110360E+03   0.114148E+03   0.592029E+01   0.555910E+00  -0.435259E+02
   0.112198E+03   0.113961E+03   0.592029E+01   0.830081E+00  -0.432667E+02
   0.112655E+03   0.113215E+03   0.636018E+01   0.717953E+00  -0.465216E+02
   0.113982E+03   0.114117E+03   0.696705E+01   0.232451E+00  -0.443502E+02
   0.113428E+03   0.114117E+03   0.614218E+01   0.283069E+00  -0.441248E+02
   0.112734E+03   0.114269E+03   0.609745E+01   0.340207E+00  -0.448497E+02
   0.113854E+03   0.114476E+03   0.744357E+01   0.340207E+00  -0.449849E+02
   0.113101E+03   0.114008E+03   0.643470E+01   0.113050E+01  -0.448750E+02
   0.112511E+03   0.113777E+03   0.673125E+01   0.141972E+00  -0.452286E+02
   0.111899E+03   0.113706E+03   0.592979E+01   0.572308E+00  -0.442709E+02
   0.111872E+03   0.114217E+03   0.648722E+01   0.423623E+00  -0.457568E+02
   0.113604E+03   0.113856E+03   0.775483E+01   0.554070E+00  -0.439094E+02
   0.114186E+03   0.113736E+03   0.895560E+01   0.114841E+01  -0.457805E+02
   0.114186E+03   0.114767E+03   0.895560E+01   0.191836E-01  -0.452181E+02
   0.114011E+03   0.113977E+03   0.855995E+01   0.403728E+00  -0.442331E+02
   0.113719E+03   0.112933E+03   0.786616E+01   0.151442E+01  -0.478004E+02
   0.113957E+03   0.113063E+03   0.838577E+01   0.986451E+00  -0.453569E+02
   0.113367E+03   0.114603E+03   0.818116E+01   0.104581E+01  -0.451665E+02
   0.113817E+03   0.113969E+03   0.648246E+01   0.554660E+00  -0.440284E+02
   0.115280E+03   0.113373E+03   0.597759E+01   0.883387E+00  -0.473938E+02
   0.113525E+03   0.114587E+03   0.802241E+01   0.109092E+01  -0.450898E+02
   0.113917E+03   0.115089E+03   0.891525E+01   0.201003E+00  -0.437837E+02
   0.113481E+03   0.114500E+03   0.816989E+01   0.332550E+00  -0.443196E+02
   0.113971E+03   0.113834E+03   0.604014E+01   0.410402E+00  -0.440581E+02
   0.112801E+03   0.113877E+03   0.660638E+01   0.367971E+00  -0.427329E+02
   0.113612E+03   0.114475E+03   0.776453E+01   0.655961E+00  -0.447258E+02
   0.113719E+03   0.114005E+03   0.826089E+01   0.923027E+00  -0.442656E+02
   0.113321E+03   0.113382E+03   0.732052E+01   0.665628E+00  -0.453454E+02
   0.114280E+03   0.118528E+03   0.893758E+01   0.123709E+01  -0.478747E+02
   0.113891E+03   0.114072E+03   0.823961E+01   0.461487E+00  -0.438863E+02
   0.113723E+03   0.114456E+03   0.749903E+01   0.812570E+00  -0.446886E+02
   0.113267E+03   0.113868E+03   0.759477E+01   0.412015E+00  -0.438005E+02
   0.112091E+03   0.113622E+03   0.593892E+01   0.107698E+01  -0.451896E+02
   0.111151E+03   0.114052E+03   0.638295E+01   0.140313E+01  -0.476419E+02
   0.113624E+03   0.114052E+03   0.699402E+01   0.758864E+00  -0.440732E+02
   0.113568E+03   0.114561E+03   0.749857E+01   0.155181E+01  -0.469049E+02
   0.113343E+03   0.114067E+03   0.690972E+01   0.992345E-01  -0.432704E+02
   0.112291E+03   0.114102E+03   0.662664E+01   0.116259E+01  -0.454148E+02
   0.113535E+03   0.114102E+03   0.662664E+01   0.233469E+00  -0.427719E+02
   0.112708E+03   0.114055E+03   0.603664E+01   0.304380E+00  -0.437421E+02
   0.111146E+03   0.113898E+03   0.629675E+01   0.304380E+00  -0.449963E+02
   0.112230E+03   0.113940E+03   0.610817E+01   0.920997E+00  -0.444615E+02
   0.113007E+03   0.114155E+03   0.660208E+01   0.860124E+00  -0.435585E+02
   0.113228E+03   0.114198E+03   0.697808E+01   0.542693E+00  -0.440535E+02
   0.113685E+03   0.113830E+03   0.710663E+01   0.575471E-01  -0.437422E+02
   0.113103E+03   0.113900E+03   0.683579E+01   0.575471E-01  -0.433488E+02
   0.113464E+03   0.113251E+03   0.781610E+01   0.100061E+01  -0.458058E+02
   0.114329E+03   0.116194E+03   0.892629E+01   0.478851E+00  -0.464305E+02
   0.113698E+03   0.114710E+03   0.895438E+01   0.478851E+00  -0.437580E+02
   0.113698E+03   0.114545E+03   0.792966E+01   0.662359E+00  -0.449385E+02
   0.113415E+03   0.114338E+03   0.731721E+01   0.662359E+00  -0.445569E+02
   0.113115E+03   0.114137E+03   0.844651E+01   0.470758E+00  -0.470567E+02
   0.113494E+03   0.114397E+03   0.722893E+01   0.357895E+00  -0.445512E+02
   0.113968E+03   0.112055E+03   0.878618E+01   0.564196E+00  -0.446647E+02
   0.113750E+03   0.113214E+03   0.878618E+01   0.564196E+00  -0.439632E+02
   0.113100E+03   0.113610E+03   0.689833E+01   0.564196E+00  -0.444314E+02
   0.114357E+03   0.113842E+03   0.866666E+01   0.977580E+00  -0.457373E+02
   0.112616E+03   0.113819E+03   0.614878E+01   0.865375E+00  -0.441597E+02
   0.113802E+03   0.113634E+03   0.805114E+01   0.549965E+00  -0.443367E+02
   0.113740E+03   0.114190E+03   0.825121E+01   0.549965E+00  -0.437011E+02
   0.113580E+03   0.116392E+03   0.894081E+01   0.791041E+00  -0.446456E+02
   0.113773E+03   0.113831E+03   0.650950E+01   0.750811E+00  -0.441077E+02
   0.113789E+03   0.114122E+03   0.683099E+01   0.844048E+00  -0.444395E+02
   0.113627E+03   0.113657E+03   0.619632E+01   0.716886E-01  -0.441139E+02
   0.112722E+03   0.113993E+03   0.723264E+01   0.919115E+00  -0.456191E+02
   0.113870E+03   0.114114E+03   0.772620E+01   0.104462E+01  -0.447796E+02
   0.113955E+03   0.114541E+03   0.708084E+01   0.157445E+01  -0.476785E+02
   0.114010E+03   0.112691E+03   0.878604E+01   0.822940E+00  -0.445415E+02
   0.113468E+03   0.114391E+03   0.659557E+01   0.335955E+00  -0.435906E+02
   0.113338E+03   0.113710E+03   0.733638E+01   0.848025E+00  -0.445554E+02
   0.113962E+03   0.114212E+03   0.815118E+01   0.220710E+00  -0.441466E+02
   0.113262E+03   0.114104E+03   0.652292E+01   0.392991E+00  -0.431427E+02
   0.113724E+03   0.114691E+03   0.841012E+01   0.844663E+00  -0.458432E+02
   0.113890E+03   0.113970E+03   0.701074E+01   0.809422E-01  -0.438795E+02
   0.111743E+03   0.113651E+03   0.602003E+01   0.131103E+01  -0.460864E+02
   0.113587E+03   0.114022E+03   0.806162E+01   0.363669E+00  -0.435512E+02
   0.113197E+03   0.114174E+03   0.666988E+01   0.758672E+00  -0.432924E+02
   0.113770E+03   0.114027E+03   0.666988E+01   0.498491E+00  -0.435369E+02
   0.113554E+03   0.114367E+03   0.871743E+01   0.591750E+00  -0.443339E+02
   0.113333E+03   0.113781E+03   0.885873E+01   0.362689E+00  -0.456552E+02
   0.113757E+03   0.118057E+03   0.885873E+01   0.191919E+00  -0.457705E+02
   0.113474E+03   0.116263E+03   0.885873E+01   0.101767E+01  -0.452357E+02
   0.113474E+03   0.115827E+03   0.885873E+01   0.942723E+00  -0.449334E+02
   0.113763E+03   0.113072E+03   0.885873E+01   0.639198E+00  -0.444469E+02
   0.114386E+03   0.114193E+03   0.747431E+01   0.639198E+00  -0.459950E+02
   0.114443E+03   0.113725E+03   0.622952E+01   0.493856E+00  -0.448181E+02
   0.113962E+03   0.113521E+03   0.870066E+01   0.837782E+00  -0.443985E+02
   0.113629E+03   0.114319E+03   0.773638E+01   0.502419E+00  -0.440001E+02
   0.113954E+03   0.113927E+03   0.727792E+01   0.125103E+01  -0.454751E+02
   0.113715E+03   0.114188E+03   0.759380E+01   0.123738E+00  -0.436579E+02
   0.114294E+03   0.114178E+03   0.598724E+01   0.314796E+00  -0.453154E+02
   0.113727E+03   0.113704E+03   0.598724E+01   0.488476E+00  -0.440439E+02
   0.113841E+03   0.115904E+03   0.743869E+01   0.173697E+01  -0.518543E+02
   0.113179E+03   0.113906E+03   0.604832E+01   0.743935E+00  -0.438943E+02
   0.113789E+03   0.114033E+03   0.642217E+01   0.216287E+00  -0.440185E+02
   0.111007E+03   0.114033E+03   0.608149E+01   0.216287E+00  -0.455065E+02
   0.113177E+03   0.114178E+03   0.753878E+01   0.489661E+00  -0.441090E+02
   0.112973E+03   0.114344E+03   0.607177E+01   0.618420E+00  -0.451974E+02
   0.112537E+03   0.114177E+03   0.607964E+01   0.522838E+00  -0.443484E+02
   0.113449E+03   0.114063E+03   0.739765E+01   0.691148E+00  -0.437706E+02
   0.114243E+03   0.113076E+03   0.872216E+01   0.110789E+01  -0.461460E+02
   0.113762E+03   0.113466E+03   0.875348E+01   0.121226E+01  -0.452414E+02
   0.113762E+03   0.113599E+03   0.861943E+01   0.445582E+00  -0.439379E+02
   0.113688E+03   0.114354E+03   0.796801E+01   0.103483E+01  -0.446265E+02
   0.112973E+03   0.113612E+03   0.658722E+01   0.780825E-01  -0.437723E+02
   0.113211E+03   0.113802E+03   0.664469E+01   0.757122E+00  -0.434791E+02
   0.113918E+03   0.113617E+03   0.783310E+01   0.812174E+00  -0.446815E+02
   0.113579E+03   0.113091E+03   0.867667E+01   0.164817E+01  -0.472446E+02
   0.112846E+03   0.113674E+03   0.610963E+01   0.862350E+00  -0.442898E+02
   0.113550E+03   0.113712E+03   0.653391E+01   0.160878E-01  -0.436699E+02
   0.112977E+03   0.113929E+03   0.633454E+01   0.199647E+00  -0.434646E+02
   0.113027E+03   0.113979E+03   0.633454E+01   0.144538E+00  -0.435079E+02
