res1           Y1_gamma1      LogPost        
   0.107893E+03   0.350275E+01  -0.333270E+02
   0.105472E+03   0.436965E+01  -0.335690E+02
   0.107687E+03   0.503681E+01  -0.327751E+02
   0.107116E+03   0.620636E+01  -0.334807E+02
   0.108147E+03   0.106094E+02  -0.372884E+02
   0.111049E+03   0.577231E+01  -0.353166E+02
   0.105148E+03   0.788068E+01  -0.352945E+02
   0.107017E+03   0.423872E+01  -0.326884E+02
   0.108171E+03   0.492975E+01  -0.328543E+02
   0.105042E+03   0.641264E+01  -0.342983E+02
   0.108705E+03   0.608013E+01  -0.336487E+02
   0.106587E+03   0.487816E+01  -0.328192E+02
   0.107108E+03   0.466837E+01  -0.326592E+02
   0.110567E+03   0.539922E+01  -0.347719E+02
   0.107598E+03   0.446333E+01  -0.326423E+02
   0.107802E+03   0.456896E+01  -0.326802E+02
   0.107802E+03   0.620958E+01  -0.335088E+02
   0.110516E+03   0.656936E+01  -0.350110E+02
   0.109786E+03   0.527321E+01  -0.339657E+02
   0.105656E+03   0.506229E+01  -0.333304E+02
   0.105278E+03   0.510433E+01  -0.336174E+02
   0.101464E+03   0.738762E+01  -0.377799E+02
   0.105807E+03   0.501168E+01  -0.332228E+02
   0.108013E+03   0.695855E+01  -0.341437E+02
   0.102839E+03   0.123960E+02  -0.393544E+02
   0.109142E+03   0.106941E+02  -0.374853E+02
   0.107705E+03   0.389778E+01  -0.328436E+02
   0.108918E+03   0.664256E+01  -0.341305E+02
   0.106283E+03   0.550232E+01  -0.331753E+02
   0.107024E+03   0.458829E+01  -0.326608E+02
   0.104189E+03   0.505558E+01  -0.347499E+02
   0.108506E+03   0.586167E+01  -0.334314E+02
   0.109137E+03   0.551041E+01  -0.335446E+02
   0.107218E+03   0.507009E+01  -0.327682E+02
   0.107555E+03   0.105769E+02  -0.372297E+02
   0.110334E+03   0.417713E+01  -0.351694E+02
   0.105455E+03   0.105981E+02  -0.374048E+02
   0.102375E+03   0.545043E+01  -0.372298E+02
   0.109525E+03   0.411569E+01  -0.340457E+02
   0.107312E+03   0.385349E+01  -0.328438E+02
   0.103908E+03   0.628977E+01  -0.350812E+02
   0.105726E+03   0.622331E+01  -0.338317E+02
   0.107949E+03   0.504855E+01  -0.328295E+02
   0.106211E+03   0.363002E+01  -0.335695E+02
   0.107129E+03   0.399513E+01  -0.327676E+02
   0.106783E+03   0.513556E+01  -0.328542E+02
   0.107548E+03   0.398648E+01  -0.327627E+02
   0.108992E+03   0.504027E+01  -0.332986E+02
   0.107112E+03   0.753434E+01  -0.345939E+02
   0.107734E+03   0.562686E+01  -0.330903E+02
   0.110179E+03   0.700102E+01  -0.350134E+02
   0.106686E+03   0.434094E+01  -0.327580E+02
   0.106758E+03   0.505570E+01  -0.328278E+02
   0.108695E+03   0.429152E+01  -0.331215E+02
   0.110321E+03   0.616257E+01  -0.346789E+02
   0.110052E+03   0.115668E+02  -0.383321E+02
   0.106062E+03   0.580862E+01  -0.334314E+02
   0.103906E+03   0.579673E+01  -0.349879E+02
   0.105676E+03   0.452638E+01  -0.333242E+02
   0.107399E+03   0.464260E+01  -0.326415E+02
   0.107085E+03   0.526637E+01  -0.328681E+02
   0.106451E+03   0.411228E+01  -0.329416E+02
   0.108208E+03   0.411228E+01  -0.328983E+02
   0.108208E+03   0.610979E+01  -0.335111E+02
   0.108850E+03   0.382369E+01  -0.335842E+02
   0.108459E+03   0.552817E+01  -0.332167E+02
   0.108429E+03   0.329221E+01  -0.340559E+02
   0.109345E+03   0.605339E+01  -0.339412E+02
   0.107786E+03   0.316266E+01  -0.339594E+02
   0.110064E+03   0.707709E+01  -0.349926E+02
   0.107954E+03   0.495224E+01  -0.327962E+02
   0.105928E+03   0.617674E+01  -0.337185E+02
   0.107275E+03   0.571971E+01  -0.331247E+02
   0.104789E+03   0.625079E+01  -0.343685E+02
   0.107999E+03   0.394530E+01  -0.328995E+02
   0.108096E+03   0.514104E+01  -0.329059E+02
   0.105598E+03   0.571216E+01  -0.335961E+02
   0.108423E+03   0.559534E+01  -0.332404E+02
   0.107834E+03   0.537591E+01  -0.329581E+02
   0.107388E+03   0.514139E+01  -0.327964E+02
   0.105995E+03   0.423187E+01  -0.331791E+02
   0.106470E+03   0.451371E+01  -0.328237E+02
   0.106623E+03   0.359859E+01  -0.333188E+02
   0.109351E+03   0.629528E+01  -0.340892E+02
   0.106170E+03   0.432239E+01  -0.330199E+02
   0.107428E+03   0.557485E+01  -0.330326E+02
   0.107113E+03   0.636955E+01  -0.336080E+02
   0.106618E+03   0.473936E+01  -0.327801E+02
   0.107255E+03   0.552590E+01  -0.330021E+02
   0.108469E+03   0.638314E+01  -0.337836E+02
   0.107963E+03   0.451094E+01  -0.327189E+02
   0.109729E+03   0.624423E+01  -0.342827E+02
   0.110723E+03   0.465163E+01  -0.352907E+02
   0.108135E+03   0.481685E+01  -0.328123E+02
   0.108636E+03   0.481685E+01  -0.330390E+02
   0.106236E+03   0.459074E+01  -0.329350E+02
   0.105383E+03   0.380164E+01  -0.342331E+02
   0.108385E+03   0.444949E+01  -0.328941E+02
   0.107629E+03   0.611634E+01  -0.334195E+02
   0.110093E+03   0.444720E+01  -0.345208E+02
   0.108528E+03   0.458793E+01  -0.329630E+02
   0.107054E+03   0.464123E+01  -0.326622E+02
   0.105094E+03   0.620964E+01  -0.341506E+02
   0.107053E+03   0.418089E+01  -0.326984E+02
   0.107941E+03   0.445322E+01  -0.327135E+02
   0.107436E+03   0.410364E+01  -0.326984E+02
   0.106580E+03   0.643161E+01  -0.337213E+02
   0.107587E+03   0.466688E+01  -0.326573E+02
   0.108371E+03   0.380417E+01  -0.332108E+02
   0.107736E+03   0.429827E+01  -0.326793E+02
   0.105522E+03   0.661575E+01  -0.341887E+02
   0.106788E+03   0.365790E+01  -0.331586E+02
   0.106035E+03   0.365790E+01  -0.336895E+02
   0.106650E+03   0.428638E+01  -0.327836E+02
   0.107579E+03   0.526264E+01  -0.328648E+02
   0.107308E+03   0.530190E+01  -0.328745E+02
   0.107439E+03   0.581615E+01  -0.331914E+02
   0.108188E+03   0.356218E+01  -0.333858E+02
   0.108633E+03   0.378899E+01  -0.334246E+02
   0.110033E+03   0.549288E+01  -0.342281E+02
   0.108012E+03   0.680196E+01  -0.340128E+02
   0.107478E+03   0.646080E+01  -0.336788E+02
   0.108199E+03   0.708130E+01  -0.342786E+02
   0.107373E+03   0.587554E+01  -0.332311E+02
   0.105576E+03   0.580838E+01  -0.336570E+02
   0.105454E+03   0.384155E+01  -0.340807E+02
   0.110266E+03   0.724399E+01  -0.352196E+02
   0.106097E+03   0.756094E+01  -0.347494E+02
   0.108439E+03   0.329911E+01  -0.340495E+02
   0.106927E+03   0.813889E+01  -0.351366E+02
   0.106643E+03   0.398314E+01  -0.329221E+02
   0.106875E+03   0.548690E+01  -0.330139E+02
   0.107330E+03   0.470393E+01  -0.326515E+02
   0.108053E+03   0.751350E+01  -0.346247E+02
   0.103707E+03   0.566434E+01  -0.352099E+02
   0.108292E+03   0.426651E+01  -0.328824E+02
   0.106923E+03   0.579692E+01  -0.332017E+02
   0.104909E+03   0.701116E+01  -0.347553E+02
   0.108845E+03   0.405997E+01  -0.333640E+02
   0.106062E+03   0.444474E+01  -0.330565E+02
   0.107505E+03   0.474395E+01  -0.326649E+02
   0.106963E+03   0.616061E+01  -0.334578E+02
   0.108571E+03   0.364093E+01  -0.335552E+02
   0.106276E+03   0.410161E+01  -0.330513E+02
   0.104854E+03   0.633241E+01  -0.343680E+02
   0.106708E+03   0.473626E+01  -0.327518E+02
   0.107504E+03   0.542114E+01  -0.329444E+02
   0.106964E+03   0.542114E+01  -0.329638E+02
   0.108645E+03   0.438221E+01  -0.330596E+02
   0.107203E+03   0.452850E+01  -0.326356E+02
   0.104924E+03   0.376697E+01  -0.349895E+02
   0.108494E+03   0.694733E+01  -0.342333E+02
   0.109681E+03   0.427077E+01  -0.341092E+02
   0.110031E+03   0.451135E+01  -0.343923E+02
   0.109966E+03   0.867703E+01  -0.361089E+02
   0.108905E+03   0.505762E+01  -0.332465E+02
   0.107025E+03   0.369085E+01  -0.330383E+02
   0.103105E+03   0.556338E+01  -0.360110E+02
   0.109642E+03   0.613775E+01  -0.341685E+02
   0.107757E+03   0.436590E+01  -0.326737E+02
   0.108200E+03   0.324982E+01  -0.339700E+02
   0.106755E+03   0.461972E+01  -0.327234E+02
   0.105169E+03   0.362789E+01  -0.348705E+02
   0.107560E+03   0.544449E+01  -0.329617E+02
   0.109525E+03   0.544449E+01  -0.337872E+02
   0.109048E+03   0.426170E+01  -0.334239E+02
   0.107359E+03   0.701718E+01  -0.341404E+02
   0.103220E+03   0.973327E+01  -0.374602E+02
   0.104790E+03   0.621528E+01  -0.343499E+02
   0.108057E+03   0.459061E+01  -0.327519E+02
   0.109377E+03   0.582914E+01  -0.338408E+02
   0.104887E+03   0.341872E+01  -0.359308E+02
   0.108603E+03   0.457866E+01  -0.330068E+02
   0.107083E+03   0.538228E+01  -0.329291E+02
   0.108012E+03   0.758182E+01  -0.346784E+02
   0.106337E+03   0.510670E+01  -0.329792E+02
   0.107857E+03   0.717218E+01  -0.343047E+02
   0.108282E+03   0.424291E+01  -0.328847E+02
   0.107602E+03   0.576125E+01  -0.331637E+02
   0.104616E+03   0.878213E+01  -0.361927E+02
   0.107969E+03   0.477824E+01  -0.327524E+02
   0.108096E+03   0.361333E+01  -0.332640E+02
   0.107426E+03   0.351300E+01  -0.332160E+02
   0.108324E+03   0.642002E+01  -0.337717E+02
   0.105129E+03   0.631129E+01  -0.341878E+02
   0.107877E+03   0.509300E+01  -0.328308E+02
   0.106386E+03   0.651138E+01  -0.338240E+02
   0.109123E+03   0.440338E+01  -0.334306E+02
   0.101354E+03   0.691744E+01  -0.379714E+02
   0.107112E+03   0.394174E+01  -0.328026E+02
   0.105711E+03   0.710384E+01  -0.344827E+02
   0.104208E+03   0.537345E+01  -0.346595E+02
   0.107846E+03   0.467664E+01  -0.327023E+02
   0.106924E+03   0.489576E+01  -0.327389E+02
   0.106474E+03   0.415532E+01  -0.329089E+02
   0.110864E+03   0.531834E+01  -0.351436E+02
   0.105268E+03   0.447692E+01  -0.337237E+02
   0.107994E+03   0.419938E+01  -0.327745E+02
   0.107703E+03   0.353765E+01  -0.332168E+02
   0.106731E+03   0.744270E+01  -0.345416E+02
   0.108238E+03   0.525080E+01  -0.329986E+02
   0.107756E+03   0.516295E+01  -0.328388E+02
   0.105887E+03   0.650994E+01  -0.339688E+02
   0.107773E+03   0.319461E+01  -0.338772E+02
   0.108347E+03   0.299439E+01  -0.348035E+02
   0.109130E+03   0.560426E+01  -0.335823E+02
   0.107543E+03   0.621209E+01  -0.334860E+02
   0.108033E+03   0.482098E+01  -0.327806E+02
   0.106397E+03   0.507866E+01  -0.329464E+02
   0.110181E+03   0.458370E+01  -0.345471E+02
   0.109880E+03   0.376516E+01  -0.350514E+02
   0.109140E+03   0.755695E+01  -0.349235E+02
   0.105763E+03   0.764032E+01  -0.349000E+02
   0.107344E+03   0.415146E+01  -0.326797E+02
   0.107168E+03   0.841920E+01  -0.353750E+02
   0.106980E+03   0.332049E+01  -0.336210E+02
   0.106995E+03   0.456024E+01  -0.326635E+02
   0.110321E+03   0.542313E+01  -0.345029E+02
   0.104983E+03   0.517715E+01  -0.338763E+02
   0.108997E+03   0.445382E+01  -0.333052E+02
   0.108597E+03   0.424674E+01  -0.330696E+02
   0.103666E+03   0.462899E+01  -0.358448E+02
   0.104615E+03   0.822754E+01  -0.357722E+02
   0.110553E+03   0.634151E+01  -0.349432E+02
   0.104753E+03   0.711110E+01  -0.349046E+02
   0.106962E+03   0.322335E+01  -0.338399E+02
   0.108484E+03   0.613713E+01  -0.336093E+02
   0.106591E+03   0.465903E+01  -0.327791E+02
   0.106285E+03   0.479048E+01  -0.329216E+02
   0.104267E+03   0.575376E+01  -0.346173E+02
   0.109034E+03   0.843682E+01  -0.356158E+02
   0.106232E+03   0.495344E+01  -0.329784E+02
   0.108039E+03   0.398783E+01  -0.328884E+02
   0.107041E+03   0.239898E+01  -0.373007E+02
   0.107562E+03   0.580068E+01  -0.331873E+02
   0.108120E+03   0.345305E+01  -0.335157E+02
   0.106955E+03   0.399525E+01  -0.328034E+02
   0.107989E+03   0.483459E+01  -0.327713E+02
   0.107029E+03   0.550057E+01  -0.330017E+02
   0.107251E+03   0.591375E+01  -0.332587E+02
   0.107425E+03   0.592562E+01  -0.332678E+02
   0.110656E+03   0.872450E+01  -0.364381E+02
   0.104625E+03   0.410415E+01  -0.349124E+02
   0.106717E+03   0.662944E+01  -0.338562E+02
   0.106025E+03   0.494537E+01  -0.330814E+02
   0.109044E+03   0.793100E+01  -0.351983E+02
   0.106176E+03   0.421928E+01  -0.330562E+02
   0.111077E+03   0.624089E+01  -0.353978E+02
   0.105088E+03   0.478405E+01  -0.338043E+02
   0.108360E+03   0.485786E+01  -0.329092E+02
   0.107533E+03   0.486929E+01  -0.326998E+02
   0.110587E+03   0.645783E+01  -0.350190E+02
   0.107439E+03   0.757664E+01  -0.346293E+02
   0.107946E+03   0.470964E+01  -0.327326E+02
   0.105430E+03   0.470964E+01  -0.334959E+02
   0.109169E+03   0.432789E+01  -0.335052E+02
   0.107322E+03   0.680234E+01  -0.339575E+02
   0.107470E+03   0.364221E+01  -0.330484E+02
   0.104551E+03   0.463130E+01  -0.344900E+02
   0.106071E+03   0.534183E+01  -0.331850E+02
   0.106748E+03   0.399071E+01  -0.328732E+02
   0.109664E+03   0.955038E+01  -0.366947E+02
   0.106860E+03   0.433454E+01  -0.327044E+02
   0.109236E+03   0.436039E+01  -0.335554E+02
   0.108204E+03   0.882799E+01  -0.357912E+02
   0.105805E+03   0.521559E+01  -0.332755E+02
   0.107463E+03   0.432595E+01  -0.326405E+02
   0.106708E+03   0.475351E+01  -0.327549E+02
   0.108114E+03   0.468062E+01  -0.327805E+02
   0.108437E+03   0.661378E+01  -0.339517E+02
   0.107430E+03   0.352619E+01  -0.331971E+02
   0.106686E+03   0.416589E+01  -0.328081E+02
   0.108034E+03   0.462623E+01  -0.327473E+02
   0.106667E+03   0.687260E+01  -0.340633E+02
   0.109280E+03   0.710226E+01  -0.346205E+02
   0.107138E+03   0.417261E+01  -0.326878E+02
   0.106882E+03   0.545593E+01  -0.329951E+02
   0.106325E+03   0.401168E+01  -0.330771E+02
   0.106176E+03   0.485258E+01  -0.329846E+02
   0.105913E+03   0.767855E+01  -0.348921E+02
   0.107655E+03   0.393409E+01  -0.328094E+02
   0.105986E+03   0.469398E+01  -0.330790E+02
   0.108095E+03   0.650504E+01  -0.337865E+02
   0.104491E+03   0.539258E+01  -0.343581E+02
   0.109346E+03   0.895034E+01  -0.361236E+02
   0.106621E+03   0.424400E+01  -0.328070E+02
   0.105547E+03   0.606648E+01  -0.338170E+02
   0.105648E+03   0.369920E+01  -0.340530E+02
   0.106981E+03   0.437655E+01  -0.326703E+02
   0.108925E+03   0.448500E+01  -0.332399E+02
   0.109201E+03   0.616100E+01  -0.339264E+02
   0.109543E+03   0.506126E+01  -0.337265E+02
   0.112896E+03   0.522316E+01  -0.386416E+02
   0.107396E+03   0.529032E+01  -0.328690E+02
   0.109810E+03   0.496815E+01  -0.339791E+02
   0.107157E+03   0.404066E+01  -0.327394E+02
   0.109518E+03   0.573981E+01  -0.338921E+02
   0.106409E+03   0.354474E+01  -0.335403E+02
   0.110196E+03   0.392696E+01  -0.353132E+02
   0.110553E+03   0.627177E+01  -0.349169E+02
   0.108601E+03   0.694813E+01  -0.342629E+02
   0.108032E+03   0.874003E+01  -0.356950E+02
   0.108179E+03   0.915023E+01  -0.360666E+02
   0.110353E+03   0.528006E+01  -0.345376E+02
   0.106741E+03   0.500594E+01  -0.328139E+02
   0.108548E+03   0.350671E+01  -0.337406E+02
   0.107158E+03   0.464329E+01  -0.326502E+02
   0.103380E+03   0.789607E+01  -0.362247E+02
   0.109014E+03   0.893256E+01  -0.360249E+02
   0.107378E+03   0.388849E+01  -0.328162E+02
   0.109321E+03   0.748027E+01  -0.349284E+02
   0.106659E+03   0.610483E+01  -0.334596E+02
   0.105863E+03   0.428837E+01  -0.332560E+02
   0.109402E+03   0.614894E+01  -0.340288E+02
   0.105587E+03   0.589884E+01  -0.337003E+02
   0.106928E+03   0.345499E+01  -0.333925E+02
   0.106884E+03   0.936382E+01  -0.362117E+02
   0.106757E+03   0.375047E+01  -0.330676E+02
   0.106081E+03   0.411801E+01  -0.331777E+02
   0.106396E+03   0.378774E+01  -0.332275E+02
   0.109240E+03   0.707837E+01  -0.345860E+02
   0.112767E+03   0.990520E+01  -0.383138E+02
   0.106039E+03   0.517625E+01  -0.331365E+02
   0.104972E+03   0.368868E+01  -0.350684E+02
   0.110167E+03   0.629647E+01  -0.346158E+02
   0.106575E+03   0.513503E+01  -0.329076E+02
   0.110644E+03   0.535049E+01  -0.348661E+02
   0.106916E+03   0.556402E+01  -0.330535E+02
   0.107987E+03   0.680766E+01  -0.340136E+02
   0.109886E+03   0.584796E+01  -0.342071E+02
   0.105111E+03   0.855810E+01  -0.358455E+02
   0.107730E+03   0.563092E+01  -0.330923E+02
   0.105749E+03   0.578185E+01  -0.335536E+02
   0.106451E+03   0.372817E+01  -0.332583E+02
   0.104868E+03   0.642282E+01  -0.344089E+02
   0.108472E+03   0.367537E+01  -0.334282E+02
   0.110038E+03   0.518314E+01  -0.342035E+02
   0.103676E+03   0.676306E+01  -0.354490E+02
   0.106848E+03   0.361323E+01  -0.331898E+02
   0.109182E+03   0.376640E+01  -0.340227E+02
   0.107488E+03   0.446459E+01  -0.326322E+02
   0.110642E+03   0.534749E+01  -0.348651E+02
   0.105574E+03   0.387955E+01  -0.338831E+02
   0.103093E+03   0.719185E+01  -0.361103E+02
   0.106311E+03   0.724118E+01  -0.344342E+02
   0.108314E+03   0.418412E+01  -0.329217E+02
   0.106929E+03   0.555326E+01  -0.330452E+02
   0.107976E+03   0.344477E+01  -0.334550E+02
   0.105454E+03   0.971551E+01  -0.366960E+02
   0.107635E+03   0.291654E+01  -0.346444E+02
   0.106533E+03   0.706322E+01  -0.342437E+02
   0.106766E+03   0.443183E+01  -0.327192E+02
   0.105789E+03   0.346447E+01  -0.343167E+02
   0.109119E+03   0.832654E+01  -0.355474E+02
   0.107566E+03   0.396402E+01  -0.327778E+02
   0.109506E+03   0.586299E+01  -0.339404E+02
   0.106133E+03   0.689816E+01  -0.341926E+02
   0.106845E+03   0.658531E+01  -0.338038E+02
   0.108316E+03   0.813922E+01  -0.352089E+02
   0.105217E+03   0.403505E+01  -0.341371E+02
   0.103851E+03   0.488259E+01  -0.353064E+02
   0.107152E+03   0.445913E+01  -0.326391E+02
   0.106419E+03   0.842138E+01  -0.354339E+02
   0.109525E+03   0.545219E+01  -0.337895E+02
   0.106810E+03   0.572394E+01  -0.331698E+02
   0.108558E+03   0.440288E+01  -0.329993E+02
   0.105529E+03   0.831038E+01  -0.355197E+02
   0.107559E+03   0.621783E+01  -0.334914E+02
   0.109128E+03   0.343465E+01  -0.345425E+02
   0.108084E+03   0.549239E+01  -0.330771E+02
   0.999502E+02   0.659580E+01  -0.403450E+02
   0.110527E+03   0.908482E+01  -0.366396E+02
   0.105385E+03   0.527200E+01  -0.335651E+02
   0.104849E+03   0.659706E+01  -0.345219E+02
   0.105463E+03   0.325944E+01  -0.353385E+02
   0.108348E+03   0.349164E+01  -0.336024E+02
   0.108348E+03   0.555924E+01  -0.331939E+02
   0.106280E+03   0.358256E+01  -0.335833E+02
   0.106748E+03   0.410500E+01  -0.328108E+02
   0.108451E+03   0.606209E+01  -0.335464E+02
   0.112692E+03   0.704692E+01  -0.372490E+02
   0.109097E+03   0.718599E+01  -0.346137E+02
   0.108060E+03   0.543313E+01  -0.330380E+02
   0.107324E+03   0.514466E+01  -0.327976E+02
   0.107085E+03   0.398349E+01  -0.327815E+02
   0.110770E+03   0.708180E+01  -0.354581E+02
   0.107020E+03   0.529464E+01  -0.328892E+02
   0.109942E+03   0.596424E+01  -0.342972E+02
   0.108613E+03   0.421358E+01  -0.330939E+02
   0.109294E+03   0.471848E+01  -0.335110E+02
   0.106616E+03   0.406854E+01  -0.328834E+02
   0.105559E+03   0.710197E+01  -0.345347E+02
   0.111749E+03   0.596156E+01  -0.361605E+02
   0.103355E+03   0.486262E+01  -0.361202E+02
   0.104793E+03   0.361222E+01  -0.355730E+02
   0.106505E+03   0.447851E+01  -0.328110E+02
   0.107967E+03   0.412606E+01  -0.327915E+02
   0.107806E+03   0.391917E+01  -0.328532E+02
   0.109714E+03   0.481127E+01  -0.339012E+02
   0.109004E+03   0.551736E+01  -0.334694E+02
   0.106831E+03   0.692714E+01  -0.340886E+02
   0.103976E+03   0.538012E+01  -0.349274E+02
   0.110080E+03   0.431152E+01  -0.346175E+02
   0.108374E+03   0.539960E+01  -0.331178E+02
   0.107429E+03   0.574558E+01  -0.331431E+02
   0.107472E+03   0.465951E+01  -0.326468E+02
   0.105860E+03   0.938465E+01  -0.363447E+02
   0.106885E+03   0.699293E+01  -0.341389E+02
   0.107825E+03   0.438106E+01  -0.326875E+02
   0.106010E+03   0.104672E+02  -0.372160E+02
   0.108455E+03   0.548237E+01  -0.331907E+02
   0.107651E+03   0.538382E+01  -0.329361E+02
   0.108924E+03   0.536502E+01  -0.333589E+02
   0.103586E+03   0.589486E+01  -0.353406E+02
   0.107244E+03   0.458039E+01  -0.326366E+02
   0.107917E+03   0.863523E+01  -0.355923E+02
   0.107532E+03   0.376724E+01  -0.329228E+02
   0.108796E+03   0.309259E+01  -0.349990E+02
   0.107453E+03   0.471285E+01  -0.326554E+02
   0.107550E+03   0.408934E+01  -0.327124E+02
   0.106102E+03   0.730664E+01  -0.345350E+02
   0.107656E+03   0.687972E+01  -0.340360E+02
   0.108146E+03   0.493107E+01  -0.328460E+02
   0.104623E+03   0.585533E+01  -0.343263E+02
   0.110379E+03   0.660061E+01  -0.349220E+02
   0.109282E+03   0.660061E+01  -0.342561E+02
   0.107232E+03   0.371664E+01  -0.329730E+02
   0.107232E+03   0.405406E+01  -0.327248E+02
   0.108828E+03   0.442690E+01  -0.331789E+02
   0.111737E+03   0.748755E+01  -0.364093E+02
   0.104533E+03   0.469156E+01  -0.344774E+02
   0.104951E+03   0.458971E+01  -0.340190E+02
   0.109488E+03   0.811139E+01  -0.354892E+02
   0.107624E+03   0.667420E+01  -0.338616E+02
   0.108001E+03   0.390030E+01  -0.329323E+02
   0.109317E+03   0.688930E+01  -0.344780E+02
   0.106004E+03   0.636333E+01  -0.338215E+02
   0.108693E+03   0.825470E+01  -0.353804E+02
   0.108627E+03   0.100266E+02  -0.368639E+02
   0.107160E+03   0.823420E+01  -0.352114E+02
   0.107850E+03   0.555189E+01  -0.330618E+02
   0.108284E+03   0.405242E+01  -0.329683E+02
   0.106004E+03   0.478750E+01  -0.330713E+02
   0.104669E+03   0.532355E+01  -0.341794E+02
   0.108376E+03   0.476731E+01  -0.328992E+02
   0.108688E+03   0.656568E+01  -0.339902E+02
   0.103038E+03   0.724942E+01  -0.361794E+02
   0.105732E+03   0.472222E+01  -0.332515E+02
   0.105732E+03   0.444118E+01  -0.333031E+02
   0.111584E+03   0.493127E+01  -0.364718E+02
   0.105498E+03   0.566194E+01  -0.336296E+02
   0.107825E+03   0.474770E+01  -0.327107E+02
   0.107408E+03   0.402953E+01  -0.327310E+02
   0.106088E+03   0.402953E+01  -0.332332E+02
   0.103746E+03   0.532923E+01  -0.352268E+02
   0.105267E+03   0.619351E+01  -0.340410E+02
   0.105761E+03   0.385987E+01  -0.336983E+02
   0.107815E+03   0.494520E+01  -0.327629E+02
   0.105961E+03   0.425351E+01  -0.331945E+02
   0.108773E+03   0.460153E+01  -0.331136E+02
   0.108586E+03   0.419310E+01  -0.330846E+02
   0.106558E+03   0.521453E+01  -0.329458E+02
   0.107731E+03   0.420069E+01  -0.327010E+02
   0.107248E+03   0.415205E+01  -0.326836E+02
   0.107044E+03   0.665980E+01  -0.338471E+02
   0.106145E+03   0.479291E+01  -0.329926E+02
   0.109033E+03   0.479291E+01  -0.332964E+02
   0.105791E+03   0.390796E+01  -0.336116E+02
   0.107567E+03   0.349530E+01  -0.332533E+02
   0.105439E+03   0.678838E+01  -0.343479E+02
   0.103758E+03   0.785688E+01  -0.359591E+02
   0.107862E+03   0.599589E+01  -0.333589E+02
   0.105792E+03   0.599589E+01  -0.336578E+02
   0.107363E+03   0.617051E+01  -0.334477E+02
   0.107850E+03   0.686218E+01  -0.340403E+02
   0.108281E+03   0.426963E+01  -0.328758E+02
   0.107315E+03   0.448427E+01  -0.326287E+02
   0.108530E+03   0.428513E+01  -0.330120E+02
   0.105518E+03   0.534008E+01  -0.334923E+02
   0.105834E+03   0.445414E+01  -0.332171E+02
   0.107684E+03   0.536314E+01  -0.329287E+02
   0.105115E+03   0.771268E+01  -0.351760E+02
   0.108851E+03   0.429248E+01  -0.332402E+02
   0.108135E+03   0.369233E+01  -0.331883E+02
   0.109574E+03   0.404528E+01  -0.341804E+02
   0.107033E+03   0.555819E+01  -0.330358E+02
   0.107704E+03   0.503633E+01  -0.327773E+02
   0.108264E+03   0.393570E+01  -0.330326E+02
   0.107725E+03   0.473344E+01  -0.326887E+02
   0.108630E+03   0.492453E+01  -0.330558E+02
   0.110772E+03   0.592888E+01  -0.350275E+02
   0.106034E+03   0.550452E+01  -0.332766E+02
   0.107096E+03   0.528731E+01  -0.328776E+02
   0.108831E+03   0.545812E+01  -0.333482E+02
   0.109383E+03   0.541816E+01  -0.336741E+02
   0.106622E+03   0.595246E+01  -0.333584E+02
   0.107443E+03   0.456359E+01  -0.326338E+02
   0.107234E+03   0.525709E+01  -0.328534E+02
   0.107044E+03   0.397570E+01  -0.327943E+02
   0.107530E+03   0.451560E+01  -0.326363E+02
