res1           res2           tau1           Y1_gamma1      LogPost        
   0.103514E+03   0.101737E+03   0.973788E+01   0.422743E+00  -0.211083E+02
   0.102954E+03   0.100464E+03   0.977912E+01   0.299965E+00  -0.241516E+02
   0.103535E+03   0.101302E+03   0.975383E+01   0.948613E+00  -0.223972E+02
   0.103960E+03   0.101712E+03   0.977726E+01   0.937467E-01  -0.225184E+02
   0.103367E+03   0.100827E+03   0.978234E+01   0.998751E+00  -0.231295E+02
   0.103244E+03   0.102107E+03   0.979229E+01   0.457909E+00  -0.216011E+02
   0.103244E+03   0.102717E+03   0.936657E+01   0.405800E+00  -0.239321E+02
   0.103172E+03   0.102444E+03   0.946563E+01   0.316144E+00  -0.238962E+02
   0.103341E+03   0.102740E+03   0.944871E+01   0.712457E+00  -0.226150E+02
   0.103778E+03   0.101370E+03   0.982088E+01   0.869893E-01  -0.217257E+02
   0.103778E+03   0.102169E+03   0.976378E+01   0.792894E+00  -0.217912E+02
   0.103979E+03   0.103547E+03   0.987241E+01   0.115526E+01  -0.240337E+02
   0.103746E+03   0.101657E+03   0.964318E+01   0.266349E+01  -0.279305E+02
   0.102128E+03   0.103606E+03   0.918457E+01   0.620868E+00  -0.235711E+02
   0.104115E+03   0.102892E+03   0.945790E+01   0.514663E-01  -0.217985E+02
   0.104015E+03   0.103883E+03   0.942763E+01   0.514663E-01  -0.245611E+02
   0.103534E+03   0.102571E+03   0.948360E+01   0.672089E+00  -0.224915E+02
   0.104777E+03   0.102587E+03   0.983009E+01   0.118777E+01  -0.259573E+02
   0.104295E+03   0.101361E+03   0.949513E+01   0.130682E+01  -0.255046E+02
   0.103515E+03   0.103951E+03   0.984751E+01   0.831681E-01  -0.231827E+02
   0.103593E+03   0.101579E+03   0.984227E+01   0.831681E-01  -0.217516E+02
   0.104386E+03   0.102956E+03   0.947500E+01   0.114314E+01  -0.231286E+02
   0.102515E+03   0.102956E+03   0.918402E+01   0.154653E+01  -0.251158E+02
   0.104227E+03   0.102628E+03   0.983471E+01   0.706117E+00  -0.236579E+02
   0.103897E+03   0.102733E+03   0.977079E+01   0.350443E+00  -0.219998E+02
   0.103084E+03   0.100849E+03   0.981470E+01   0.350443E+00  -0.228313E+02
   0.104078E+03   0.103107E+03   0.976563E+01   0.458153E+00  -0.230099E+02
   0.103434E+03   0.103840E+03   0.914856E+01   0.103977E+01  -0.237438E+02
   0.104603E+03   0.103866E+03   0.914622E+01   0.371643E+00  -0.254445E+02
   0.102155E+03   0.102543E+03   0.917549E+01   0.122997E+01  -0.256886E+02
   0.102858E+03   0.103700E+03   0.928134E+01   0.177723E+01  -0.255863E+02
   0.104334E+03   0.103931E+03   0.974632E+01   0.156031E+01  -0.255797E+02
   0.103034E+03   0.102803E+03   0.977385E+01   0.861206E+00  -0.232338E+02
   0.103640E+03   0.103905E+03   0.915936E+01   0.419448E+00  -0.235248E+02
   0.101777E+03   0.103792E+03   0.905551E+01   0.695621E+00  -0.238546E+02
   0.103191E+03   0.103731E+03   0.943882E+01   0.345008E+00  -0.240283E+02
   0.103547E+03   0.103136E+03   0.992144E+01   0.247561E+00  -0.224823E+02
   0.103448E+03   0.104076E+03   0.973245E+01   0.118303E+01  -0.246791E+02
   0.102627E+03   0.103964E+03   0.916703E+01   0.801826E+00  -0.238105E+02
   0.104074E+03   0.101396E+03   0.988239E+01   0.307655E+00  -0.237466E+02
   0.103404E+03   0.101553E+03   0.988239E+01   0.483740E+00  -0.219281E+02
   0.103404E+03   0.100619E+03   0.977612E+01   0.472511E-01  -0.220456E+02
   0.102365E+03   0.103017E+03   0.957868E+01   0.901509E+00  -0.259819E+02
   0.103773E+03   0.102555E+03   0.974796E+01   0.719310E+00  -0.217995E+02
   0.103337E+03   0.103234E+03   0.910123E+01   0.177935E+01  -0.253219E+02
   0.103887E+03   0.103744E+03   0.910808E+01   0.770027E+00  -0.234094E+02
   0.103707E+03   0.101729E+03   0.982407E+01   0.838213E+00  -0.218780E+02
   0.104358E+03   0.101832E+03   0.955976E+01   0.127872E+01  -0.249333E+02
   0.103595E+03   0.103980E+03   0.991127E+01   0.739516E+00  -0.230740E+02
   0.103700E+03   0.103554E+03   0.955781E+01   0.670864E+00  -0.229215E+02
   0.104175E+03   0.102321E+03   0.978920E+01   0.954977E+00  -0.227554E+02
   0.103243E+03   0.103816E+03   0.995724E+01   0.954977E+00  -0.233614E+02
   0.104599E+03   0.102447E+03   0.946298E+01   0.114773E+01  -0.235515E+02
   0.103036E+03   0.103097E+03   0.954574E+01   0.926827E+00  -0.235565E+02
   0.103537E+03   0.103211E+03   0.994573E+01   0.135794E+01  -0.241823E+02
   0.103386E+03   0.104328E+03   0.990582E+01   0.631899E+00  -0.228975E+02
   0.103689E+03   0.103269E+03   0.929034E+01   0.477999E+00  -0.226390E+02
   0.102961E+03   0.102467E+03   0.974178E+01   0.763860E+00  -0.231474E+02
   0.102776E+03   0.103104E+03   0.949145E+01   0.740781E+00  -0.241816E+02
   0.103454E+03   0.103501E+03   0.942966E+01   0.646017E+00  -0.228203E+02
   0.102532E+03   0.103057E+03   0.946449E+01   0.145310E+01  -0.256629E+02
   0.103436E+03   0.103237E+03   0.910937E+01   0.128974E+01  -0.240453E+02
   0.102798E+03   0.103921E+03   0.914215E+01   0.289862E+00  -0.235934E+02
   0.103048E+03   0.103346E+03   0.933207E+01   0.289862E+00  -0.225977E+02
   0.103672E+03   0.102885E+03   0.972273E+01   0.715408E+00  -0.226499E+02
   0.103365E+03   0.102950E+03   0.982434E+01   0.611831E+00  -0.221040E+02
   0.103389E+03   0.102792E+03   0.968108E+01   0.128173E+01  -0.237343E+02
   0.103351E+03   0.102848E+03   0.925477E+01   0.102638E+01  -0.240677E+02
   0.102516E+03   0.105748E+03   0.992209E+01   0.367941E+00  -0.276282E+02
   0.103611E+03   0.102700E+03   0.974231E+01   0.368129E+00  -0.213612E+02
   0.104218E+03   0.102583E+03   0.945902E+01   0.187573E-01  -0.230599E+02
   0.103055E+03   0.100447E+03   0.974510E+01   0.637096E-01  -0.235360E+02
   0.103592E+03   0.103578E+03   0.974510E+01   0.386066E+00  -0.226181E+02
   0.103592E+03   0.101708E+03   0.975655E+01   0.622709E+00  -0.214154E+02
   0.103592E+03   0.101813E+03   0.976482E+01   0.902683E+00  -0.220232E+02
   0.103941E+03   0.103243E+03   0.934722E+01   0.129532E+01  -0.241829E+02
   0.103163E+03   0.103822E+03   0.915517E+01   0.112923E+01  -0.238739E+02
   0.104319E+03   0.102634E+03   0.990063E+01   0.127284E+01  -0.243318E+02
   0.103346E+03   0.103162E+03   0.941899E+01   0.578414E+00  -0.225386E+02
   0.104541E+03   0.102824E+03   0.959817E+01   0.106388E+01  -0.246516E+02
   0.102674E+03   0.102308E+03   0.949073E+01   0.117479E+01  -0.251189E+02
   0.104543E+03   0.100949E+03   0.948104E+01   0.117479E+01  -0.273973E+02
   0.101297E+03   0.104554E+03   0.905574E+01   0.154504E+01  -0.270576E+02
   0.103500E+03   0.102826E+03   0.949991E+01   0.472787E+00  -0.220458E+02
   0.102253E+03   0.100691E+03   0.980503E+01   0.288148E+01  -0.296543E+02
   0.103552E+03   0.103009E+03   0.983754E+01   0.891918E+00  -0.227332E+02
   0.103335E+03   0.103597E+03   0.976510E+01   0.161280E+01  -0.250777E+02
   0.104481E+03   0.102143E+03   0.976510E+01   0.722854E+00  -0.238002E+02
   0.102851E+03   0.101936E+03   0.981823E+01   0.887866E+00  -0.236217E+02
   0.103821E+03   0.103399E+03   0.942489E+01   0.278709E+00  -0.218894E+02
   0.103269E+03   0.102636E+03   0.980609E+01   0.515774E-01  -0.214728E+02
   0.103732E+03   0.103663E+03   0.939841E+01   0.134747E+01  -0.243080E+02
   0.102385E+03   0.101067E+03   0.972748E+01   0.176014E+01  -0.277149E+02
   0.103527E+03   0.103387E+03   0.942334E+01   0.820337E+00  -0.228757E+02
   0.103974E+03   0.103277E+03   0.915025E+01   0.868929E+00  -0.235387E+02
   0.104268E+03   0.101753E+03   0.986155E+01   0.816135E+00  -0.238137E+02
   0.103223E+03   0.103832E+03   0.924368E+01   0.732565E+00  -0.231903E+02
   0.103153E+03   0.101230E+03   0.994631E+01   0.252110E+00  -0.231445E+02
   0.103336E+03   0.103224E+03   0.984433E+01   0.328587E+00  -0.222304E+02
   0.103484E+03   0.101891E+03   0.989413E+01   0.328587E+00  -0.215568E+02
   0.103216E+03   0.103300E+03   0.948314E+01   0.328587E+00  -0.226094E+02
   0.103216E+03   0.103300E+03   0.952795E+01   0.461227E+00  -0.226363E+02
   0.103246E+03   0.103903E+03   0.969531E+01   0.568066E+00  -0.234602E+02
   0.103636E+03   0.101098E+03   0.980011E+01   0.296920E+00  -0.214729E+02
   0.103636E+03   0.101295E+03   0.978002E+01   0.779562E-01  -0.213398E+02
   0.105001E+03   0.102363E+03   0.978002E+01   0.112475E+01  -0.259099E+02
   0.103666E+03   0.100786E+03   0.976500E+01   0.470841E+00  -0.219869E+02
   0.103938E+03   0.103095E+03   0.919533E+01   0.275180E+00  -0.235419E+02
   0.104581E+03   0.102548E+03   0.973899E+01   0.877491E+00  -0.242330E+02
   0.103657E+03   0.101110E+03   0.973170E+01   0.963279E+00  -0.225409E+02
   0.103657E+03   0.102583E+03   0.979591E+01   0.438748E+00  -0.213488E+02
   0.103131E+03   0.101493E+03   0.994066E+01   0.694650E+00  -0.233888E+02
   0.103742E+03   0.102908E+03   0.990295E+01   0.772569E+00  -0.224403E+02
   0.102478E+03   0.103750E+03   0.991212E+01   0.112488E+01  -0.255433E+02
   0.103142E+03   0.107181E+03   0.995684E+01   0.155300E+00  -0.253497E+02
   0.103226E+03   0.104795E+03   0.994105E+01   0.130553E+01  -0.243774E+02
   0.103104E+03   0.101066E+03   0.975960E+01   0.558854E+00  -0.226784E+02
   0.103104E+03   0.102090E+03   0.986362E+01   0.205888E+00  -0.222378E+02
   0.103291E+03   0.101187E+03   0.983788E+01   0.178096E+00  -0.220635E+02
   0.102819E+03   0.103899E+03   0.960664E+01   0.127641E+00  -0.246326E+02
   0.104239E+03   0.104092E+03   0.957763E+01   0.170534E+01  -0.259582E+02
   0.103807E+03   0.103531E+03   0.964794E+01   0.101992E+01  -0.234884E+02
   0.103833E+03   0.104800E+03   0.937151E+01   0.101992E+01  -0.270196E+02
   0.102725E+03   0.102038E+03   0.993599E+01   0.260039E+01  -0.280569E+02
   0.103923E+03   0.104543E+03   0.981152E+01   0.105688E+01  -0.254547E+02
   0.103259E+03   0.101970E+03   0.981485E+01   0.838862E-01  -0.212103E+02
   0.103654E+03   0.102888E+03   0.981485E+01   0.225052E+00  -0.215939E+02
   0.103179E+03   0.103009E+03   0.973356E+01   0.399545E+00  -0.223925E+02
   0.103058E+03   0.103263E+03   0.906884E+01   0.946604E+00  -0.232534E+02
   0.101819E+03   0.103242E+03   0.911980E+01   0.169660E+01  -0.250324E+02
   0.101530E+03   0.104141E+03   0.915188E+01   0.155260E+01  -0.265405E+02
   0.103432E+03   0.101298E+03   0.973314E+01   0.105039E+01  -0.227573E+02
   0.103432E+03   0.102756E+03   0.978410E+01   0.327333E+00  -0.214223E+02
   0.103913E+03   0.101710E+03   0.978410E+01   0.108863E+01  -0.226270E+02
   0.104206E+03   0.104313E+03   0.978410E+01   0.461129E+00  -0.261401E+02
   0.103627E+03   0.104238E+03   0.992861E+01   0.395364E+00  -0.229027E+02
   0.103627E+03   0.100638E+03   0.982068E+01   0.733627E+00  -0.225792E+02
   0.104206E+03   0.103564E+03   0.969031E+01   0.733627E+00  -0.240548E+02
   0.104040E+03   0.102260E+03   0.989392E+01   0.642398E+00  -0.228362E+02
   0.103960E+03   0.103263E+03   0.953851E+01   0.188140E+00  -0.239980E+02
   0.102564E+03   0.102581E+03   0.941887E+01   0.138359E+01  -0.254246E+02
   0.103557E+03   0.103269E+03   0.937902E+01   0.871634E+00  -0.231185E+02
   0.104352E+03   0.103533E+03   0.905077E+01   0.588745E-01  -0.234522E+02
   0.104549E+03   0.103533E+03   0.913027E+01   0.506535E+00  -0.243801E+02
   0.103565E+03   0.102725E+03   0.946585E+01   0.107370E+01  -0.229303E+02
   0.104313E+03   0.102968E+03   0.945077E+01   0.457191E+00  -0.221762E+02
   0.103824E+03   0.102559E+03   0.944243E+01   0.483424E+00  -0.222899E+02
   0.103739E+03   0.102268E+03   0.942454E+01   0.148910E+01  -0.241036E+02
   0.103623E+03   0.103529E+03   0.919631E+01   0.778393E+00  -0.230364E+02
   0.104147E+03   0.102980E+03   0.928771E+01   0.197810E+00  -0.239112E+02
   0.103407E+03   0.102357E+03   0.961436E+01   0.229362E+01  -0.266463E+02
   0.103581E+03   0.103324E+03   0.904710E+01   0.311954E-01  -0.223725E+02
   0.103581E+03   0.103299E+03   0.985987E+01   0.311954E-01  -0.222902E+02
   0.103290E+03   0.102485E+03   0.989395E+01   0.311954E-01  -0.216290E+02
   0.103290E+03   0.101645E+03   0.981673E+01   0.114501E+00  -0.211925E+02
   0.103920E+03   0.103811E+03   0.946976E+01   0.263267E+00  -0.236052E+02
   0.103148E+03   0.102227E+03   0.977952E+01   0.474363E+00  -0.219734E+02
   0.104094E+03   0.102821E+03   0.944846E+01   0.308813E+00  -0.219091E+02
   0.103655E+03   0.103752E+03   0.906068E+01   0.368063E+00  -0.231054E+02
   0.106144E+03   0.102618E+03   0.947404E+01   0.236113E+01  -0.283665E+02
   0.103729E+03   0.102618E+03   0.939518E+01   0.468202E+00  -0.244626E+02
   0.103524E+03   0.101070E+03   0.952439E+01   0.875627E+00  -0.259599E+02
   0.103225E+03   0.103773E+03   0.933018E+01   0.614700E+00  -0.231316E+02
   0.103217E+03   0.101050E+03   0.979249E+01   0.614700E+00  -0.224030E+02
   0.103540E+03   0.102613E+03   0.976163E+01   0.536695E+00  -0.214727E+02
   0.103562E+03   0.101777E+03   0.980866E+01   0.666278E+00  -0.214920E+02
   0.103176E+03   0.101084E+03   0.992692E+01   0.276119E+00  -0.231900E+02
   0.103119E+03   0.102995E+03   0.953673E+01   0.812566E+00  -0.231859E+02
   0.103648E+03   0.998759E+02   0.991554E+01   0.155204E+01  -0.257031E+02
   0.103113E+03   0.102643E+03   0.956880E+01   0.105247E+01  -0.236145E+02
   0.103395E+03   0.102544E+03   0.951749E+01   0.220491E+00  -0.230225E+02
   0.103277E+03   0.102168E+03   0.974475E+01   0.227326E+00  -0.212646E+02
   0.103621E+03   0.101184E+03   0.984673E+01   0.430003E+00  -0.221405E+02
   0.103798E+03   0.103113E+03   0.926113E+01   0.565175E+00  -0.230096E+02
   0.103798E+03   0.101233E+03   0.976176E+01   0.174553E+00  -0.218171E+02
   0.103425E+03   0.102168E+03   0.976828E+01   0.174553E+00  -0.209593E+02
   0.103263E+03   0.102168E+03   0.976098E+01   0.153202E+00  -0.212549E+02
   0.102803E+03   0.103644E+03   0.908407E+01   0.829775E+00  -0.231237E+02
   0.102182E+03   0.103644E+03   0.923304E+01   0.375500E+00  -0.233931E+02
   0.103967E+03   0.102964E+03   0.919626E+01   0.253284E-01  -0.242155E+02
   0.103333E+03   0.103792E+03   0.949677E+01   0.637004E+00  -0.238625E+02
   0.102105E+03   0.104609E+03   0.909995E+01   0.108563E+01  -0.268430E+02
   0.102747E+03   0.102795E+03   0.936495E+01   0.932880E+00  -0.242660E+02
   0.105533E+03   0.103802E+03   0.942413E+01   0.124309E+01  -0.267429E+02
   0.104124E+03   0.102698E+03   0.944787E+01   0.709938E+00  -0.222529E+02
   0.103155E+03   0.102144E+03   0.982326E+01   0.168954E+01  -0.247245E+02
   0.104096E+03   0.102114E+03   0.984520E+01   0.119101E+01  -0.237417E+02
   0.104096E+03   0.101627E+03   0.971500E+01   0.154222E+01  -0.251559E+02
   0.101875E+03   0.103576E+03   0.932515E+01   0.181638E+01  -0.265887E+02
   0.102715E+03   0.103360E+03   0.913030E+01   0.896490E+00  -0.232605E+02
   0.102684E+03   0.103360E+03   0.935748E+01   0.476384E+00  -0.233902E+02
   0.104275E+03   0.103570E+03   0.941232E+01   0.372943E+00  -0.232913E+02
   0.103361E+03   0.999588E+02   0.991645E+01   0.383390E+00  -0.239279E+02
   0.103324E+03   0.997831E+02   0.991645E+01   0.110193E+01  -0.248362E+02
   0.103644E+03   0.102934E+03   0.976950E+01   0.496694E+00  -0.217247E+02
   0.103644E+03   0.102354E+03   0.982517E+01   0.193316E+01  -0.251619E+02
   0.103970E+03   0.100900E+03   0.974299E+01   0.692097E+00  -0.225290E+02
   0.103970E+03   0.103482E+03   0.952430E+01   0.108288E+01  -0.237077E+02
   0.103540E+03   0.102803E+03   0.982215E+01   0.120204E+01  -0.231115E+02
   0.104178E+03   0.101696E+03   0.975884E+01   0.621056E+00  -0.225406E+02
   0.103465E+03   0.100958E+03   0.959245E+01   0.187427E+01  -0.265793E+02
   0.104024E+03   0.103427E+03   0.962630E+01   0.127701E+01  -0.240861E+02
   0.103904E+03   0.102430E+03   0.967372E+01   0.192894E+01  -0.254942E+02
   0.103217E+03   0.101676E+03   0.976653E+01   0.171346E+00  -0.214334E+02
   0.103224E+03   0.103630E+03   0.952932E+01   0.224458E+00  -0.226481E+02
   0.103230E+03   0.101050E+03   0.975872E+01   0.108290E+01  -0.233296E+02
   0.104056E+03   0.100149E+03   0.989620E+01   0.864865E+00  -0.234462E+02
   0.102972E+03   0.102652E+03   0.950822E+01   0.133756E+01  -0.244404E+02
   0.104865E+03   0.103077E+03   0.912353E+01   0.270833E+01  -0.284150E+02
   0.103896E+03   0.102760E+03   0.947423E+01   0.117051E+01  -0.229776E+02
   0.104306E+03   0.101711E+03   0.966198E+01   0.140841E+01  -0.251107E+02
   0.103929E+03   0.102450E+03   0.967765E+01   0.106791E+01  -0.234609E+02
   0.104034E+03   0.103758E+03   0.905176E+01   0.932670E+00  -0.237309E+02
   0.102729E+03   0.103609E+03   0.939176E+01   0.979351E+00  -0.238594E+02
   0.103235E+03   0.103556E+03   0.977166E+01   0.297712E+00  -0.230109E+02
   0.102892E+03   0.102502E+03   0.966452E+01   0.132160E+01  -0.245664E+02
   0.103221E+03   0.103109E+03   0.970880E+01   0.134635E+00  -0.224134E+02
   0.103531E+03   0.100241E+03   0.993548E+01   0.357232E+00  -0.237639E+02
   0.103430E+03   0.102704E+03   0.990644E+01   0.135345E+01  -0.241491E+02
   0.103430E+03   0.106143E+03   0.994317E+01   0.135345E+01  -0.251035E+02
   0.103453E+03   0.100124E+03   0.975481E+01   0.249970E-01  -0.230133E+02
   0.102911E+03   0.101018E+03   0.973792E+01   0.282565E+00  -0.236014E+02
   0.103371E+03   0.102711E+03   0.944511E+01   0.750171E+00  -0.226285E+02
   0.102857E+03   0.102251E+03   0.973772E+01   0.750171E+00  -0.235012E+02
   0.103531E+03   0.100425E+03   0.976295E+01   0.141795E+01  -0.245271E+02
   0.103212E+03   0.101220E+03   0.995841E+01   0.100495E+01  -0.238487E+02
   0.103849E+03   0.102894E+03   0.982523E+01   0.622327E+00  -0.220374E+02
   0.103913E+03   0.101041E+03   0.981944E+01   0.598492E+00  -0.221632E+02
   0.103179E+03   0.102110E+03   0.982437E+01   0.274099E+00  -0.216192E+02
   0.104521E+03   0.103680E+03   0.949286E+01   0.700328E+00  -0.237557E+02
   0.104370E+03   0.103549E+03   0.947575E+01   0.148081E+00  -0.232308E+02
   0.103257E+03   0.101514E+03   0.981180E+01   0.650093E+00  -0.219949E+02
   0.103476E+03   0.102242E+03   0.984335E+01   0.137387E+00  -0.214460E+02
   0.103548E+03   0.102460E+03   0.978766E+01   0.137387E+00  -0.210836E+02
   0.103080E+03   0.102204E+03   0.978766E+01   0.264885E+00  -0.220782E+02
   0.104142E+03   0.102614E+03   0.911418E+01   0.130615E+01  -0.253767E+02
   0.103601E+03   0.102869E+03   0.919470E+01   0.926802E-01  -0.241914E+02
   0.103501E+03   0.102636E+03   0.987054E+01   0.360076E+00  -0.216731E+02
   0.103496E+03   0.100482E+03   0.978020E+01   0.363149E+00  -0.223490E+02
   0.103997E+03   0.103796E+03   0.945890E+01   0.126261E+00  -0.238164E+02
   0.103601E+03   0.102756E+03   0.921074E+01   0.541748E+00  -0.244325E+02
   0.103412E+03   0.101829E+03   0.981541E+01   0.826281E+00  -0.219787E+02
   0.103413E+03   0.102674E+03   0.981541E+01   0.762480E+00  -0.220608E+02
   0.103301E+03   0.103299E+03   0.949176E+01   0.282829E+00  -0.223417E+02
   0.103292E+03   0.102018E+03   0.978368E+01   0.282829E+00  -0.212475E+02
   0.103292E+03   0.103549E+03   0.913759E+01   0.282829E+00  -0.223455E+02
   0.103576E+03   0.101572E+03   0.978423E+01   0.227635E+00  -0.210351E+02
   0.103642E+03   0.100590E+03   0.988235E+01   0.148772E+00  -0.229077E+02
   0.103654E+03   0.103014E+03   0.947658E+01   0.746738E+00  -0.221778E+02
   0.104041E+03   0.101669E+03   0.976108E+01   0.746738E+00  -0.221643E+02
   0.102854E+03   0.101834E+03   0.979626E+01   0.455580E+00  -0.234126E+02
   0.103165E+03   0.101712E+03   0.979626E+01   0.552970E+00  -0.220180E+02
   0.103497E+03   0.103898E+03   0.995844E+01   0.839524E+00  -0.231233E+02
   0.103301E+03   0.997368E+02   0.972943E+01   0.395203E+00  -0.243489E+02
   0.103199E+03   0.102040E+03   0.984018E+01   0.846554E-01  -0.218212E+02
   0.103686E+03   0.102622E+03   0.959778E+01   0.695955E+00  -0.227907E+02
   0.103634E+03   0.103781E+03   0.967668E+01   0.163565E+01  -0.251376E+02
   0.103264E+03   0.102767E+03   0.982066E+01   0.101388E+01  -0.229273E+02
   0.103886E+03   0.102097E+03   0.982066E+01   0.209276E+00  -0.218302E+02
   0.103612E+03   0.101057E+03   0.975910E+01   0.664310E-01  -0.215275E+02
   0.103273E+03   0.105035E+03   0.989524E+01   0.104349E+01  -0.259495E+02
   0.104080E+03   0.101048E+03   0.977267E+01   0.101265E+00  -0.238713E+02
   0.103800E+03   0.103171E+03   0.973600E+01   0.101265E+00  -0.225416E+02
   0.103877E+03   0.101644E+03   0.973600E+01   0.514506E+00  -0.215917E+02
   0.104170E+03   0.102653E+03   0.950191E+01   0.107507E+01  -0.228482E+02
   0.104179E+03   0.102944E+03   0.986565E+01   0.154584E+01  -0.248385E+02
   0.104026E+03   0.102569E+03   0.977994E+01   0.670472E+00  -0.221878E+02
   0.103926E+03   0.103079E+03   0.977994E+01   0.288136E+00  -0.226266E+02
   0.103284E+03   0.102251E+03   0.973651E+01   0.801096E+00  -0.221550E+02
   0.103344E+03   0.103351E+03   0.952532E+01   0.471575E+00  -0.224919E+02
   0.103623E+03   0.104106E+03   0.957489E+01   0.168266E+00  -0.237195E+02
   0.104038E+03   0.104994E+03   0.995927E+01   0.163307E+00  -0.260453E+02
   0.102991E+03   0.101845E+03   0.980736E+01   0.903673E+00  -0.231323E+02
   0.104717E+03   0.102804E+03   0.933124E+01   0.125582E+01  -0.255001E+02
   0.100609E+03   0.103067E+03   0.904596E+01   0.182197E+01  -0.262760E+02
   0.103591E+03   0.103276E+03   0.906359E+01   0.100196E+01  -0.234298E+02
   0.102990E+03   0.103348E+03   0.906359E+01   0.115191E+00  -0.222064E+02
   0.103747E+03   0.103041E+03   0.983601E+01   0.115191E+00  -0.225038E+02
   0.102666E+03   0.103218E+03   0.951700E+01   0.141072E+01  -0.253165E+02
   0.103536E+03   0.102552E+03   0.949139E+01   0.145348E+01  -0.239587E+02
   0.103106E+03   0.103390E+03   0.931600E+01   0.121058E+01  -0.238756E+02
   0.103831E+03   0.103582E+03   0.984754E+01   0.121058E+01  -0.239957E+02
   0.103569E+03   0.101837E+03   0.992364E+01   0.164813E+01  -0.250977E+02
   0.103781E+03   0.102420E+03   0.992364E+01   0.205006E+00  -0.234885E+02
   0.104296E+03   0.108072E+03   0.993624E+01   0.254736E+01  -0.294809E+02
   0.104052E+03   0.101909E+03   0.956829E+01   0.700433E+00  -0.245641E+02
   0.102437E+03   0.103671E+03   0.910738E+01   0.937358E-01  -0.230660E+02
   0.102779E+03   0.104755E+03   0.990864E+01   0.113492E+01  -0.247886E+02
   0.103774E+03   0.994448E+02   0.990864E+01   0.744216E+00  -0.251686E+02
   0.103774E+03   0.103511E+03   0.940286E+01   0.346080E+00  -0.226886E+02
   0.103285E+03   0.103511E+03   0.955104E+01   0.246155E+00  -0.224514E+02
   0.105888E+03   0.103696E+03   0.906352E+01   0.267805E+01  -0.284980E+02
   0.103374E+03   0.103516E+03   0.973862E+01   0.100788E+00  -0.225246E+02
   0.102682E+03   0.103169E+03   0.957857E+01   0.675534E+00  -0.245692E+02
   0.104227E+03   0.103909E+03   0.942829E+01   0.104287E+01  -0.242274E+02
   0.105227E+03   0.103465E+03   0.910216E+01   0.154998E+01  -0.253794E+02
   0.103106E+03   0.102775E+03   0.977162E+01   0.454774E-01  -0.222526E+02
   0.103348E+03   0.102322E+03   0.986158E+01   0.454774E-01  -0.214916E+02
   0.103507E+03   0.101942E+03   0.974537E+01   0.454774E-01  -0.208948E+02
   0.103507E+03   0.102927E+03   0.974185E+01   0.201697E+00  -0.215058E+02
   0.103507E+03   0.103317E+03   0.989976E+01   0.153927E+00  -0.221627E+02
   0.103387E+03   0.102603E+03   0.990086E+01   0.253168E+00  -0.214717E+02
   0.101549E+03   0.102736E+03   0.908921E+01   0.507607E+00  -0.256064E+02
   0.102538E+03   0.103011E+03   0.908921E+01   0.397211E+00  -0.232937E+02
   0.103829E+03   0.103359E+03   0.938587E+01   0.775007E+00  -0.231162E+02
   0.103302E+03   0.100120E+03   0.995778E+01   0.126826E-01  -0.237032E+02
   0.103302E+03   0.104130E+03   0.990795E+01   0.267503E-01  -0.224282E+02
   0.103458E+03   0.100787E+03   0.978518E+01   0.994180E+00  -0.230556E+02
   0.103981E+03   0.100943E+03   0.994033E+01   0.503420E+00  -0.247718E+02
   0.103730E+03   0.100833E+03   0.983875E+01   0.110746E+01  -0.237722E+02
   0.103566E+03   0.103262E+03   0.964468E+01   0.108502E+01  -0.233320E+02
   0.103512E+03   0.103001E+03   0.945256E+01   0.880553E+00  -0.225704E+02
   0.103570E+03   0.101891E+03   0.989714E+01   0.486095E+00  -0.213352E+02
   0.103738E+03   0.103315E+03   0.947724E+01   0.165143E+00  -0.216469E+02
   0.103738E+03   0.102331E+03   0.980434E+01   0.273948E+00  -0.212938E+02
   0.104221E+03   0.102777E+03   0.993086E+01   0.473866E+00  -0.257373E+02
   0.103485E+03   0.980523E+02   0.993086E+01   0.269711E+00  -0.264813E+02
   0.103402E+03   0.995093E+02   0.991998E+01   0.789377E+00  -0.246753E+02
   0.103402E+03   0.101428E+03   0.988036E+01   0.673234E+00  -0.223342E+02
   0.103440E+03   0.102032E+03   0.956924E+01   0.390461E+00  -0.241282E+02
   0.103397E+03   0.102492E+03   0.956004E+01   0.390461E+00  -0.229726E+02
   0.103424E+03   0.101494E+03   0.984610E+01   0.390461E+00  -0.218207E+02
   0.103221E+03   0.100883E+03   0.981870E+01   0.522342E+00  -0.224431E+02
   0.103061E+03   0.102245E+03   0.980810E+01   0.222883E+00  -0.221697E+02
   0.103061E+03   0.104169E+03   0.985846E+01   0.222883E+00  -0.245519E+02
   0.103198E+03   0.105236E+03   0.990554E+01   0.132434E+01  -0.246178E+02
   0.103579E+03   0.100293E+03   0.974946E+01   0.190798E+00  -0.226811E+02
   0.103639E+03   0.100842E+03   0.982625E+01   0.547294E+00  -0.219875E+02
   0.104033E+03   0.102501E+03   0.982625E+01   0.149142E+01  -0.238844E+02
   0.103489E+03   0.103313E+03   0.919098E+01   0.149956E+01  -0.245413E+02
   0.104058E+03   0.103367E+03   0.919958E+01   0.416436E-02  -0.232544E+02
   0.103124E+03   0.103857E+03   0.958090E+01   0.330689E-01  -0.231224E+02
   0.103883E+03   0.103416E+03   0.964108E+01   0.321897E+00  -0.232871E+02
   0.103518E+03   0.103531E+03   0.915555E+01   0.806528E+00  -0.230209E+02
   0.105223E+03   0.103019E+03   0.930410E+01   0.100131E+01  -0.266381E+02
   0.103985E+03   0.103019E+03   0.946873E+01   0.265289E+00  -0.215534E+02
   0.103985E+03   0.102974E+03   0.985338E+01   0.906875E+00  -0.231867E+02
   0.103361E+03   0.101988E+03   0.957531E+01   0.184938E+01  -0.255125E+02
   0.103264E+03   0.103175E+03   0.913211E+01   0.549954E+00  -0.227873E+02
   0.102409E+03   0.102972E+03   0.925366E+01   0.637445E+00  -0.238313E+02
   0.104421E+03   0.102473E+03   0.920344E+01   0.133396E+01  -0.260076E+02
   0.104244E+03   0.102641E+03   0.976272E+01   0.829384E+00  -0.229658E+02
   0.103957E+03   0.102028E+03   0.976272E+01   0.393244E+00  -0.218139E+02
   0.103575E+03   0.102264E+03   0.957585E+01   0.222361E+00  -0.239186E+02
   0.103265E+03   0.102533E+03   0.936323E+01   0.222361E+00  -0.252479E+02
   0.103757E+03   0.102816E+03   0.948621E+01   0.513854E+00  -0.218574E+02
   0.102669E+03   0.103476E+03   0.924599E+01   0.307890E+00  -0.224630E+02
   0.102235E+03   0.103064E+03   0.905359E+01   0.307890E+00  -0.233171E+02
   0.102476E+03   0.102849E+03   0.916638E+01   0.892280E+00  -0.242577E+02
   0.102793E+03   0.102007E+03   0.995630E+01   0.116557E+01  -0.245998E+02
   0.104228E+03   0.100268E+03   0.981591E+01   0.116822E+01  -0.245758E+02
   0.104152E+03   0.102772E+03   0.953544E+01   0.714688E+00  -0.236204E+02
   0.103648E+03   0.102314E+03   0.975223E+01   0.714688E+00  -0.216137E+02
   0.103883E+03   0.101539E+03   0.980551E+01   0.157974E+01  -0.240969E+02
   0.103666E+03   0.102924E+03   0.949663E+01   0.439976E+00  -0.217460E+02
   0.102357E+03   0.101921E+03   0.975603E+01   0.114719E+01  -0.260350E+02
   0.104181E+03   0.101213E+03   0.981915E+01   0.122410E+01  -0.235478E+02
   0.104724E+03   0.103455E+03   0.944062E+01   0.122951E+01  -0.241666E+02
   0.103872E+03   0.103192E+03   0.918160E+01   0.121687E+01  -0.240829E+02
   0.102526E+03   0.103248E+03   0.912007E+01   0.471739E+00  -0.229050E+02
   0.102765E+03   0.103028E+03   0.912007E+01   0.471739E+00  -0.232227E+02
   0.103339E+03   0.102780E+03   0.957656E+01   0.906592E+00  -0.230106E+02
   0.103059E+03   0.102925E+03   0.912822E+01   0.301005E+00  -0.235028E+02
   0.103911E+03   0.103291E+03   0.956508E+01   0.444350E+00  -0.231236E+02
   0.102945E+03   0.103391E+03   0.963790E+01   0.372970E+00  -0.234134E+02
   0.104187E+03   0.103103E+03   0.932416E+01   0.132168E+01  -0.245128E+02
   0.104584E+03   0.103495E+03   0.960731E+01   0.121958E+01  -0.251345E+02
   0.103408E+03   0.100422E+03   0.985031E+01   0.801947E+00  -0.236617E+02
   0.102829E+03   0.101340E+03   0.988048E+01   0.877187E+00  -0.241927E+02
   0.103963E+03   0.102904E+03   0.988261E+01   0.299335E+00  -0.231150E+02
   0.103582E+03   0.104104E+03   0.984431E+01   0.126155E+01  -0.245393E+02
   0.101753E+03   0.104179E+03   0.936565E+01   0.205035E+01  -0.277475E+02
   0.103706E+03   0.102015E+03   0.957394E+01   0.145795E+01  -0.243955E+02
   0.104283E+03   0.103659E+03   0.973801E+01   0.161965E+01  -0.253074E+02
   0.103490E+03   0.101832E+03   0.944329E+01   0.124475E+01  -0.244245E+02
   0.103878E+03   0.100594E+03   0.974610E+01   0.910335E+00  -0.231120E+02
   0.104532E+03   0.102753E+03   0.957406E+01   0.740818E+00  -0.251300E+02
   0.103554E+03   0.991646E+02   0.990009E+01   0.125979E+01  -0.247477E+02
   0.104311E+03   0.101438E+03   0.962557E+01   0.151471E+01  -0.256077E+02
   0.104060E+03   0.103591E+03   0.922094E+01   0.149063E+01  -0.247792E+02
   0.103305E+03   0.103586E+03   0.956488E+01   0.386419E+00  -0.226378E+02
   0.103725E+03   0.106416E+03   0.992294E+01   0.596833E+00  -0.247043E+02
   0.103064E+03   0.998567E+02   0.979262E+01   0.154820E+01  -0.261709E+02
   0.102855E+03   0.101657E+03   0.977828E+01   0.129094E+01  -0.243284E+02
   0.103041E+03   0.100558E+03   0.977923E+01   0.724497E+00  -0.237733E+02
   0.103414E+03   0.103394E+03   0.964338E+01   0.219042E+00  -0.222936E+02
   0.103328E+03   0.103668E+03   0.915654E+01   0.219042E+00  -0.226160E+02
   0.103776E+03   0.103183E+03   0.970113E+01   0.935906E-01  -0.232187E+02
   0.104237E+03   0.103884E+03   0.983493E+01   0.148086E+01  -0.253876E+02
   0.103717E+03   0.102823E+03   0.944826E+01   0.359487E+00  -0.217624E+02
   0.102442E+03   0.102229E+03   0.962157E+01   0.123095E+01  -0.258565E+02
   0.103777E+03   0.103834E+03   0.958186E+01   0.427694E+00  -0.233513E+02
   0.103088E+03   0.102148E+03   0.995119E+01   0.187810E+01  -0.257375E+02
   0.103319E+03   0.103248E+03   0.995199E+01   0.104792E+01  -0.234366E+02
   0.103050E+03   0.103277E+03   0.954193E+01   0.705837E+00  -0.232954E+02
   0.102587E+03   0.102935E+03   0.943974E+01   0.110536E+00  -0.254818E+02
   0.102989E+03   0.102935E+03   0.964018E+01   0.587609E-01  -0.232573E+02
   0.103577E+03   0.103539E+03   0.968782E+01   0.399224E+00  -0.225770E+02
   0.103577E+03   0.101893E+03   0.983716E+01   0.399224E+00  -0.216531E+02
   0.103408E+03   0.100390E+03   0.995361E+01   0.252716E+00  -0.234756E+02
   0.103886E+03   0.103191E+03   0.940547E+01   0.316505E+00  -0.228443E+02
   0.103164E+03   0.102976E+03   0.983316E+01   0.680295E+00  -0.228021E+02
   0.103845E+03   0.103476E+03   0.935781E+01   0.100357E+01  -0.235262E+02
   0.103149E+03   0.103236E+03   0.981059E+01   0.794977E+00  -0.232421E+02
   0.103729E+03   0.101767E+03   0.986855E+01   0.230082E+01  -0.266903E+02
   0.103491E+03   0.103302E+03   0.987212E+01   0.170121E+01  -0.249906E+02
   0.103868E+03   0.100770E+03   0.989288E+01   0.131417E+01  -0.244320E+02
   0.104467E+03   0.101899E+03   0.944941E+01   0.129285E+01  -0.243478E+02
   0.103280E+03   0.103610E+03   0.995116E+01   0.880125E-01  -0.223187E+02
   0.104303E+03   0.103124E+03   0.986941E+01   0.117829E+01  -0.244513E+02
   0.102269E+03   0.102948E+03   0.986136E+01   0.151462E+01  -0.266991E+02
   0.103744E+03   0.101093E+03   0.991021E+01   0.463084E+00  -0.236642E+02
   0.105483E+03   0.103089E+03   0.905278E+01   0.125644E+01  -0.253228E+02
   0.103310E+03   0.103089E+03   0.945962E+01   0.131452E+01  -0.238716E+02
   0.104367E+03   0.103260E+03   0.930787E+01   0.743530E+00  -0.240328E+02
   0.103858E+03   0.103633E+03   0.912093E+01   0.211314E+01  -0.263852E+02
   0.103393E+03   0.100704E+03   0.995709E+01   0.124928E+01  -0.244940E+02
   0.104792E+03   0.102762E+03   0.968863E+01   0.163517E+01  -0.258019E+02
   0.103819E+03   0.102584E+03   0.949015E+01   0.975636E+00  -0.226523E+02
   0.103046E+03   0.103142E+03   0.950331E+01   0.198006E+00  -0.229548E+02
   0.102483E+03   0.103557E+03   0.911618E+01   0.375412E+00  -0.226294E+02
   0.994876E+02   0.103114E+03   0.910105E+01   0.100277E+01  -0.271860E+02
   0.104061E+03   0.103072E+03   0.986330E+01   0.624047E+00  -0.232711E+02
   0.101491E+03   0.103207E+03   0.912395E+01   0.112449E+00  -0.253909E+02
   0.105148E+03   0.103174E+03   0.941471E+01   0.912846E+00  -0.252626E+02
   0.103518E+03   0.103174E+03   0.946403E+01   0.195530E+00  -0.216707E+02
   0.103598E+03   0.100111E+03   0.985234E+01   0.885648E+00  -0.242360E+02
   0.103726E+03   0.103120E+03   0.945775E+01   0.611530E+00  -0.219420E+02
   0.102664E+03   0.103253E+03   0.924810E+01   0.320635E+00  -0.226166E+02
   0.103625E+03   0.105691E+03   0.991889E+01   0.266930E+00  -0.237968E+02
   0.103625E+03   0.102043E+03   0.992890E+01   0.877968E+00  -0.233654E+02
   0.103625E+03   0.103319E+03   0.986393E+01   0.465814E+00  -0.223771E+02
   0.102955E+03   0.102408E+03   0.989371E+01   0.107878E+01  -0.237761E+02
   0.103870E+03   0.100492E+03   0.981440E+01   0.803278E+00  -0.230703E+02
   0.103791E+03   0.103082E+03   0.905639E+01   0.444755E+00  -0.231826E+02
   0.103499E+03   0.104122E+03   0.960442E+01   0.163520E+00  -0.235235E+02
   0.104093E+03   0.104067E+03   0.914331E+01   0.610964E+00  -0.246035E+02
   0.104646E+03   0.102637E+03   0.947577E+01   0.201189E+01  -0.256330E+02
   0.103156E+03   0.103593E+03   0.974103E+01   0.131510E+01  -0.246103E+02
   0.103482E+03   0.108266E+03   0.993554E+01   0.380541E+00  -0.266930E+02
   0.103310E+03   0.103991E+03   0.956602E+01   0.104472E+01  -0.242748E+02
   0.102932E+03   0.103391E+03   0.972606E+01   0.589045E+00  -0.236111E+02
   0.104071E+03   0.103853E+03   0.930446E+01   0.334025E+00  -0.241542E+02
   0.102819E+03   0.103551E+03   0.924546E+01   0.353291E-01  -0.224154E+02
   0.103326E+03   0.103551E+03   0.928587E+01   0.600497E+00  -0.227333E+02
   0.103271E+03   0.103440E+03   0.924237E+01   0.522774E-01  -0.222078E+02
   0.103691E+03   0.103833E+03   0.957331E+01   0.325210E-01  -0.233932E+02
   0.103162E+03   0.101567E+03   0.958224E+01   0.883715E+00  -0.248680E+02
   0.103463E+03   0.102306E+03   0.968448E+01   0.188244E+01  -0.254097E+02
   0.104676E+03   0.102652E+03   0.921914E+01   0.923636E+00  -0.260092E+02
   0.103815E+03   0.102226E+03   0.980304E+01   0.686492E+00  -0.216419E+02
   0.103468E+03   0.101845E+03   0.973362E+01   0.502064E+00  -0.212370E+02
   0.103571E+03   0.102230E+03   0.973362E+01   0.987942E+00  -0.222591E+02
   0.104114E+03   0.104047E+03   0.927686E+01   0.128010E+01  -0.249358E+02
   0.102725E+03   0.104253E+03   0.919257E+01   0.612965E+00  -0.248272E+02
   0.102725E+03   0.102655E+03   0.978388E+01   0.237789E+00  -0.249036E+02
   0.103219E+03   0.102945E+03   0.988052E+01   0.299830E+00  -0.222098E+02
   0.103311E+03   0.101223E+03   0.987343E+01   0.665609E+00  -0.225942E+02
   0.103860E+03   0.100148E+03   0.974029E+01   0.170425E+00  -0.238191E+02
   0.103056E+03   0.104424E+03   0.971680E+01   0.125914E+01  -0.258193E+02
   0.102540E+03   0.103074E+03   0.964873E+01   0.728924E+00  -0.252281E+02
   0.102931E+03   0.103544E+03   0.906471E+01   0.258410E+00  -0.223884E+02
   0.103386E+03   0.103278E+03   0.922707E+01   0.965075E+00  -0.233086E+02
   0.103364E+03   0.101219E+03   0.983784E+01   0.205557E+00  -0.219317E+02
   0.103364E+03   0.102787E+03   0.988342E+01   0.205557E+00  -0.217246E+02
   0.103364E+03   0.101680E+03   0.974251E+01   0.205557E+00  -0.210710E+02
   0.103653E+03   0.102882E+03   0.964643E+01   0.946577E+00  -0.229423E+02
   0.104045E+03   0.102287E+03   0.989328E+01   0.781355E+00  -0.229410E+02
   0.103511E+03   0.102883E+03   0.936921E+01   0.572355E+00  -0.232933E+02
   0.104206E+03   0.103126E+03   0.962131E+01   0.211912E+01  -0.262538E+02
   0.103389E+03   0.102496E+03   0.978495E+01   0.494587E+00  -0.214822E+02
   0.104651E+03   0.102173E+03   0.953591E+01   0.155154E+01  -0.255261E+02
   0.103273E+03   0.102006E+03   0.978000E+01   0.604205E+00  -0.217502E+02
   0.103567E+03   0.101630E+03   0.977677E+01   0.446537E+00  -0.211616E+02
   0.104138E+03   0.103249E+03   0.908585E+01   0.881743E+00  -0.235151E+02
   0.102056E+03   0.103669E+03   0.909755E+01   0.473533E+00  -0.232279E+02
   0.104336E+03   0.102840E+03   0.918534E+01   0.133694E+01  -0.251022E+02
   0.104332E+03   0.103422E+03   0.949306E+01   0.716240E+00  -0.228027E+02
   0.103157E+03   0.103422E+03   0.956055E+01   0.179454E+01  -0.255330E+02
   0.102955E+03   0.103863E+03   0.993925E+01   0.821071E-01  -0.234903E+02
   0.103101E+03   0.102122E+03   0.953480E+01   0.149113E+01  -0.247656E+02
   0.101294E+03   0.103277E+03   0.906172E+01   0.127945E+01  -0.246329E+02
   0.103865E+03   0.103277E+03   0.906172E+01   0.140465E+01  -0.243966E+02
   0.104040E+03   0.104118E+03   0.934224E+01   0.115881E+01  -0.248367E+02
   0.103593E+03   0.103217E+03   0.978949E+01   0.632315E+00  -0.222506E+02
   0.105278E+03   0.103211E+03   0.944250E+01   0.986543E+00  -0.251018E+02
   0.103486E+03   0.102866E+03   0.906825E+01   0.915230E-01  -0.240575E+02
   0.103503E+03   0.103158E+03   0.987041E+01   0.489975E+00  -0.221823E+02
   0.103545E+03   0.102371E+03   0.975004E+01   0.144203E+00  -0.210288E+02
   0.103101E+03   0.103144E+03   0.949926E+01   0.270533E+00  -0.227743E+02
   0.103632E+03   0.103039E+03   0.948719E+01   0.494554E+00  -0.218053E+02
   0.103339E+03   0.102731E+03   0.987125E+01   0.722886E+00  -0.223833E+02
   0.103339E+03   0.102731E+03   0.932695E+01   0.175732E+00  -0.239634E+02
   0.103339E+03   0.103248E+03   0.990958E+01   0.435107E+00  -0.224445E+02
   0.103186E+03   0.101150E+03   0.980372E+01   0.216017E+00  -0.219353E+02
   0.104012E+03   0.100795E+03   0.973599E+01   0.830110E+00  -0.229095E+02
   0.104012E+03   0.102599E+03   0.974538E+01   0.358267E+00  -0.223553E+02
   0.104051E+03   0.100476E+03   0.980347E+01   0.106054E+00  -0.244846E+02
   0.103355E+03   0.101663E+03   0.978816E+01   0.323326E+00  -0.211970E+02
   0.103623E+03   0.101585E+03   0.983109E+01   0.248363E+00  -0.217698E+02
